name,host_id,borough,neighbourhood,latitude,longitude,room_type,price,minimum_nights
Lovely 2 bedroom w/ jacuzzi  tub. 5mins from JFK,445742022,Queens,Jamaica,40.67530000000000001136868377216160297393798828125,-73.795379999999994424797478131949901580810546875,Entire home/apt,137,1
Cozy Two Bedroom Basement,480980663,Bronx,Unionport,40.82506000000000057070792536251246929168701171875,-73.8510600000000039244696381501853466033935546875,Entire home/apt,130,1
Luxury 2 bedroom in the heart of Park Slope BK,42069602,Brooklyn,South Slope,40.66143000000000284899215330369770526885986328125,-73.985780000000005429683369584381580352783203125,Entire home/apt,202,1
Your Home Away From Home! 2 Relaxing Units,174792040,Manhattan,Midtown,40.75603000000000264435584540478885173797607421875,-73.983170000000001209627953357994556427001953125,Entire home/apt,1136,1
Designer GreenwichVillage 1BA Doorman Wash Sq Park,22129776,Manhattan,Greenwich Village,40.72789999999999821511664777062833309173583984375,-73.99569999999999936335370875895023345947265625,Entire home/apt,513,1
Sleeps 4* Whole Apartment *FREE Breakfast,481408294,Manhattan,Harlem,40.82390199999999680358087061904370784759521484375,-73.946027799999995977486832998692989349365234375,Entire home/apt,143,1
"Lovely 1 bedroom unit in NYC, MSQ, Hudson Yards.",16480700,Manhattan,Chelsea,40.750360000000000582076609134674072265625,-73.9954599999999942383510642684996128082275390625,Entire home/apt,195,1
Beautiful and cozy artist apartment in Brooklyn!,3593603,Brooklyn,Bushwick,40.68663000000000096179064712487161159515380859375,-73.905699999999995952748577110469341278076171875,Entire home/apt,199,1
Amazing loft close to everything,61831388,Brooklyn,Crown Heights,40.6700796254160223952567321248352527618408203125,-73.941917717456817626953125,Entire home/apt,169,1
Sweet 4 bedrooms home in Queens,7599988,Queens,Maspeth,40.724119999999999208739609457552433013916015625,-73.8979599999999976489561959169805049896240234375,Entire home/apt,119,1
2-Bedroom Loft with Full Bathroom in Queens,478853010,Queens,Jamaica,40.6703763000000009242285159416496753692626953125,-73.7693665999999979021595208905637264251708984375,Entire home/apt,200,1
Luxury Loft Near JFK-LGA Airport & NYC,159747439,Queens,Jamaica,40.70450000000000301270119962282478809356689453125,-73.8064399999999949386619846336543560028076171875,Entire home/apt,183,1
Lovely 3-bedroom rental unit with hot tub.,480736889,Queens,Laurelton,40.68290999999999968395059113390743732452392578125,-73.73219000000000278305378742516040802001953125,Entire home/apt,447,1
NYC Hidden Gem 12min to LGA and Citi Field,240306801,Bronx,Throgs Neck,40.8264300000000019963408703915774822235107421875,-73.827010000000001355147105641663074493408203125,Entire home/apt,123,1
Spacious Manhattan Commons with city view!,94684854,Manhattan,Harlem,40.810714999999987639967002905905246734619140625,-73.949793099999993728488334454596042633056640625,Entire home/apt,280,1
Chic & Cozy Lower Apartment,29344465,Brooklyn,East Flatbush,40.6454599999999999226929503493010997772216796875,-73.9428999999999945202944218181073665618896484375,Entire home/apt,100,1
"King Size Bed & Patio, 15 Mins from NYC Airports",439023889,Queens,Flushing,40.72664999999999935198502498678863048553466796875,-73.8049299999999988131094141863286495208740234375,Entire home/apt,236,1
Stylish Crown Heights Apt,475785151,Brooklyn,Crown Heights,40.6737600000000014688339433632791042327880859375,-73.93112999999999601641320623457431793212890625,Entire home/apt,136,1
Musicians Bungalow Apartment,1535300,Brooklyn,Bushwick,40.6864699999999999135980033315718173980712890625,-73.908690000000007103153620846569538116455078125,Entire home/apt,154,1
Hidden Gem Near Times Square!,334448475,Manhattan,Hell's Kitchen,40.7591699999999974579623085446655750274658203125,-73.994180000000000063664629124104976654052734375,Entire home/apt,658,1
NICE! 1 BR + 1 living room with sofa bed,348427562,Brooklyn,Williamsburg,40.709477687895997632949729450047016143798828125,-73.948249434918210454270592890679836273193359375,Entire home/apt,365,1
Lovely two bedroom apartment in a Bronx Townhouse,10580254,Bronx,Mount Hope,40.8472900000000009868017514236271381378173828125,-73.9054200000000065529093262739479541778564453125,Entire home/apt,160,1
Your Home Away From Home! Near Central Park,174792040,Manhattan,Theater District,40.7573399999999992360244505107402801513671875,-73.98403999999999314240994863212108612060546875,Entire home/apt,568,1
Comfort and Convenience! Pet-Friendly Property,174792040,Manhattan,Theater District,40.7575700000000011868905858136713504791259765625,-73.9832899999999966667019180022180080413818359375,Entire home/apt,568,1
"Prime Location! Pets Allowed, Near Times Square",174792040,Manhattan,Theater District,40.75704999999999955662133288569748401641845703125,-73.9835900000000066256689024157822132110595703125,Entire home/apt,568,1
Artist's Loft (Williamsburg) feat. by NYTimes,48708430,Brooklyn,Williamsburg,40.7080600000000032423486118204891681671142578125,-73.9675600000000059708327171392738819122314453125,Entire home/apt,1200,1
Lovely Soho Studio,23566374,Manhattan,SoHo,40.7251399167836183323743171058595180511474609375,-74.0001033913425345645009656436741352081298828125,Entire home/apt,319,1
The G Spot This Place is Amazing,442137835,Brooklyn,East New York,40.66143000000000284899215330369770526885986328125,-73.89461000000000012732925824820995330810546875,Entire home/apt,158,1
Artist’s Haven 2-BR Brooklyn Brownstone in PLG,2449215,Brooklyn,Prospect-Lefferts Gardens,40.65936289999999786459738970734179019927978515625,-73.959780999999992445737007074058055877685546875,Entire home/apt,280,1
Elegant  3 Bedroom in New York City,481994804,Manhattan,Chelsea,40.74568570000000278241714113391935825347900390625,-73.9911006999999898425812716595828533172607421875,Entire home/apt,509,1
Homey 3BR/1BA Apt in Kips Bay!,471970176,Manhattan,Kips Bay,40.74465000000000003410605131648480892181396484375,-73.9777500000000003410605131648480892181396484375,Entire home/apt,561,1
Cheerful 4 bedrooms home 20 min to Manhattan,413485013,Queens,Rego Park,40.7254999999999967030817060731351375579833984375,-73.8596500000000020236257114447653293609619140625,Entire home/apt,438,1
Contemporary Two bedroom apartment with rooftop.,25770205,Brooklyn,Bedford-Stuyvesant,40.68063000000000073441697168163955211639404296875,-73.90955999999999903593561612069606781005859375,Entire home/apt,125,1
The Ritz Plaza One BD Apt,482318049,Manhattan,Hell's Kitchen,40.76127000000000322188498103059828281402587890625,-73.9873199999999968667907523922622203826904296875,Entire home/apt,168,1
Cozy 2-bedroom unit in very Quiet area of Queens,145249464,Queens,St. Albans,40.69763999999999981582732289098203182220458984375,-73.7737800000000021327650756575167179107666015625,Entire home/apt,140,1
Lovely 3 bedroom duplex in a quiet neighborhood,44695225,Queens,Queens Village,40.703000000000002955857780762016773223876953125,-73.7478799999999949932316667400300502777099609375,Entire home/apt,164,1
"Adorable 1 bedroom, private entrance.",398867059,Queens,Ditmars Steinway,40.769456754640572171410894952714443206787109375,-73.8961686193943023681640625,Entire home/apt,85,1
House with Large Backyard,70410029,Brooklyn,East New York,40.6743258999999994784957380034029483795166015625,-73.8924064999999927749740891158580780029296875,Entire home/apt,3000,1
Lovely 2-bedroom rental unit in New York City,104403379,Manhattan,Harlem,40.82547000000000281261236523278057575225830078125,-73.9507799999999946294337860308587551116943359375,Entire home/apt,275,1
St. Regis Residence Club - 2 BR Suite. 5th Ave NYC,482204791,Manhattan,Midtown,40.7608877424128621669296990148723125457763671875,-73.9730467730163354644901119172573089599609375,Entire home/apt,1964,1
Sexiest Condo in NYC!,107507766,Queens,Astoria,40.77513185652480132148411939851939678192138671875,-73.929224498569965362548828125,Entire home/apt,300,1
(B) NEW Basement studio near JFK/LGA/UBS!,41922913,Queens,Queens Village,40.7170899999999988949639373458921909332275390625,-73.7516399999999947567630442790687084197998046875,Entire home/apt,91,1
Host your party or Event Space w/ full Kitchen,480379890,Bronx,Wakefield,40.9000800000000026557245291769504547119140625,-73.8569700000000040063241613097488880157470703125,Entire home/apt,300,1
lower level suite,459783558,Bronx,Morris Park,40.8446688851760342231500544585287570953369140625,-73.8527138229494113375039887614548206329345703125,Entire home/apt,83,1
Loft in a old horse stable,17601262,Brooklyn,Williamsburg,40.71282999999999674400896765291690826416015625,-73.9346100000000063801053329370915889739990234375,Entire home/apt,150,1
Gorgeous ! Amazing! Rasta palace ….,4941291,Brooklyn,Bedford-Stuyvesant,40.6804300000000012005330063402652740478515625,-73.9571499999999986130205797962844371795654296875,Entire home/apt,400,1
"East Village 1 Bedroom, 3rd story walk-up, quiet",29144304,Manhattan,East Village,40.73033000000000214413375942967832088470458984375,-73.983159999999998035491444170475006103515625,Entire home/apt,200,1
Whole place in Bushwick,28015622,Brooklyn,Bushwick,40.68272999999999939291228656657040119171142578125,-73.90922000000000480213202536106109619140625,Entire home/apt,123,1
3000 sqft Bright Photostudio Flatiron,465579714,Manhattan,Flatiron District,40.7407299999999992223820299841463565826416015625,-73.9921800000000047248249757103621959686279296875,Entire home/apt,1950,1
Beautiful 2 bedroom home - Bronx,405671301,Bronx,Castle Hill,40.8166599999999988312993082217872142791748046875,-73.8507000000000033423930290155112743377685546875,Entire home/apt,136,1
Comfy 1 bedroom apartment,251217819,Brooklyn,East Flatbush,40.65767000000000308546077576465904712677001953125,-73.9170500000000032514435588382184505462646484375,Entire home/apt,120,1
The Cozy Place,384638084,Queens,South Ozone Park,40.67965000000000230784280574880540370941162109375,-73.8043899999999979399945004843175411224365234375,Entire home/apt,90,1
Park Slope 2-bedroom,490942622,Brooklyn,Gowanus,40.6660676999999992631273926235735416412353515625,-73.9927909000000028072463464923202991485595703125,Entire home/apt,153,1
Home Away From Home,380862126,Brooklyn,Bergen Beach,40.623187999999998964995029382407665252685546875,-73.9166469999999975470927893184125423431396484375,Entire home/apt,150,1
Rest your mind & Feel at Home Entire place,490267039,Brooklyn,Cypress Hills,40.68069939999998752000465174205601215362548828125,-73.890775800000000117506715469062328338623046875,Entire home/apt,133,1
Cloud Suite NYC,4399322,Manhattan,Financial District,40.711309999999997444319888018071651458740234375,-74.00700000000000500222085975110530853271484375,Entire home/apt,471,1
Spacious 1BR Apartment w Parking,30805991,Brooklyn,Bushwick,40.6907700000000005502442945726215839385986328125,-73.9044999999999987494447850622236728668212890625,Entire home/apt,163,1
"A look at the Bronx, cozy",167598053,Bronx,Fordham,40.866230000000001609805622138082981109619140625,-73.888810000000006539266905747354030609130859375,Entire home/apt,160,1
Queen Studio in Times Square!,419867541,Manhattan,Chelsea,40.75061000000000177578840521164238452911376953125,-73.9945100000000053341864258982241153717041015625,Entire home/apt,150,1
Insta-Worthy Glamorous Condo,334448475,Manhattan,Hell's Kitchen,40.759759999999999990905052982270717620849609375,-73.997780000000005884430720470845699310302734375,Entire home/apt,645,1
A+ Location! 3BR Central Park!,451769991,Manhattan,Upper East Side,40.7644599999999996953192749060690402984619140625,-73.96854999999999336068867705762386322021484375,Entire home/apt,486,1
Modern & Gorgeous 3BD + Spacious | Ferry | NYC,39553567,Staten Island,Mariners Harbor,40.62771237009003044704513740725815296173095703125,-74.1479203580359040870462195016443729400634765625,Entire home/apt,215,1
Great apartment in Harlem,10933956,Manhattan,Harlem,40.80984000000000122554411063902080059051513671875,-73.9449299999999993815436027944087982177734375,Entire home/apt,125,1
"Spacious Boutique Studio Apt, 24/7 Onsite team",176950173,Manhattan,Midtown,40.7632100000000008321876521222293376922607421875,-73.97629000000000587533577345311641693115234375,Entire home/apt,468,1
"naturally bright, cozy studio!",484932854,Manhattan,Greenwich Village,40.73096000000000316276782541535794734954833984375,-74.0009500000000031150193535722792148590087890625,Entire home/apt,330,1
"[Big Unit] 1Bd, Kitchen&Bathroom",455342215,Queens,Ozone Park,40.68632000000000203954186872579157352447509765625,-73.8476299999999952206053421832621097564697265625,Entire home/apt,80,1
Convenient 2 Bedroom Apartment by Public Transits,434697141,Queens,Flushing,40.76624000000000336285665980540215969085693359375,-73.8167799999999942883732728660106658935546875,Entire home/apt,108,1
Cozy Colorful Loft Apartment,395145358,Queens,St. Albans,40.69097000000000008412825991399586200714111328125,-73.773899999999997589839040301740169525146484375,Entire home/apt,150,1
Stunning Emerald 2 BR - Elevator,484779743,Manhattan,Upper West Side,40.77667999999999892679625190794467926025390625,-73.979749999999995679900166578590869903564453125,Entire home/apt,328,1
Washington Heights,86098266,Manhattan,Washington Heights,40.839889999999996916812960989773273468017578125,-73.937860000000000582076609134674072265625,Entire home/apt,106,1
Quiet 4 Fl Apt Views On 3 Sides,458554331,Queens,Richmond Hill,40.69606900000000138106770464219152927398681640625,-73.845444200000002865635906346142292022705078125,Entire home/apt,120,1
Guests are cordially invited,490544246,Queens,Ozone Park,40.6804300981351616428582929074764251708984375,-73.86185179272803225103416480123996734619140625,Entire home/apt,93,1
Brooklyn Penthouse and Urban Oasis,33681,Brooklyn,Bedford-Stuyvesant,40.67855663095989626754089840687811374664306640625,-73.9408190796774533737334422767162322998046875,Entire home/apt,264,1
Charming 2 bedrooms Entire/Apt in Brooklyn,189028939,Brooklyn,Bensonhurst,40.6148400000000009413270163349807262420654296875,-74.0044999999999930651028989814221858978271484375,Entire home/apt,125,1
Industrial Style High Ceiling Loft with Parking,23510890,Bronx,Port Morris,40.80863098808674038764365832321345806121826171875,-73.9299095619351049890610738657414913177490234375,Entire home/apt,245,1
The Retreat - Simplistic Home BK,392217081,Brooklyn,Canarsie,40.63369999999999748752088635228574275970458984375,-73.9128400000000027603164198808372020721435546875,Entire home/apt,79,1
Wilson Terrace Apartment 1FL,490358470,Staten Island,Todt Hill,40.6047903999999988400304573588073253631591796875,-74.0933232999999944468072499148547649383544921875,Entire home/apt,79,1
Stylish Kitchen. Event Space(pricing varies),344055542,Brooklyn,Williamsburg,40.71161000000000029785951483063399791717529296875,-73.934259999999994761310517787933349609375,Entire home/apt,600,1
Lovely 3-bdrm apartment with parking on premises,389589118,Queens,Ozone Park,40.68035966699113004096943768672645092010498046875,-73.8456931838525321154520497657358646392822265625,Entire home/apt,200,1
Brand New Private Studio,338850187,Bronx,Schuylerville,40.83756000000000341287886840291321277618408203125,-73.8352399999999988722265698015689849853515625,Entire home/apt,84,1
Dream night 2 bedroom condo,481248312,Brooklyn,East Flatbush,40.6591700000000031423041946254670619964599609375,-73.927040000000005193214747123420238494873046875,Entire home/apt,160,1
Spacious 5BR/2BA in Prime Midtown! Best Location!,391891939,Manhattan,Hell's Kitchen,40.76124999999999687361196265555918216705322265625,-73.9925300000000021327650756575167179107666015625,Entire home/apt,400,1
3 bedroom apartment in Brooklyn,455683614,Brooklyn,Bedford-Stuyvesant,40.67942000000000035697667044587433338165283203125,-73.943659999999994170138961635529994964599609375,Entire home/apt,300,1
Studio apartment perfect for family and friends,481029866,Bronx,Norwood,40.88206316376288640412894892506301403045654296875,-73.88372249901294708251953125,Entire home/apt,143,1
2 bed 1 bath with Washer/dryer in unit,37459618,Manhattan,East Village,40.72930370000000266372808255255222320556640625,-73.981446599999998170460457913577556610107421875,Entire home/apt,339,1
Newly Renovated Clean 1 Bedroom Apt - free parking,399569723,Bronx,Eastchester,40.87803999999999859937815926969051361083984375,-73.8392500000000069348971010185778141021728515625,Entire home/apt,150,1
"The Crown Heights BK Palace, 3rd floor",439378297,Brooklyn,Bedford-Stuyvesant,40.6775200000000012323653209023177623748779296875,-73.924890000000004874891601502895355224609375,Entire home/apt,170,1
Spacious 1 Bedroom in West Chelsea,29859280,Manhattan,Chelsea,40.74678000000000110958353616297245025634765625,-74.0028199999999998226485331542789936065673828125,Entire home/apt,390,1
Queens Haunted House w/ Escape Room Themes-JFK/UBS,486718434,Queens,Queens Village,40.709584799999987581031746231019496917724609375,-73.746119300000003704553819261491298675537109375,Entire home/apt,179,1
Cozy 2 Bedroom apartment in a Brownstone House,446908191,Brooklyn,Cypress Hills,40.6873671000000030062437872402369976043701171875,-73.87214829999999210485839284956455230712890625,Entire home/apt,125,1
Charming Spacious 1 bedroom apt,276933704,Manhattan,Hell's Kitchen,40.76498380699231205426258384250104427337646484375,-73.987798579037189483642578125,Entire home/apt,314,1
Gramercy style meets modern,32368779,Brooklyn,Bedford-Stuyvesant,40.6822229859682096275719231925904750823974609375,-73.918653155012094657649868167936801910400390625,Entire home/apt,134,1
Penthouse Pleasure’s,490663172,Manhattan,Harlem,40.81617044324864451709800050593912601470947265625,-73.954365557386125828998046927154064178466796875,Entire home/apt,400,1
The Grand Hall | Host Your Private Event,47633041,Queens,St. Albans,40.69080999999999903593561612069606781005859375,-73.763900000000006684786058031022548675537109375,Entire home/apt,1643,1
Luxury 1 Bedroom Apartment,276365271,Brooklyn,Canarsie,40.641109999999997626218828372657299041748046875,-73.8852700000000055524651543237268924713134765625,Entire home/apt,250,1
3BR Brooklyn APT-Few StepsTrainStation.15MinJFK,138831526,Brooklyn,Cypress Hills,40.679519999999996571204974316060543060302734375,-73.8838899999999938472683425061404705047607421875,Entire home/apt,150,1
3 Bedroom Central Park West,490856120,Manhattan,Upper West Side,40.7994561000000004469256964512169361114501953125,-73.959726899999992610901244916021823883056640625,Entire home/apt,218,1
Stunning NYC Views Luxury Apt,16444337,Brooklyn,Williamsburg,40.71931000000000011596057447604835033416748046875,-73.96300999999999703504727222025394439697265625,Entire home/apt,599,1
Dream Yacht on the Hudson River,36063879,Manhattan,Inwood,40.8678400000000010550138540565967559814453125,-73.9314700000000044610715121962130069732666015625,Entire home/apt,349,1
Perfect location Heart of Times Square Apartment !,473152486,Manhattan,Hell's Kitchen,40.7625900000000029876900953240692615509033203125,-73.9895499999999941564965411089360713958740234375,Entire home/apt,279,1
Studio Accessible Apt w/Kitchen,176950173,Manhattan,Midtown,40.764690000000001646185410209000110626220703125,-73.9744699999999966166797094047069549560546875,Entire home/apt,402,1
Lovely 3 bed/1 bath Bushwick Oasis,65611806,Brooklyn,Bushwick,40.69738000000000255340637522749602794647216796875,-73.9148200000000059617377701215445995330810546875,Entire home/apt,306,1
"3 blocks from Central Park, near Broadway",481639634,Manhattan,Hell's Kitchen,40.7667799999999971305442159064114093780517578125,-73.983440000000001646185410209000110626220703125,Entire home/apt,133,1
NYC Brownstone's Entire Garden Floor Guest Suite,197826997,Manhattan,East Harlem,40.80716000000000320824256050400435924530029296875,-73.9415999999999939973349682986736297607421875,Entire home/apt,170,1
Lovely 1 bedroom with outdoor patio and fireplace.,480790832,Manhattan,Chelsea,40.74882000000000203954186872579157352447509765625,-74.0032599999999973761077853851020336151123046875,Entire home/apt,446,1
Cozy 1-bedroom suite in private house,129396046,Brooklyn,East New York,40.66714999999999946567186270840466022491455078125,-73.88862000000000307409209199249744415283203125,Entire home/apt,110,1
The cozy hideaway NEST!,480770456,Brooklyn,East New York,40.6724200000000024601831682957708835601806640625,-73.8759299999999967667463351972401142120361328125,Entire home/apt,105,1
Lovely one bedroom rental in Brooklyn/ extra beds.,480702161,Brooklyn,Prospect-Lefferts Gardens,40.65465999999999979763742885552346706390380859375,-73.9616400000000027148416847921907901763916015625,Entire home/apt,167,1
2br Home-30min to JFK+Full Kitchen- Fast Wi-fi,333057838,Brooklyn,East Flatbush,40.63347999999999871079126023687422275543212890625,-73.9233300000000070895112003199756145477294921875,Entire home/apt,168,1
Gorgeous Triplex w/ Roof Deck - Luxury 5 Star Stay,148272313,Manhattan,Kips Bay,40.74560999999999921783455647528171539306640625,-73.978309999999993351593730039894580841064453125,Entire home/apt,1265,1
Great One Bedroom Apartment Next Empire State #4,177174475,Manhattan,Midtown,40.748390000000000554791768081486225128173828125,-73.986570000000000391082721762359142303466796875,Entire home/apt,131,1
lovely 1-bedroom unit in the bronx near subway,480027395,Bronx,Bronxdale,40.85681000000000295813151751644909381866455078125,-73.8643900000000002137312549166381359100341796875,Entire home/apt,150,1
Cozy Loft in heart of Brooklyn,480252588,Brooklyn,Flatbush,40.650430000000000063664629124104976654052734375,-73.9585000000000007958078640513122081756591796875,Entire home/apt,224,1
Apartment in Clinton Hill,424741639,Brooklyn,Clinton Hill,40.6866399999999970304997987113893032073974609375,-73.9632399999999989859134075231850147247314453125,Entire home/apt,120,1
Modern two bedroom apartment with rooftop.,480385047,Brooklyn,Bedford-Stuyvesant,40.68003359072428537501764367334544658660888671875,-73.90866438465576493399566970765590667724609375,Entire home/apt,119,1
Cheerful 3 Bedrooms 20 min to Manhattan,413485013,Queens,Rego Park,40.72887999999999664169081370346248149871826171875,-73.8595499999999987039700499735772609710693359375,Entire home/apt,388,1
Cheerful 3 Bedrooms next to all in Rego Park,413485013,Queens,Rego Park,40.73082000000000135742084239609539508819580078125,-73.8585800000000034515323932282626628875732421875,Entire home/apt,388,1
Beautiful studio in upper Manhattan,29651137,Manhattan,East Harlem,40.79301000000000243517206399701535701751708984375,-73.9411300000000011323209037072956562042236328125,Entire home/apt,119,1
Elegant Triplex and Outdoor Oasis,465579714,Brooklyn,Prospect Heights,40.67645999999999872898115427233278751373291015625,-73.969930000000005065885488875210285186767578125,Entire home/apt,4100,1
Lovely 2-bedroom Near Hell's Kitchen/Midtown West,472025501,Manhattan,Hell's Kitchen,40.76084999999999780584403197281062602996826171875,-73.98980000000000245563569478690624237060546875,Entire home/apt,400,1
"1 Bedroom Oasis & Backyard, Mins from NYC Airports",439023889,Queens,Flushing,40.72827000000000197132976609282195568084716796875,-73.802400000000005775291356258094310760498046875,Entire home/apt,117,1
Upper East Side Cozy One Bedroom Apartment,34400734,Manhattan,Upper East Side,40.7746599999999972396835801191627979278564453125,-73.9532999999999987039700499735772609710693359375,Entire home/apt,175,1
Brooklyn Event space for small gathering,160940380,Brooklyn,Brownsville,40.65778000000000247382558882236480712890625,-73.91244000000000369254848919808864593505859375,Entire home/apt,600,1
Low cost mini studio near metro and JFK airport,70959022,Brooklyn,East New York,40.66790999999999911551640252582728862762451171875,-73.88429999999999608917278237640857696533203125,Entire home/apt,82,1
Brooklyn Condo,474013173,Brooklyn,Bedford-Stuyvesant,40.67762789999999739620761829428374767303466796875,-73.9093900999999959822162054479122161865234375,Entire home/apt,210,1
Unique 2 bedroom Apt near escape 3 mins from JFK,144688687,Queens,Springfield Gardens,40.66725999999999885403667576611042022705078125,-73.761089999999995825419318862259387969970703125,Entire home/apt,180,1
Chelsea-Midtown Manhattan 2 Bedroom Luxury Living,307197943,Manhattan,Midtown,40.7478100000000011959855328314006328582763671875,-73.988910000000004174580681137740612030029296875,Entire home/apt,766,1
Lovely 1 Bedroom Loft Apt in Greenwich Village!,4446593,Manhattan,East Village,40.73201999999999856072463444434106349945068359375,-73.9908400000000057161742006428539752960205078125,Entire home/apt,282,1
Fantastic 3Bedroom 2Bath with Balcony,284563606,Manhattan,Murray Hill,40.7453900000000004411049303598701953887939453125,-73.9739699999999942292561172507703304290771484375,Entire home/apt,513,1
Unique Antique 3Bedrooms Home-Near LGA-2nd floor,182980197,Queens,East Elmhurst,40.7565000000000026147972675971686840057373046875,-73.896150000000005775291356258094310760498046875,Entire home/apt,365,1
Beautifully decorated in the Essex House!,36793116,Manhattan,Midtown,40.765050000000002228262019343674182891845703125,-73.9791599999999931469574221409857273101806640625,Entire home/apt,330,1
Beautiful 1 bedroom unit,486830876,Brooklyn,Flatlands,40.61680760065842576977956923656165599822998046875,-73.9221655352514375181272043846547603607177734375,Entire home/apt,125,1
Spacious 1 Bedroom near Kings Theater,36636596,Brooklyn,Flatbush,40.648470000000003210516297258436679840087890625,-73.961510000000004083631210960447788238525390625,Entire home/apt,161,1
Cozy NYC modern apartment,173274299,Brooklyn,Prospect-Lefferts Gardens,40.66100999999999743295120424591004848480224609375,-73.942239999999998190105543471872806549072265625,Entire home/apt,350,1
Vintage Leisures— Heart of Brooklyn Home,66961568,Brooklyn,East Flatbush,40.6359800000000035424818634055554866790771484375,-73.94986000000000103682396002113819122314453125,Entire home/apt,166,1
"Beautiful 1-bedroom Apt In Brooklyn, NYC",90255286,Brooklyn,Crown Heights,40.67696000000000111640474642626941204071044921875,-73.942419999999998481143848039209842681884765625,Entire home/apt,184,1
Comfortable Artsy studio - Garden level,479833121,Brooklyn,Prospect-Lefferts Gardens,40.657107400000001007356331683695316314697265625,-73.9594135999999906516677583567798137664794921875,Entire home/apt,170,1
Lovely King Bed Apartment In Downtown Flushing,212164658,Queens,Flushing,40.7578299999999984493115334771573543548583984375,-73.8250900000000029876900953240692615509033203125,Entire home/apt,120,1
Private 2-room apartment. King-size bed + Sofa bed,478586325,Staten Island,Port Richmond,40.6296200000000027330315788276493549346923828125,-74.1417699999999939564077067188918590545654296875,Entire home/apt,129,1
New Apartment in Queens near UBS arena JFK and LGA,476462867,Queens,Hollis,40.7127100000000012869350030086934566497802734375,-73.7543699999999944338924251496791839599609375,Entire home/apt,128,1
Lovely & bright 2-bedroom rental unit in Queens,361317957,Queens,Bay Terrace,40.7840599999999966485120239667594432830810546875,-73.7773600000000016052581486292183399200439453125,Entire home/apt,189,1
Sale Zero Chores-$0 Pet & $0 Cleaning Fee-JFK30min,333057838,Brooklyn,Flatlands,40.63242629999999877554728300310671329498291015625,-73.9228250999999971782017382793128490447998046875,Entire home/apt,342,1
Gathering spot,42814202,Queens,Fresh Meadows,40.74116000000000070713213062845170497894287109375,-73.7872399999999970532371662557125091552734375,Entire home/apt,175,1
Chelsea Lovely Romantic Studio For Couples #6,343450886,Manhattan,Midtown,40.74828999999999723513610661029815673828125,-73.9882400000000046702552936039865016937255859375,Entire home/apt,96,1
Lennox Hill/Near E River! Beautiful 2BR-Apt!,472195874,Manhattan,Upper East Side,40.760390000000001009539118967950344085693359375,-73.9627600000000029467628337442874908447265625,Entire home/apt,275,1
Duplex Large Condo in Manhattan  By Central Park,134799240,Manhattan,Midtown,40.7651690000000002100932761095464229583740234375,-73.9776998999999904071955825202167034149169921875,Entire home/apt,1064,1
2 bedroom 3 beds 1 super huge comfortable beanbag,276704855,Brooklyn,Williamsburg,40.71847000000000349473339156247675418853759765625,-73.9491100000000045611159293912351131439208984375,Entire home/apt,250,1
Snazzy full Apt. in Trendy Carrol Gardens BK-NYC,406163945,Brooklyn,Carroll Gardens,40.684179999999997789927874691784381866455078125,-74.0004899999999992132870829664170742034912109375,Entire home/apt,198,1
Lovely 2 bedroom apartment with patio,478954712,Brooklyn,East New York,40.65912999999999755118551547639071941375732421875,-73.8935000000000030695446184836328029632568359375,Entire home/apt,100,1
Cozy 1-bedroom rental unit in Queens,473870007,Queens,Bayswater,40.60376000000000118461684905923902988433837890625,-73.7593499999999977490006131120026111602783203125,Entire home/apt,99,1
Apartment in Williamsburg,149435862,Brooklyn,Williamsburg,40.716042201962039825957617722451686859130859375,-73.961215876042842864990234375,Entire home/apt,286,1
Luxury 3BR Apartment 10 mins from JFK/LIRR to City,354035081,Queens,St. Albans,40.6927400000000005775291356258094310760498046875,-73.7645299999999934925654088146984577178955078125,Entire home/apt,199,1
"Rustic Loft in the heart of Chelsea, Manhattan",437884992,Manhattan,Chelsea,40.75128000000000128011379274539649486541748046875,-74.0025600000000025602275854907929897308349609375,Entire home/apt,1224,1
"Prime UWS Location - Fast Wi-Fi, Large Living Room",374576747,Manhattan,Upper West Side,40.78009999999999735109668108634650707244873046875,-73.98011999999999943611328490078449249267578125,Entire home/apt,539,1
Live like a New Yorker in a Townhouse,418612428,Manhattan,Upper West Side,40.78549000000000290810930891893804073333740234375,-73.97404000000000223735696636140346527099609375,Entire home/apt,650,1
Modern 2 Bedroom - Close to JFK and UBS Arena,375394646,Queens,Rosedale,40.668689999999998008206603117287158966064453125,-73.7379399999999947112883091904222965240478515625,Entire home/apt,200,1
Tiny house with a Caribbean Garden vibe in NYC,200950980,Queens,Arverne,40.594999999999998863131622783839702606201171875,-73.793080000000003337845555506646633148193359375,Entire home/apt,201,1
A place for rest and comfort,478717835,Staten Island,Mariners Harbor,40.63465000000000060254023992456495761871337890625,-74.1677700000000044155967771075665950775146484375,Entire home/apt,200,1
Cozy 1st Floor Gramercy Apt,151017370,Manhattan,Gramercy,40.73378847158746651757610379718244075775146484375,-73.9820356731093369262453052215278148651123046875,Entire home/apt,129,1
"2000sqft Babyshowers,book signing Paint/sip Party",392591606,Brooklyn,Crown Heights,40.67987000000000108457243186421692371368408203125,-73.9638900000000063528204918839037418365478515625,Entire home/apt,1502,1
Artistic Private Parkside Retreat with Kitchenette,304199796,Queens,Whitestone,40.77853999999999956571627990342676639556884765625,-73.8053599999999931924321572296321392059326171875,Entire home/apt,300,1
Private Artisan Parkside Retreat Near Bay Bikepath,304199796,Queens,Whitestone,40.77779000000000309000824927352368831634521484375,-73.805260000000004083631210960447788238525390625,Entire home/apt,150,1
Entire Luxury Lower East Side Studio 4,197515217,Manhattan,Lower East Side,40.7204100000000011050360626541078090667724609375,-73.9907199999999960482455207966268062591552734375,Entire home/apt,203,1
Open White Loft with Chef Kitchen,465579714,Brooklyn,Greenpoint,40.72301999999999821966412127949297428131103515625,-73.9528700000000043246473069302737712860107421875,Entire home/apt,1850,1
Cozy & Spacious 3Bedroom/2baths,297430185,Bronx,Mott Haven,40.80977415972753163941888487897813320159912109375,-73.9193171741654992956682690419256687164306640625,Entire home/apt,258,1
Balcony 2 Beds 1 Bath 15 Minutes to Times Square,482505101,Queens,Woodside,40.743909999999999627107172273099422454833984375,-73.9114900000000005775291356258094310760498046875,Entire home/apt,318,1
Balcony 3 Bed 2 Bath 15 Mins to Times Square,482505101,Queens,Woodside,40.74452999999999747160472907125949859619140625,-73.9101399999999983947418513707816600799560546875,Entire home/apt,544,1
"Cozy, comfortable 1 bedroom near NYC airports +",482101892,Queens,South Ozone Park,40.67167740000000009104041964747011661529541015625,-73.804755099999994172321748919785022735595703125,Entire home/apt,121,1
Custom-Designed Conference Loft Brooklyn,465579714,Brooklyn,Williamsburg,40.70922999999999802867023390717804431915283203125,-73.926230000000003883542376570403575897216796875,Entire home/apt,3600,1
Luxury Studio Walk to TimeSquare and Broadway,474852151,Manhattan,Theater District,40.76019999999999754436430521309375762939453125,-73.9854600000000033332980819977819919586181640625,Entire home/apt,199,1
Studio apartment in prime fort Greene Brooklyn …,398614581,Brooklyn,Fort Greene,40.68735009622030673881454276852309703826904296875,-73.97510670125484466552734375,Entire home/apt,119,1
Lovely 2 Bedroom Duplex,86309043,Brooklyn,Bergen Beach,40.62378629999999901656337897293269634246826171875,-73.907534099999992349694366566836833953857421875,Entire home/apt,250,1
Crown Heights Chic | 3BR Home | Steps to Subway,475785151,Brooklyn,Crown Heights,40.6735800000000011777956387959420680999755859375,-73.9307000000000016370904631912708282470703125,Entire home/apt,202,1
Lovely studio Apt with extra bed,196448309,Manhattan,Upper East Side,40.77096999999999837882569408975541591644287109375,-73.9607299999999980855136527679860591888427734375,Entire home/apt,200,1
"Cozy house, minute walk to the Beach",481810723,Staten Island,Midland Beach,40.57286400000000270438249572180211544036865234375,-74.09111500000000205545802600681781768798828125,Entire home/apt,213,1
Cozy apt. 30 mins to midtown /free parking,479405522,Queens,Jamaica,40.696539999999998826751834712922573089599609375,-73.8084199999999981400833348743617534637451171875,Entire home/apt,162,1
Private studio! 2min away from train & 8 from LGA,471344658,Queens,Corona,40.74613000000000084810380940325558185577392578125,-73.8665600000000068803274189122021198272705078125,Entire home/apt,96,1
Apartamento espacioso de 3 dormitorios,479109924,Queens,Far Rockaway,40.59613999999999833789843250997364521026611328125,-73.7605099999999964666130836121737957000732421875,Entire home/apt,172,1
Chic Studio Apartment in the Heart of Queens,479120264,Queens,Ozone Park,40.68245999999999895635482971556484699249267578125,-73.8481199999999944338924251496791839599609375,Entire home/apt,90,1
Beautiful and comfortable 1 bedroom in Queens,261879033,Queens,Queens Village,40.7100999999999970668795867823064327239990234375,-73.730199999999996407495927996933460235595703125,Entire home/apt,110,1
Upper East Side entire 1-BR apt nr resto & subway,478702177,Manhattan,Upper East Side,40.77197000000000315367287839762866497039794921875,-73.955430000000006884874892421066761016845703125,Entire home/apt,195,1
Private home,445893943,Brooklyn,Cypress Hills,40.6801200000000022782842279411852359771728515625,-73.8940999999999945657691569067537784576416015625,Entire home/apt,1000,1
Brownstone Townhome - Beautifully Renovated Brownstone on Historic Street with Outdoor Space,378112960,Manhattan,Harlem,40.81761999999999801502781338058412075042724609375,-73.9429499999999961801222525537014007568359375,Entire home/apt,233,1
Cozy Cambria Studio,72668918,Queens,Cambria Heights,40.6995859999999964884409564547240734100341796875,-73.7330539999999956535248202271759510040283203125,Entire home/apt,90,1
"1 bedroom home w/ parking, near airport &  transit",237340817,Brooklyn,East Flatbush,40.64846579999999676147126592695713043212890625,-73.9174967999999950052369968034327030181884765625,Entire home/apt,162,1
Lovely 1-bedroom rental unit in Brooklyn,478448449,Brooklyn,East Flatbush,40.66279999999999716919774073176085948944091796875,-73.939650000000000318323145620524883270263671875,Entire home/apt,179,1
Minimalist Home: Entire 1bedroom Apt in Harlem,455475296,Manhattan,East Harlem,40.80046999999999712827047915197908878326416015625,-73.9368099999999941474015940912067890167236328125,Entire home/apt,150,1
No cleaning fee! King Bed W/ Parking in 2nd Fl apt,176710208,Queens,Jamaica,40.69377999999999673264028388075530529022216796875,-73.78654000000000223735696636140346527099609375,Entire home/apt,284,1
Renovated whole 2BR floor in Jackson Heights,19303369,Queens,Jackson Heights,40.7488000000000027966962079517543315887451171875,-73.8940400000000039426595321856439113616943359375,Entire home/apt,139,1
SoHo Sunset View Family Suite in Hotel Comfort,470859718,Manhattan,SoHo,40.71949000000000040699887904338538646697998046875,-74.0010500000000064346750150434672832489013671875,Entire home/apt,259,1
"Apartment in New York 
Charmy and Quiet Studio",95152904,Queens,Sunnyside,40.74380000000000023874235921539366245269775390625,-73.9158000000000043883119360543787479400634765625,Entire home/apt,120,1
Cozy 1 bed near Little Italy/Nolita/Soho/Chinatown,392740323,Manhattan,Nolita,40.72091999999999956116880639456212520599365234375,-73.99576999999999316059984266757965087890625,Entire home/apt,201,1
Budget nice Modern studio nearJFK airport,153340219,Brooklyn,East New York,40.67450000000000187583282240666449069976806640625,-73.8854900000000043291947804391384124755859375,Entire home/apt,102,1
Modern apartment on quiet family oriented street,479558506,Brooklyn,Flatlands,40.62803000000000253066900768317282199859619140625,-73.9321400000000039653968997299671173095703125,Entire home/apt,120,1
NEW Luxury apt with a 1 million $ manhattan view,466380076,Manhattan,Financial District,40.7109200000000015506884665228426456451416015625,-74.00974999999999681676854379475116729736328125,Entire home/apt,687,1
Artistic 2BR Unit in NYC! Comfy and Lovely!,385702301,Manhattan,Chelsea,40.7483500000000020691004465334117412567138671875,-73.994879999999994879544829018414020538330078125,Entire home/apt,159,1
Cute and quirky studio in Bushwick,177599555,Brooklyn,Bedford-Stuyvesant,40.6956500000000005456968210637569427490234375,-73.933099999999996043698047287762165069580078125,Entire home/apt,115,1
Sleeps 5 * Full NYC Apartment * FREE Snacks,27325352,Manhattan,Harlem,40.82486000000000103682396002113819122314453125,-73.9455600000000004001776687800884246826171875,Entire home/apt,164,1
Maritime Beach family house !,426394465,Bronx,Throgs Neck,40.80902999999999991587174008600413799285888671875,-73.80338000000000420186552219092845916748046875,Entire home/apt,114,1
10 mins from JFK Queen size bed Studio Apartment,357068895,Queens,Rosedale,40.680779999999998608473106287419795989990234375,-73.72629000000000587533577345311641693115234375,Entire home/apt,178,1
"Coziest most secluded beach house 
Private space",100277101,Queens,Far Rockaway,40.59732999999999947249307297170162200927734375,-73.7482499999999987494447850622236728668212890625,Entire home/apt,449,1
Beautiful modern 3 bedroom private house,479952821,Queens,Forest Hills,40.73011994501184318551167962141335010528564453125,-73.8461483372879712305802968330681324005126953125,Entire home/apt,550,1
Cozy 1-Bedroom in the heart of Manhattan,432158812,Manhattan,Upper West Side,40.77143000000000228055796469561755657196044921875,-73.9859100000000040608938434161245822906494140625,Entire home/apt,375,1
"Spacious Studio w/Kitchenette, 24/7 Onsite Team",176950173,Manhattan,Midtown,40.7655299999999982674125931225717067718505859375,-73.9759700000000037789504858665168285369873046875,Entire home/apt,402,1
Cozy home away from home,379426733,Queens,Jamaica,40.67367999999999739202394266612827777862548828125,-73.776510000000001809894456528127193450927734375,Entire home/apt,200,1
Cheap In New York City near Theaters,480379890,Bronx,Wakefield,40.89802999999999855162968742661178112030029296875,-73.85638000000000147338141687214374542236328125,Entire home/apt,84,1
Stylish & Central 4BR Apt | Walk to Subway | Patio,487846236,Brooklyn,Brownsville,40.66816000000000030922819860279560089111328125,-73.92558999999999969077180139720439910888671875,Entire home/apt,246,1
Upper E Side Spacious Studio!,451571061,Manhattan,Upper East Side,40.78152000000000043655745685100555419921875,-73.9534799999999989950083545409142971038818359375,Entire home/apt,325,1
Ocean Hill Oasis w/ backyard,56205792,Brooklyn,Bedford-Stuyvesant,40.677901508281394171717693097889423370361328125,-73.909166926878441472581471316516399383544921875,Entire home/apt,239,1
"Rest, Relax & Recharge! Club Wyndham Midtown 45,Ne",355450429,Manhattan,Midtown,40.752655599999997093618731014430522918701171875,-73.972480399999994915560819208621978759765625,Entire home/apt,115,1
Cozy and very comfortable studio apartment,331715199,Queens,East Elmhurst,40.76778999999999797410055180080235004425048828125,-73.87689000000000305590219795703887939453125,Entire home/apt,119,1
Massive and Bright Flatiron Loft - Events Only Pls,65923548,Manhattan,Gramercy,40.73895999999999872898115427233278751373291015625,-73.989429999999998699422576464712619781494140625,Entire home/apt,1495,1
Stylish 1 bedroom luxury apart,488374555,Manhattan,Hell's Kitchen,40.757350000000002410160959698259830474853515625,-73.996319999999997207851265557110309600830078125,Entire home/apt,450,1
Lovely 1br apartment in Times Sq,37044025,Manhattan,Hell's Kitchen,40.7588550466181089859674102626740932464599609375,-73.991623625806738573373877443373203277587890625,Entire home/apt,257,1
South Queens Entire First Floor,111626793,Queens,Jamaica,40.67499000000000108911990537308156490325927734375,-73.7912500000000051159076974727213382720947265625,Entire home/apt,115,1
Cozy studio apartment in NY,487861036,Manhattan,Hell's Kitchen,40.76606000000000307181835523806512355804443359375,-73.9880299999999948568074614740908145904541015625,Entire home/apt,220,1
Cozy new Apartment near Metro,431971547,Manhattan,Morningside Heights,40.81497999999999848341758479364216327667236328125,-73.959530000000000882209860719740390777587890625,Entire home/apt,147,1
Central Harlem 1 bedroom,488624774,Manhattan,Harlem,40.82927000000000106183506431989371776580810546875,-73.946789999999992915036273188889026641845703125,Entire home/apt,150,1
Thom’s Romantic studio/wi-fi /no fees.,192483383,Bronx,Norwood,40.87564597901450014205693150870501995086669921875,-73.88610221542086264889803715050220489501953125,Entire home/apt,107,1
Lansing Terrace LLC .,417692654,Queens,Springfield Gardens,40.66487000000000051613824325613677501678466796875,-73.7473800000000068166627897880971431732177734375,Entire home/apt,125,1
Discounted- Massive 3-bed Duplex w/ Backyard,127721863,Brooklyn,Bushwick,40.69324000000000296495272777974605560302734375,-73.922089999999997189661371521651744842529296875,Entire home/apt,243,1
"Big Private Unite 1BR, BathR, Kitchen / Lower leve",455342215,Queens,Ozone Park,40.6882499999999964757080306299030780792236328125,-73.8478099999999955116436467505991458892822265625,Entire home/apt,82,1
1 Bedroom Apt Sky | Placemakr Wall Street,420415528,Manhattan,Financial District,40.70477720000000232403181144036352634429931640625,-74.006425199999995356847648508846759796142578125,Entire home/apt,455,1
Studio Bunk Sky | Placemakr Wall Street,420415528,Manhattan,Financial District,40.70477720000000232403181144036352634429931640625,-74.006425199999995356847648508846759796142578125,Entire home/apt,273,1
Lovely living Quarters,66352142,Brooklyn,Crown Heights,40.67267939999999981637301971204578876495361328125,-73.9244992999999936955646262504160404205322265625,Entire home/apt,282,1
Studio Sky | Placemakr Wall Street,420415528,Manhattan,Financial District,40.70477720000000232403181144036352634429931640625,-74.006425199999995356847648508846759796142578125,Entire home/apt,262,1
Luxurious home near UBS Arena,485973297,Queens,Cambria Heights,40.70266662080638297993573360145092010498046875,-73.728357218205928802490234375,Entire home/apt,200,1
Cozy 2 bedroom rental in Brooklyn near trains,44926625,Brooklyn,Flatbush,40.65471000000000145746525959111750125885009765625,-73.954790000000002692104317247867584228515625,Entire home/apt,108,1
Lovely 1-bedroom Apartment in Woodside(Queens) NYC,487864032,Queens,Woodside,40.752780000000001336957211606204509735107421875,-73.9033600000000063801053329370915889739990234375,Entire home/apt,149,1
Affordable home with a pool!,338850187,Bronx,Schuylerville,40.83877780124322498522815294563770294189453125,-73.8360222118259201806722558103501796722412109375,Entire home/apt,320,1
"Spacious Studio Apt in the heart of Brooklyn, NY",94375628,Brooklyn,Prospect-Lefferts Gardens,40.66219970047639975518904975615441799163818359375,-73.96235234628699117820360697805881500244140625,Entire home/apt,127,1
I rent Cozy basetman!,418151816,Queens,Ditmars Steinway,40.7782399999999967121766530908644199371337890625,-73.91397000000000616637407802045345306396484375,Entire home/apt,180,1
Charming 1br in Nolita / Soho,45535904,Manhattan,Nolita,40.723849999999998772182152606546878814697265625,-73.9933999999999940655470709316432476043701171875,Entire home/apt,198,1
Fam Friendly 3bd Unit Near JFK,231010965,Queens,South Ozone Park,40.671930000000003246896085329353809356689453125,-73.817170000000004392859409563243389129638671875,Entire home/apt,167,1
"Beautiful, spacious and peaceful",491354614,Brooklyn,Bedford-Stuyvesant,40.691249999999996589394868351519107818603515625,-73.9316400000000015779733075760304927825927734375,Entire home/apt,131,1
10Min to Manhattan Heart of Woodside studio,491347586,Queens,Woodside,40.74268000000000000682121026329696178436279296875,-73.90345999999999548890627920627593994140625,Entire home/apt,162,1
Brand new 2 bed  apartment steps away from L train,181517263,Queens,Ridgewood,40.70333277567696228516069822944700717926025390625,-73.9121501545505310559747158549726009368896484375,Entire home/apt,175,1
Family Oasis in Flatiron,7181834,Manhattan,Chelsea,40.73816000000000059344529290683567523956298828125,-73.9917300000000039972292142920196056365966796875,Entire home/apt,829,1
Fly-inn | Lux 3BR 2BA | 2mins LGA | Sleeps 7,491695460,Queens,East Elmhurst,40.76688999999999651890902896411716938018798828125,-73.8712699999999955480234348215162754058837890625,Entire home/apt,183,1
10Min to Manhattan Woodside First Floor,491347586,Queens,Maspeth,40.7408199999999993679011822678148746490478515625,-73.9033600000000063801053329370915889739990234375,Entire home/apt,128,1
Explore Brooklyn in Comfort!,317737966,Brooklyn,Bedford-Stuyvesant,40.6789399999999972123987390659749507904052734375,-73.92396999999999707142706029117107391357421875,Entire home/apt,160,1
Queens Cozy Quarters - 15mins to LGA/25mins to JFK,329062278,Queens,Elmhurst,40.7432000000000016370904631912708282470703125,-73.8801500000000004320099833421409130096435546875,Entire home/apt,108,1
[Lowest] Priced Townhouse for Everyone!,491191446,Brooklyn,East Flatbush,40.65187999999999846068021724931895732879638671875,-73.9429300000000040427039493806660175323486328125,Entire home/apt,385,1
Studio Oasis in Queens Village,139200985,Queens,Queens Village,40.72603000000000150748746818862855434417724609375,-73.74894000000000460204319097101688385009765625,Entire home/apt,91,1
Newly Renovation Basement Apt.,25355233,Queens,Springfield Gardens,40.6821419999999989158823154866695404052734375,-73.7549580000000020163497538305819034576416015625,Entire home/apt,205,1
Modern Pvt 1BR Apt w/ City View!,477167456,Brooklyn,Crown Heights,40.6768000000000000682121026329696178436279296875,-73.95729000000000041836756281554698944091796875,Entire home/apt,138,1
Villa en Queens,487898329,Queens,Flushing,40.7740900000000010550138540565967559814453125,-73.80675999999999703504727222025394439697265625,Entire home/apt,900,1
Stunning! 4-Bedroom Brownstone 15 min from Manhatt,487873033,Brooklyn,Bedford-Stuyvesant,40.695906832410656761567224748432636260986328125,-73.9425055571472142901257029734551906585693359375,Entire home/apt,378,1
"Cozy Luxe, 1 BR Apt in Central Brooklyn",144792052,Brooklyn,East Flatbush,40.66026000000000095724317361600697040557861328125,-73.938029999999997698978404514491558074951171875,Entire home/apt,196,1
Entire 1 bedroom Apartment,471850331,Queens,St. Albans,40.70494999999999663486960344016551971435546875,-73.7505100000000055615601013414561748504638671875,Entire home/apt,100,1
Spacious 3 bedroom with parking,488079018,Queens,Flushing,40.73199000000000324916982208378612995147705078125,-73.8274300000000067711880546994507312774658203125,Entire home/apt,350,1
Mary’s Relaxation Escape,450029902,Brooklyn,Canarsie,40.6435699999999968667907523922622203826904296875,-73.8992999999999966576069709844887256622314453125,Entire home/apt,110,1
cozy studio apartment,491318210,Brooklyn,Bedford-Stuyvesant,40.68135000000000189857018995098769664764404296875,-73.9458800000000024965629563666880130767822265625,Entire home/apt,400,1
10MIN to Manhattan HOUSE,491347586,Queens,Woodside,40.74215000000000230784280574880540370941162109375,-73.903649999999998954081092961132526397705078125,Entire home/apt,399,1
Two Bedroom Bed- Stuy Apartment,18600626,Brooklyn,Bedford-Stuyvesant,40.6891834478532103958059451542794704437255859375,-73.950747419573957586180767975747585296630859375,Entire home/apt,133,1
Alcove Studio in LES +  Balcony!,99770640,Manhattan,East Village,40.72292999999999807414496899582445621490478515625,-73.9755099999999998772182152606546878814697265625,Entire home/apt,169,1
FREE Snacks * Sleeps 6 * King Size Apartment,481408294,Manhattan,Harlem,40.8246299999999990859578247182071208953857421875,-73.945009999999996352926245890557765960693359375,Entire home/apt,205,1
20 minutes from Manhattan 2 bedroom apartment,36741644,Brooklyn,Bushwick,40.6828000000000002955857780762016773223876953125,-73.905540000000002009983290918171405792236328125,Entire home/apt,293,1
Luxury Modern-Style Williamsburg Safe-Haven,342996270,Brooklyn,Williamsburg,40.71155999999999863803168409503996372222900390625,-73.947239999999993642632034607231616973876953125,Entire home/apt,230,1
1 bedroom with balcony in lively Brooklyn,487819923,Brooklyn,Bushwick,40.70125999999999777401171741075813770294189453125,-73.9140399999999999636202119290828704833984375,Entire home/apt,149,1
"Fun, Safe 1 bedroom apt. Street parking available.",66508607,Brooklyn,Flatbush,40.65507999999999810825102031230926513671875,-73.9537499999999994315658113919198513031005859375,Entire home/apt,120,1
Lovely 2-bedroom rental unit by JFK airport,454216204,Queens,South Ozone Park,40.6675800000000009504219633527100086212158203125,-73.82386999999999943611328490078449249267578125,Entire home/apt,175,1
Luxury studio apartment,115670216,Queens,Jamaica,40.7063500000000004774847184307873249053955078125,-73.804630000000003064997144974768161773681640625,Entire home/apt,150,1
Studio with 1 Queen Bed at Candlewood Suites Times Square,470044067,Manhattan,Hell's Kitchen,40.75538999999999845158527023158967494964599609375,-73.9919000000000011141310096718370914459228515625,Entire home/apt,148,1
1 Bedroom/Studio Available,365329145,Bronx,Parkchester,40.831924299999997174381860531866550445556640625,-73.875788900000003422974259592592716217041015625,Entire home/apt,94,1
Private 1-br suite in centrally-located townhouse,132511908,Brooklyn,Crown Heights,40.67359675460533452451272751204669475555419921875,-73.9629488380981428008453804068267345428466796875,Entire home/apt,160,1
Lovely Studio apartment- Modern & Bright,483017091,Brooklyn,Bushwick,40.69212999999999880174073041416704654693603515625,-73.9140799999999984493115334771573543548583984375,Entire home/apt,109,1
Unique Beauty salon for private rental,181108039,Brooklyn,Brownsville,40.67032999999999987039700499735772609710693359375,-73.9156899999999978945197653956711292266845703125,Entire home/apt,252,1
Luxurious 2 bedroom in the heart of Flushing,487744763,Queens,Flushing,40.7477822000000031721356208436191082000732421875,-73.8140379000000024234395823441445827484130859375,Entire home/apt,161,1
"Modern Two Bedroom Apt. (Elevator, Laundry & gym)",8312621,Brooklyn,Crown Heights,40.670850000000001500666257925331592559814453125,-73.9525699999999943656803225167095661163330078125,Entire home/apt,194,1
Safety n Location of 24 hrs. Gated community.,487795291,Queens,Bellerose,40.73595999999999861529431655071675777435302734375,-73.7328499999999991132426657713949680328369140625,Entire home/apt,250,1
It’s two bedroom ground floor,489865818,Staten Island,Rossville,40.549400204402985536944470368325710296630859375,-74.1900603466673800312491948716342449188232421875,Entire home/apt,105,1
"A& D Cottage
Home Away From Home",463217904,Queens,Jamaica,40.6817537295347619874519295990467071533203125,-73.77651023396919072183663956820964813232421875,Entire home/apt,238,1
3BR Family Oasis Boho • Free Parking • 15 Min City,488152765,Queens,Astoria,40.7690300000000007685230229981243610382080078125,-73.9283099999999961937646730802953243255615234375,Entire home/apt,234,1
this is studio apartment,488754388,Queens,Glendale,40.70217000000000240333974943496286869049072265625,-73.85692000000000234649633057415485382080078125,Entire home/apt,106,1
2 BedRM home by JFK!,489230483,Queens,Springfield Gardens,40.66736660000000114223439595662057399749755859375,-73.7605988999999908628524281084537506103515625,Entire home/apt,146,1
Studio for 2! Heart of Midtown!,419859723,Manhattan,Midtown,40.75439999999999685087459511123597621917724609375,-73.9730100000000021509549696929752826690673828125,Entire home/apt,125,1
New Modern 3 BR Duplex w/ 3PM Self Check-in,369416627,Brooklyn,Flatlands,40.63139000000000322643245453946292400360107421875,-73.9455600000000004001776687800884246826171875,Entire home/apt,229,1
Modern Cozy Renovated 2BR /w Fireplace & Kitchen,487625803,Brooklyn,Borough Park,40.61258015440795787753813783638179302215576171875,-73.9777148497375520719288033433258533477783203125,Entire home/apt,160,1
Duplex Penthouse w/ Iconic NYC Views & Balconies,487485412,Manhattan,Battery Park City,40.7056400000000024874680093489587306976318359375,-74.0173199999999980036591296084225177764892578125,Entire home/apt,477,1
Lovely 2 bedroom Brooklyn Oasis,448312376,Brooklyn,Bedford-Stuyvesant,40.67975299999999805322659085504710674285888671875,-73.9397508999999928391844150610268115997314453125,Entire home/apt,714,1
Apartment in downtown manhattan,466380076,Manhattan,Financial District,40.7105600000000009686118573881685733795166015625,-74.0102499999999992041921359486877918243408203125,Entire home/apt,290,1
1 Bedroom Premium Sky | Placemakr Wall Street,420415528,Manhattan,Financial District,40.70477720000000232403181144036352634429931640625,-74.006425199999995356847648508846759796142578125,Entire home/apt,402,1
2 Bedroom Premium Sky | Placemakr Wall Street,420415528,Manhattan,Financial District,40.70477720000000232403181144036352634429931640625,-74.006425199999995356847648508846759796142578125,Entire home/apt,603,1
1 Bed 1 Bunk Sky | Placemakr Wall Street,420415528,Manhattan,Financial District,40.70477720000000232403181144036352634429931640625,-74.006425199999995356847648508846759796142578125,Entire home/apt,384,1
A piece of peace in a Busy city.,163910171,Bronx,Concourse Village,40.833040659060628740917309187352657318115234375,-73.915313221514225006103515625,Entire home/apt,98,1
Sunset Lovers SUITE & SPA near JFK,92900025,Queens,Laurelton,40.684668916922049675122252665460109710693359375,-73.7473271860237815644723013974726200103759765625,Entire home/apt,110,1
Sun-drenched home in the heart of Soho,257985993,Manhattan,SoHo,40.726843000000002348315319977700710296630859375,-74.0019013000000001056832843460142612457275390625,Entire home/apt,197,1
Luxury Living in the heart of BK 2- bedroom APT,81969334,Brooklyn,Bedford-Stuyvesant,40.67929000000000172576619661413133144378662109375,-73.9535599999999959663909976370632648468017578125,Entire home/apt,230,1
Quiet 3 Bedroom Apartment in Private Home,85172591,Queens,Springfield Gardens,40.667540000000002464730641804635524749755859375,-73.751879999999999881765688769519329071044921875,Entire home/apt,172,1
Soho Home,487351657,Manhattan,Nolita,40.72111000000000302634362014941871166229248046875,-73.9944100000000020145307644270360469818115234375,Entire home/apt,170,1
Beautiful High End Waterfront Apt 2BR in NYC!,163841098,Bronx,Port Morris,40.80872000000000099362296168692409992218017578125,-73.930620000000004665707820095121860504150390625,Entire home/apt,400,1
Entire APT In Home 5 Mins To JFK Near LGA & Manhat,487163726,Queens,Jamaica,40.66978000000000292857293970882892608642578125,-73.7749500000000040245140553452074527740478515625,Entire home/apt,100,1
Cozy and Accessible Studio NYC,487162533,Manhattan,Upper East Side,40.7723168390599965960063855163753032684326171875,-73.956241048872470855712890625,Entire home/apt,173,1
East Village/Noho/Bowery Charmer,5893206,Manhattan,East Village,40.7241444000000001324224285781383514404296875,-73.9889026999999970257704262621700763702392578125,Entire home/apt,285,1
Cozy Studio Apt On The Water/ Balcony skyline view,427458930,Staten Island,Shore Acres,40.61500000000000198951966012828052043914794921875,-74.06297000000000707586877979338169097900390625,Entire home/apt,127,1
Cheerful 1 bedroom with free parking on premises.,422337306,Queens,Springfield Gardens,40.66606999999999771944203530438244342803955078125,-73.76118999999999914507498033344745635986328125,Entire home/apt,85,1
Clean & Relaxing Brownstone 3BR! Hudson Yards NYC!,472442549,Manhattan,Hell's Kitchen,40.75612000000000278987499768845736980438232421875,-73.9942099999999953752194414846599102020263671875,Entire home/apt,250,1
A Very Mary Loft 4bed/1bath Williamsburg Loft,487295439,Brooklyn,Williamsburg,40.7076329083488275273339240811765193939208984375,-73.9506765756730288785547600127756595611572265625,Entire home/apt,264,1
Magic Wolf Studio,487112126,Brooklyn,Williamsburg,40.7068900000000013505996321327984333038330078125,-73.9346900000000033514879760332405567169189453125,Entire home/apt,123,1
"Cozy 1 bedroom in Washington Heights, NYC",8526279,Manhattan,Washington Heights,40.85502000000000322188498103059828281402587890625,-73.9309400000000067620931076817214488983154296875,Entire home/apt,128,1
Cozy Sunlit home away from home.,359515388,Brooklyn,South Slope,40.66127999999999786950866109691560268402099609375,-73.984960000000000945874489843845367431640625,Entire home/apt,138,1
Charming 2 BR apt in Park Slope!,9545089,Brooklyn,Park Slope,40.676569999999998117345967330038547515869140625,-73.97458000000000311047188006341457366943359375,Entire home/apt,152,1
"Quiet 1 Bedroom Flat + Balcony in Manhattan, NYC",487473676,Manhattan,Harlem,40.81295999999999679630491300486028194427490234375,-73.952629999999999199644662439823150634765625,Entire home/apt,137,1
Street level studio apartment sleeps 4 guests,484247176,Queens,St. Albans,40.6897900000000021236701286397874355316162109375,-73.77379999999999427018337883055210113525390625,Entire home/apt,65,1
Perry St. West Village For The Holidays,10552752,Manhattan,West Village,40.73608999999999724650479038245975971221923828125,-74.0066699999999997316990629769861698150634765625,Entire home/apt,396,1
Cheerful West Village Apartment,16399971,Manhattan,Greenwich Village,40.7332200000000028694557840935885906219482421875,-73.9997000000000042518877307884395122528076171875,Entire home/apt,250,1
Upper Eastside lovely apt,196448309,Manhattan,Upper East Side,40.77037419999999912079147179611027240753173828125,-73.9595513999999951693098410032689571380615234375,Entire home/apt,150,1
Fully Legal 3 Bdrm Safe Neighborhood,490134847,Bronx,Westchester Square,40.84267220000000264690243056975305080413818359375,-73.8478679999999911842678557150065898895263671875,Entire home/apt,164,1
"Kid Friendly!  Quiet Home, Super Cool Neighborhood",79674429,Brooklyn,Crown Heights,40.6724099999999992860466591082513332366943359375,-73.961420000000003938112058676779270172119140625,Entire home/apt,140,1
Standard Room with 1 King Bed at Holiday Inn Express Times Square,470044717,Manhattan,Hell's Kitchen,40.7560399999999987130649969913065433502197265625,-73.9942400000000048976289690472185611724853515625,Entire home/apt,208,1
Be Our Guest Close to JFK/LGA,420405708,Queens,Jamaica,40.6884000000000014551915228366851806640625,-73.805800000000004956746124662458896636962890625,Entire home/apt,220,1
Beautiful 3BR! Heart of Tribeca!,488271614,Manhattan,Tribeca,40.71471999999999979991116560995578765869140625,-74.0109900000000067166183725930750370025634765625,Entire home/apt,400,1
Suite Stay Studio,163429865,Brooklyn,Crown Heights,40.67146000000000327645466313697397708892822265625,-73.951019999999999754436430521309375762939453125,Entire home/apt,126,1
Brooklyn Garden Apartment,490412669,Brooklyn,Crown Heights,40.6724099999999992860466591082513332366943359375,-73.9400299999999930378180579282343387603759765625,Entire home/apt,180,1
Brooklyn 1-bedroom rentals unit in Brownsville,486789740,Brooklyn,East New York,40.660269999999997025952325202524662017822265625,-73.893000000000000682121026329696178436279296875,Entire home/apt,70,1
Flex2bed w/Garden close2Barclay &allNYC trains,490452317,Brooklyn,Park Slope,40.68162000000000233512764680199325084686279296875,-73.978399999999993497112882323563098907470703125,Entire home/apt,369,1
Luxurious living Quarters,66352142,Brooklyn,Crown Heights,40.673270000000002255546860396862030029296875,-73.92351999999999634383129887282848358154296875,Entire home/apt,282,1
Wilson Terrace Apartment 3FL,490358470,Staten Island,Todt Hill,40.6048392730637175418451079167425632476806640625,-74.0933715797622625132134999148547649383544921875,Entire home/apt,69,1
Lovely and Comfy Studio in NYC!,342312333,Manhattan,Upper East Side,40.76003999999999649617166141979396343231201171875,-73.9617899999999934834704617969691753387451171875,Entire home/apt,350,1
Place with everything you need!,480790832,Manhattan,Chelsea,40.748944262973992636034381575882434844970703125,-74.0052704295685401802984415553510189056396484375,Entire home/apt,550,1
Lincoln Place,52136347,Brooklyn,Crown Heights,40.67030319999999932178980088792741298675537109375,-73.9386686999999938052496872842311859130859375,Entire home/apt,150,1
The Dream,1199486,Queens,Jamaica,40.710950902129496853376622311770915985107421875,-73.7867033114188330955585115589201450347900390625,Entire home/apt,170,1
Crown Heights Garden Apt,11381675,Brooklyn,Crown Heights,40.67220113079834931113509810529649257659912109375,-73.9395991235916056893984205089509487152099609375,Entire home/apt,123,1
Chic Minimal Studio,492466391,Manhattan,Financial District,40.70510999999999768306224723346531391143798828125,-74.00655000000000427462509833276271820068359375,Entire home/apt,264,1
Private room Best location: 1 Stop Times Square!,491198242,Queens,Long Island City,40.74887076447401312861984479241073131561279296875,-73.94779697978646026967908255755901336669921875,Entire home/apt,350,1
Cozy Corner,215837608,Brooklyn,East New York,40.654424479666232628005673177540302276611328125,-73.89667743258877408152329735457897186279296875,Entire home/apt,99,1
Heart of DT Hidden Gem 2BD/1BR,415690678,Manhattan,Financial District,40.705078516894189988306607119739055633544921875,-74.00961688514991010379162617027759552001953125,Entire home/apt,174,1
east end studio,245781067,Brooklyn,Cypress Hills,40.6776899999999983492671162821352481842041015625,-73.8700999999999936562744551338255405426025390625,Entire home/apt,81,1
St. Paddy’s week in NYC!,24665599,Manhattan,Midtown,40.76559999999999917008608463220298290252685546875,-73.98156000000000176441972143948078155517578125,Entire home/apt,300,1
"New reno, 2bdrm Kingston Ave Apt",294695910,Brooklyn,Prospect-Lefferts Gardens,40.6608386999999993349774740636348724365234375,-73.94236250000000154614099301397800445556640625,Entire home/apt,179,1
The Cozy Brown House,107034314,Brooklyn,Canarsie,40.646031631161037012134329415857791900634765625,-73.9038973416490563295155880041420459747314453125,Entire home/apt,189,1
Hustle and Bustle Adjacent,6869305,Bronx,Woodlawn,40.9011899999999997135091689415276050567626953125,-73.8636599999999958754415274597704410552978515625,Entire home/apt,240,1
nice Bedroom apt near train/Bus/JFK airport&Casino,153340219,Brooklyn,East New York,40.66597999999999757392288302071392536163330078125,-73.885549999999994952304405160248279571533203125,Entire home/apt,109,1
lovely studio near metro-Barclays center & JFK,153340219,Brooklyn,East New York,40.666009999999999990905052982270717620849609375,-73.8840799999999973124431562609970569610595703125,Entire home/apt,111,1
Stylish 3bed w/ Backyard. 2 Minutes From Train,490248915,Brooklyn,Bushwick,40.6911043935302387808405910618603229522705078125,-73.92285567789673450533882714807987213134765625,Entire home/apt,294,1
Newly Renovated Luxurious Home In NYC,428789957,Staten Island,New Springville,40.58940050427629131490903091616928577423095703125,-74.1562979720778656655966187827289104461669921875,Entire home/apt,150,1
Central 2 bedroom/2stations from Madison Ave/,484159181,Queens,Long Island City,40.75468000000000046156856114976108074188232421875,-73.9406699999999972305886331014335155487060546875,Entire home/apt,314,1
Entire 3 Bd in the upper east side,381849651,Manhattan,Upper East Side,40.78181000000000011596057447604835033416748046875,-73.953630000000003974491846747696399688720703125,Entire home/apt,325,1
New Luxurious Vacation Villa in Nyc,428789957,Staten Island,New Springville,40.58880427901198828521955874748528003692626953125,-74.15787123518072121441946364939212799072265625,Entire home/apt,250,1
Dahiari,125534010,Bronx,Kingsbridge,40.8709361000000086505679064430296421051025390625,-73.9006490000000013651515473611652851104736328125,Entire home/apt,131,1
Bushwick Gem.,376426580,Brooklyn,Bushwick,40.700119999999998299244907684624195098876953125,-73.9298600000000050158632802776992321014404296875,Entire home/apt,101,1
Elegant 2 Bedrooms 14 minutes to Times Square!,491198242,Queens,Long Island City,40.74695259300921179601573385298252105712890625,-73.9491379438794211864660610444843769073486328125,Entire home/apt,200,1
"Mansion For Events, Photoshoots",47633041,Queens,Jamaica Estates,40.71867999999999909732650849036872386932373046875,-73.7820099999999996498445398174226284027099609375,Entire home/apt,2200,1
JFK basement apartment No kitchen pl,489996729,Queens,South Ozone Park,40.66460000000000007958078640513122081756591796875,-73.813569999999998572093318216502666473388671875,Entire home/apt,59,1
Quiet NYC Escape,489989672,Manhattan,Kips Bay,40.74112000000000222144080908037722110748291015625,-73.980580000000003337845555506646633148193359375,Entire home/apt,220,1
homie,377307556,Bronx,Mount Eden,40.8387000000000028876456781290471553802490234375,-73.9166100000000056979843066073954105377197265625,Entire home/apt,50,1
Private Unit/Near JFK Airport/LaGuardia airport,490006452,Queens,Richmond Hill,40.6907293000000009897121344693005084991455078125,-73.8349912999999986595867085270583629608154296875,Entire home/apt,73,1
Close to Penn! Cozy 3BR/1BA Apt!,343568398,Manhattan,Chelsea,40.74781999999999726469468441791832447052001953125,-73.996769999999997935447026975452899932861328125,Entire home/apt,274,1
Short-Term Stay,205134817,Brooklyn,East Flatbush,40.6515174999999970850694808177649974822998046875,-73.926109099999990803553373552858829498291015625,Entire home/apt,115,1
"Tranquility inside, city adventures outside",432419385,Brooklyn,Bushwick,40.68202000000000140289557748474180698394775390625,-73.9053300000000064073901739902794361114501953125,Entire home/apt,189,1
Cozy 1-BR on Times Square,481431731,Manhattan,Hell's Kitchen,40.76304999999999978399500832892954349517822265625,-73.9916199999999975034370436333119869232177734375,Entire home/apt,306,1
West Village Gem,2812842,Manhattan,West Village,40.7372500000000030695446184836328029632568359375,-74.001900000000006230038707144558429718017578125,Entire home/apt,146,1
The Peaceful Studio,205903495,Queens,Jamaica,40.699358799999998836938175372779369354248046875,-73.805375499999996691258274950087070465087890625,Entire home/apt,89,1
Beautiful Clinton Hill brownstone apt w/ backyard,489999916,Brooklyn,Crown Heights,40.679540000000002919477992691099643707275390625,-73.95738000000000056388671509921550750732421875,Entire home/apt,350,1
Two bedroom apartment 5 min from JFK cozy&clean,487465936,Queens,South Ozone Park,40.66574328964332352143173920921981334686279296875,-73.8127482551452658299240283668041229248046875,Entire home/apt,119,1
Creative Green Screen studio,57690761,Brooklyn,Bath Beach,40.6087500000000005684341886080801486968994140625,-74.009759999999999990905052982270717620849609375,Entire home/apt,999,1
The Harlem experience,492175196,Manhattan,East Harlem,40.7955306431047830528768827207386493682861328125,-73.9363894985255711844729376025497913360595703125,Entire home/apt,103,1
bright & new apartment in Bedstuy,22739634,Brooklyn,Bedford-Stuyvesant,40.6896017254816939612283022142946720123291015625,-73.9276278436306739649808150716125965118408203125,Entire home/apt,134,1
Production Lounge,181108039,Brooklyn,Bedford-Stuyvesant,40.679090000000002191882231272757053375244140625,-73.9146300000000024965629563666880130767822265625,Entire home/apt,850,1
Luxe and  Relaxation Living,457805461,Queens,St. Albans,40.70284000000000190766513696871697902679443359375,-73.75114999999999554347596131265163421630859375,Entire home/apt,231,1
Comfort zone,491273013,Manhattan,East Harlem,40.8109319043858107534106238745152950286865234375,-73.937932037020715370090329088270664215087890625,Entire home/apt,201,1
Large one bedroom near subway,21594229,Queens,Forest Hills,40.72103129999999993060555425472557544708251953125,-73.8415758999999951583959045819938182830810546875,Entire home/apt,131,1
Angel's House,375217586,Brooklyn,East New York,40.6622100000000017416823538951575756072998046875,-73.89695000000000391082721762359142303466796875,Entire home/apt,124,1
1 BR Condo in Harlem !,68437552,Manhattan,Harlem,40.80975000000000108002495835535228252410888671875,-73.9433999999999969077180139720439910888671875,Entire home/apt,90,1
Beautiful NYC Manhattan Studio,486475604,Manhattan,Harlem,40.80579999999999785131876706145703792572021484375,-73.955600000000004001776687800884246826171875,Entire home/apt,131,1
1 Bedroom Apt in Manhattan Close to Subway!,196262113,Manhattan,Harlem,40.80481979999999708752511651255190372467041015625,-73.954764299999993681922205723822116851806640625,Entire home/apt,134,1
Luna’s private cozy escape in Richmond Hill,91076684,Queens,Richmond Hill,40.69833577752833519980413257144391536712646484375,-73.836861965606686908358824439346790313720703125,Entire home/apt,79,1
Smart Cozy Home Near JFK,241729008,Queens,Queens Village,40.7046500000000008867573342286050319671630859375,-73.7437800000000009958966984413564205169677734375,Entire home/apt,120,1
Cozy one bedroom apartment,332001395,Manhattan,Financial District,40.70622999999999791498339618556201457977294921875,-74.0036300000000011323209037072956562042236328125,Entire home/apt,314,1
Clean Brooklyn Home,37001610,Brooklyn,Canarsie,40.6437597256089020447689108550548553466796875,-73.897472780808271863861591555178165435791015625,Entire home/apt,115,1
Perfect Central Park Studio,486475604,Manhattan,Harlem,40.80398000000000280351741821505129337310791015625,-73.95395999999999503415892831981182098388671875,Entire home/apt,155,1
"Jamaica Qns 1st Floor, Close to “F” Train Subway",486730231,Queens,Jamaica,40.710049094903382638221955858170986175537109375,-73.783099305435683845644234679639339447021484375,Entire home/apt,125,1
Private Getaways,364330890,Queens,Flushing,40.72695999999999827423380338586866855621337890625,-73.8105599999999952842699713073670864105224609375,Entire home/apt,80,1
Cozy Studio Apartment,446908191,Queens,Rosedale,40.65382910000000293848643195815384387969970703125,-73.745381799999989880234352312982082366943359375,Entire home/apt,80,1
Cool modern sunny apt with an amazing balcony view,63281532,Brooklyn,Bedford-Stuyvesant,40.6788056999999980689608491957187652587890625,-73.9096502999999955818566377274692058563232421875,Entire home/apt,235,1
Newly Reno 1BR! Murray Hill!,472494699,Manhattan,Kips Bay,40.7439600000000012869350030086934566497802734375,-73.97575000000000500222085975110530853271484375,Entire home/apt,146,1
Cozy spacious full apartment,490725380,Queens,Glendale,40.69877470000000130312400870025157928466796875,-73.8944850999999971463694237172603607177734375,Entire home/apt,119,1
Vacation Studios NYC,491688517,Brooklyn,Windsor Terrace,40.658278748413152925422764383256435394287109375,-73.98332411921643370078527368605136871337890625,Entire home/apt,239,1
Tibetanairbnb,491927132,Queens,Middle Village,40.716266999999987774572218768298625946044921875,-73.8820639999999997371560311876237392425537109375,Entire home/apt,167,1
"Central Park West Apartment, Columbus Circle",458489090,Manhattan,Upper West Side,40.7780213198586665157563402317464351654052734375,-73.980553606580116365876165218651294708251953125,Entire home/apt,199,1
Traditional House-Worth the stay,182980197,Queens,East Elmhurst,40.7566139371150910619689966551959514617919921875,-73.8969286323714555919650592841207981109619140625,Entire home/apt,274,1
2 Bedroom Cozy Manhattan Apt WIFI  In Unit Laundry,481103546,Manhattan,Nolita,40.7218500000000034333424991928040981292724609375,-73.9963000000000050704329623840749263763427734375,Entire home/apt,298,1
Light and book filled home,10700613,Brooklyn,Park Slope,40.67862655815098804623630712740123271942138671875,-73.979221880435943603515625,Entire home/apt,96,1
Private Bedroom in Prime Williamsburg,359773132,Brooklyn,Williamsburg,40.709845999999998866769601590931415557861328125,-73.9520811000000009016730473376810550689697265625,Entire home/apt,135,1
Cozy Hideaway,490940871,Brooklyn,East Flatbush,40.6489600000000024238033802248537540435791015625,-73.9277799999999984947862685658037662506103515625,Entire home/apt,76,1
Tribeca 2BR/2BA - Near WTC,307197943,Manhattan,Financial District,40.70949830433107052840568940155208110809326171875,-74.0070601654576449845990282483398914337158203125,Entire home/apt,799,1
Downtown Flushing - King Bed APT,212164658,Queens,Flushing,40.757244446489721667603589594364166259765625,-73.825239711114505780642502941191196441650390625,Entire home/apt,128,1
Guest Room with 2 Double Beds at The Redford Hotel,492545385,Manhattan,Lower East Side,40.72133737377000528567805304192006587982177734375,-73.9891264598553419773452333174645900726318359375,Entire home/apt,210,1
Cozy & Convenient apartment,25770205,Brooklyn,Bedford-Stuyvesant,40.679079358916538922130712307989597320556640625,-73.9088083495743290995960705913603305816650390625,Entire home/apt,99,1
Time square in 10mins Modern Cozy Loft Style Home,378759597,Queens,Sunnyside,40.74248607078090600452924263663589954376220703125,-73.923894094075052407788462005555629730224609375,Entire home/apt,132,1
Beautiful Two Bedrom Duplex Apartment Unit,473978913,Queens,Bellerose,40.726877500000000509317032992839813232421875,-73.7174098999999927173121250234544277191162109375,Entire home/apt,119,1
Quiet little space.,119900854,Queens,Ridgewood,40.7082326223513888407978811301290988922119140625,-73.910221939775254895721445791423320770263671875,Entire home/apt,106,1
Gorgeous Apartment with Stunning Views,166310030,Brooklyn,Flatbush,40.638429999999999608917278237640857696533203125,-73.95355000000000700310920365154743194580078125,Entire home/apt,192,1
Beautiful Apartment Studio,423104195,Manhattan,East Harlem,40.793879714052962981440941803157329559326171875,-73.944891723387399906641803681850433349609375,Entire home/apt,130,1
Nice comfortable studio with a great street view,485546644,Bronx,Wakefield,40.89819271302479108953775721602141857147216796875,-73.849282355846270320398616604506969451904296875,Entire home/apt,43,1
Airy Tribeca Apartment,217142473,Manhattan,Tribeca,40.7130763546658016593937645666301250457763671875,-74.0109172069671075178121100179851055145263671875,Entire home/apt,450,1
A Cozy Apartment in Queens (approx. 5 mins to JFK),491612635,Queens,Jamaica,40.66911655184230056647720630280673503875732421875,-73.7757978196962227457333938218653202056884765625,Entire home/apt,91,1
Nice & central Studio Apartment,423104195,Manhattan,Harlem,40.8184617570723133894716738723218441009521484375,-73.9416719345382915662412415258586406707763671875,Entire home/apt,90,1
King sized studio on Wall Street,415690678,Manhattan,Financial District,40.7059520865681321311058127321302890777587890625,-74.0067225241160855375710525549948215484619140625,Entire home/apt,155,1
Flat 5 minutes from Times Square,491198242,Queens,Long Island City,40.74907999999999930196281638927757740020751953125,-73.9477399999999960300556267611682415008544921875,Entire home/apt,300,1
Brownstone Beauty! Upper W Side!,491513126,Manhattan,Upper West Side,40.78414000000000072532202466391026973724365234375,-73.9725700000000045974957174621522426605224609375,Entire home/apt,219,1
2 Bedrooms: 10mins Times Square!,491198242,Queens,Long Island City,40.74699633193130665631542797200381755828857421875,-73.9472906266191927215913892723619937896728515625,Entire home/apt,200,1
Charming apt in Upper West Side!,480748439,Manhattan,Upper West Side,40.78928301345609952477389015257358551025390625,-73.977229354854472376246121712028980255126953125,Entire home/apt,215,1
"Iris place, close to Yankee Stadium.",492145349,Bronx,Concourse Village,40.8348050000000029058355721645057201385498046875,-73.9140537999999907015080680139362812042236328125,Entire home/apt,91,1
"The Pulse at Midwood, Brooklyn",402617816,Brooklyn,Flatlands,40.6250926489104813299491070210933685302734375,-73.94093089180108790969825349748134613037109375,Entire home/apt,156,1
Lovely vacation studio apartment in Brooklyn .,348978057,Brooklyn,Canarsie,40.6319905154440021988193620927631855010986328125,-73.9078354975150801919880905188620090484619140625,Entire home/apt,73,1
"Cozy Home. Manhattan (30min), JFK (10min) Direct",164696190,Queens,Richmond Hill,40.693229999999999790816218592226505279541015625,-73.8288399999999995770849636755883693695068359375,Entire home/apt,300,1
Industrial 3-Bedroom in Loft Building,23510890,Bronx,Port Morris,40.81002000000000151658241520635783672332763671875,-73.931950000000000500222085975110530853271484375,Entire home/apt,218,1
1 bed steps from the best of NYC,70978172,Manhattan,SoHo,40.72631346062578217015470727346837520599365234375,-74.0009689346421026812095078639686107635498046875,Entire home/apt,154,1
Mott Haven Suite | Kitchen | Gym + Workspaces,30283594,Bronx,Mott Haven,40.81184799999999768260749988257884979248046875,-73.9296649999999999636202119290828704833984375,Entire home/apt,140,1
Brooklyn Trio Luxe - Entire home.,136024214,Brooklyn,Cypress Hills,40.67838199999999915235093794763088226318359375,-73.89388800000000401269062422215938568115234375,Entire home/apt,720,1
Very cozy 1 bedroom. NEW,61408134,Manhattan,Upper East Side,40.77415045142220861862369929440319538116455078125,-73.948695684122839111296343617141246795654296875,Entire home/apt,227,1
The Gatsby Suite | Elegant 4bed House Near JFK,500342826,Queens,Jamaica,40.681947817041560711004422046244144439697265625,-73.7729915890061676009281654842197895050048828125,Entire home/apt,240,1
Upper Manhattan Gem,61408134,Manhattan,Upper East Side,40.7603292958001048873484251089394092559814453125,-73.96074484120373426776495762169361114501953125,Entire home/apt,227,1
Wonderful unit.,61408134,Manhattan,Upper East Side,40.7621290535328313353602425195276737213134765625,-73.961015177739909631782211363315582275390625,Entire home/apt,227,1
Luxury Oasis in the Heart of Brooklyn,136024214,Brooklyn,Cypress Hills,40.67838199999999915235093794763088226318359375,-73.89388800000000401269062422215938568115234375,Entire home/apt,214,1
Mott Haven Suite w Balcony | Kitchenette | Gym,30283594,Bronx,Mott Haven,40.81184799999999768260749988257884979248046875,-73.9296649999999999636202119290828704833984375,Entire home/apt,149,1
Modernized 1 Bedroom w/ Backyard,499774224,Bronx,Olinville,40.87343899999999763394953333772718906402587890625,-73.8690318000000019083017832599580287933349609375,Entire home/apt,120,1
Heart of Harlem - near 125th,336347705,Manhattan,Harlem,40.81025600000000252975951298139989376068115234375,-73.947937999999993508026818744838237762451171875,Entire home/apt,95,1
3 Bedroom Apartment in the Heart of Queens,499723851,Queens,Flushing,40.73799794846758715038959053345024585723876953125,-73.7974568703426285765090142376720905303955078125,Entire home/apt,128,1
"Private Floor, Private Entrance, Private Bathroom",498818487,Brooklyn,Bath Beach,40.60225707272353901089445571415126323699951171875,-74.01103966904838671325705945491790771484375,Entire home/apt,74,1
Jamaica Queens Palace Studio Apartment,439378297,Queens,Jamaica,40.70459850455545591785266879014670848846435546875,-73.8034340888389834844929282553493976593017578125,Entire home/apt,140,1
Awesome 3BR/1BA in Times Square!,471837613,Manhattan,Hell's Kitchen,40.75990543279156241851524100638926029205322265625,-73.994167454280415086032007820904254913330078125,Entire home/apt,286,1
Luxury Brownstone,152268277,Brooklyn,Bedford-Stuyvesant,40.69417566287840060113012441433966159820556640625,-73.94590678995058397049433551728725433349609375,Entire home/apt,1118,1
Peaceful 3-bedroom NoHo Loft,86113093,Manhattan,East Village,40.72621000000000179852577275596559047698974609375,-73.991119999999995116013451479375362396240234375,Entire home/apt,757,1
King Bed/ Free Parking/JFK/LGA/York College,162927656,Queens,Jamaica,40.69178884994556710807955823838710784912109375,-73.8051336130787518641227507032454013824462890625,Entire home/apt,116,1
Tasteful 2 Bedroom Oasis,117258312,Manhattan,Lower East Side,40.715578210389224977916455827653408050537109375,-73.986122673639243885190808214247226715087890625,Entire home/apt,218,1
Cozy Economy,31471563,Brooklyn,Flatbush,40.63493541451141055631524068303406238555908203125,-73.9590323812516317047993652522563934326171875,Entire home/apt,180,1
"Elegant 1 Bedroom Parkslope, Brooklyn Apartment.",368010652,Brooklyn,Prospect Heights,40.68230962275725204335685702972114086151123046875,-73.975899658124689040050725452601909637451171875,Entire home/apt,186,1
Very Clean Studio in Manhattan,61408134,Manhattan,Upper East Side,40.76162652385382756392573355697095394134521484375,-73.963017882390630575173418037593364715576171875,Entire home/apt,227,1
Cute apartment near the beach,496922858,Queens,Far Rockaway,40.5994644000000022288077161647379398345947265625,-73.7502564999999918882167548872530460357666015625,Entire home/apt,60,1
Spacious Brooklyn 3 Floor Brownstone,524733,Brooklyn,Bedford-Stuyvesant,40.68939000000000305590219795703887939453125,-73.9308400000000034424374462105333805084228515625,Entire home/apt,240,1
Unique studio in Manhattan,61408134,Manhattan,Midtown,40.7602443748557021763190277852118015289306640625,-73.9637480627811925160131067968904972076416015625,Entire home/apt,227,1
New Fully Equipped Apartment,500541724,Queens,Jamaica,40.70959910000001258367774426005780696868896484375,-73.7904855999999966797986417077481746673583984375,Entire home/apt,116,1
Standard Room with 2 Double Beds at Holiday Inn Express Times Square,470044717,Manhattan,Hell's Kitchen,40.7557569021595185176920494996011257171630859375,-73.99239442779645514747244305908679962158203125,Entire home/apt,218,1
Guest Room King Bed at Hampton inn Madison Square Garden,446770142,Manhattan,Midtown,40.7475235129373487552584265358746051788330078125,-73.989015043563227891354472376406192779541015625,Entire home/apt,258,1
Gramercy style goes east,32368779,Brooklyn,Bushwick,40.686130190060538325269590131938457489013671875,-73.9141988012721498080281889997422695159912109375,Entire home/apt,160,1
Hudson Yards Large Studio,258057196,Manhattan,Hell's Kitchen,40.755217545545974644483067095279693603515625,-73.9982241062774761530818068422377109527587890625,Entire home/apt,193,1
Luxury in the Heart of Brooklyn,136024214,Brooklyn,Cypress Hills,40.67918901107355367230411502532660961151123046875,-73.893115916894856809449265711009502410888671875,Entire home/apt,204,1
Cozy Coral Suite,500012134,Queens,St. Albans,40.6948950913540983265193062834441661834716796875,-73.758942062871284406355698592960834503173828125,Entire home/apt,96,1
(A) Basement Studio JFK/LGA/UBS,41922913,Queens,Queens Village,40.71788000000000096179064712487161159515380859375,-73.75159999999999627107172273099422454833984375,Entire home/apt,87,1
Amazing 2BR Rental in Upper East Side!,488065800,Manhattan,Upper East Side,40.7816358055665517667875974439084529876708984375,-73.951014433844875384238548576831817626953125,Entire home/apt,164,1
Sunny and Cozy 1BR Unit in NYC!,284960492,Manhattan,Upper East Side,40.77201943777556181203181040473282337188720703125,-73.953885857080450705325347371399402618408203125,Entire home/apt,225,1
New Years Eve at MVC NYC,142582141,Manhattan,Midtown,40.75133080706738297749325283803045749664306640625,-73.984824679791927337646484375,Entire home/apt,450,1
A unique experience in Harlem,498414968,Manhattan,Harlem,40.8214229442181277818235685117542743682861328125,-73.9530688089817118680002749897539615631103515625,Entire home/apt,150,1
Awesome Sunny Studio! Best Location!,325162665,Manhattan,Upper East Side,40.77058000000000248519427259452641010284423828125,-73.9527800000000041791281546466052532196044921875,Entire home/apt,250,1
Lower East Side Loft,44937903,Manhattan,Lower East Side,40.720550000000002910383045673370361328125,-73.986369999999993751771398819983005523681640625,Entire home/apt,220,1
Super spacious 7 bedroom. Great for group Getaway!,499074026,Queens,Astoria,40.76726128111345559545952710323035717010498046875,-73.9081374575612386479406268335878849029541015625,Entire home/apt,256,1
Beautiful Sun Drench Retreat,449756091,Manhattan,Harlem,40.81889365820686776942238793708384037017822265625,-73.9445241322631972025192226283252239227294921875,Entire home/apt,220,1
Heaven,495685976,Bronx,Longwood,40.8198008079158398686558939516544342041015625,-73.9034832212938255224798922426998615264892578125,Entire home/apt,94,1
Elegant Spacious 3 Bedrooms,377934109,Manhattan,Harlem,40.81810999999999722831489634700119495391845703125,-73.9463899999999938472683425061404705047607421875,Entire home/apt,185,1
Lee’s Brooklyn Townhome,457926465,Brooklyn,Bushwick,40.68537137490358901459330809302628040313720703125,-73.908488727647409177734516561031341552734375,Entire home/apt,149,1
Newly Renovated Apartment,500407084,Queens,Ozone Park,40.672272352665771677493466995656490325927734375,-73.847952304229721676165354438126087188720703125,Entire home/apt,99,1
Upper East Side Gem. 2 Bedroom,451163823,Manhattan,Upper East Side,40.7737792485191192781712743453681468963623046875,-73.9566864673396366924862377345561981201171875,Entire home/apt,800,1
Modern Cozy Studio Apartment,441017280,Staten Island,Emerson Hill,40.60078109999999895762812229804694652557373046875,-74.133604399999995848702383227646350860595703125,Entire home/apt,120,1
Lovely apartment with balcony,500021882,Brooklyn,Bushwick,40.6833276396115479656145907938480377197265625,-73.9072131354511867584733408875763416290283203125,Entire home/apt,280,1
Modern Living by Barclays Center,1800512,Brooklyn,Prospect Heights,40.68278000000000105274011730216443538665771484375,-73.9745599999999967621988616883754730224609375,Entire home/apt,180,1
Blackburn’s Suite,498430936,Queens,Hollis,40.70682000000000044792614062316715717315673828125,-73.7718200000000052796167437918484210968017578125,Entire home/apt,105,1
South Bronx Oasis,466989452,Bronx,Hunts Point,40.81412041442458615847499459050595760345458984375,-73.886832269751465673834900371730327606201171875,Entire home/apt,92,1
Minimalist studio apartment.,38093343,Queens,Jackson Heights,40.75223270000000042045940062962472438812255859375,-73.87783319999999775973265059292316436767578125,Entire home/apt,80,1
New York Vacay Starts Here! Pet-Friendly Unit!,496944100,Manhattan,Midtown,40.74345263107884562714389176107943058013916015625,-73.9859232447255266151842079125344753265380859375,Entire home/apt,326,1
New York Experience! 2 Modern Units! Pets Allowed,496944100,Manhattan,Flatiron District,40.74283325448342196750672883354127407073974609375,-73.987437778452175507482024841010570526123046875,Entire home/apt,844,1
Rare Find! 2 Units! Free Breakfast! Pet-Friendly,496944100,Manhattan,Midtown,40.74498636672260687419111491180956363677978515625,-73.9866142348837314557385980151593685150146484375,Entire home/apt,844,1
New York Getaway! 2 Modern Units! Pet-Friendly,496944100,Manhattan,Midtown,40.743401308080336775674368254840373992919921875,-73.9879139428445995463334838859736919403076171875,Entire home/apt,844,1
Ideal Family Vacation! 3 Pet-Friendly Units!,496944100,Manhattan,Midtown,40.7451200000000000045474735088646411895751953125,-73.9867200000000053705662139691412448883056640625,Entire home/apt,1265,1
You Found it! 3 Units! Free Breakfast!,496944100,Manhattan,Midtown,40.74434381263660043259733356535434722900390625,-73.985923142808104557843762449920177459716796875,Entire home/apt,1265,1
Wake up in New York! 3 Units! Free Breakfast!,496944100,Manhattan,Midtown,40.74475914248429120334549224935472011566162109375,-73.986120168065355073849787004292011260986328125,Entire home/apt,1265,1
Home Away from Home! Free Grab & Go Breakfast,496944100,Manhattan,Midtown,40.7442315400568730865416000597178936004638671875,-73.98816305285703265326446853578090667724609375,Entire home/apt,326,1
Near Battery Park! Free Breakfast! Pets Allowed,496944100,Manhattan,Midtown,40.7436295597113513622389291413128376007080078125,-73.987916522362723981132148765027523040771484375,Entire home/apt,365,1
Perfect Destination! Unit with Free Breakfast!,496944100,Manhattan,Flatiron District,40.74288196017025853734594420529901981353759765625,-73.9877231607738821139719220809638500213623046875,Entire home/apt,365,1
Cozy and Simple—1BR Apartment in BK,248944870,Brooklyn,Flatlands,40.63145256791587911493479623459279537200927734375,-73.9392203092856306057001347653567790985107421875,Entire home/apt,160,1
Apartamento juvenil muy acojedor,259888497,Queens,Astoria,40.75949825326083697518697590567171573638916015625,-73.9095442037048400152343674562871456146240234375,Entire home/apt,324,1
1 Bedroom in Elmhurst near Mall,334611519,Queens,Elmhurst,40.739070889600014879761147312819957733154296875,-73.8696364675864316495790262706577777862548828125,Entire home/apt,115,1
Gorgeous 2 bedroom in New York,163094301,Queens,Ditmars Steinway,40.7741826466523065164437866769731044769287109375,-73.9124413042517147687249234877526760101318359375,Entire home/apt,297,1
Short Drive to Brooklyn Bridge! Pets Allowed!,496944100,Manhattan,Midtown,40.74321338417853866076256963424384593963623046875,-73.986338591445047541128587909042835235595703125,Entire home/apt,314,1
Walk to Times Square! Free Breakfast!,496944100,Manhattan,Midtown,40.7428526665097052728015114553272724151611328125,-73.98645716435447639014455489814281463623046875,Entire home/apt,281,1
Stylish New York Living! Unit with Free Breakfast!,496944100,Manhattan,Midtown,40.74430231081881714771952829323709011077880859375,-73.987812060594507101995986886322498321533203125,Entire home/apt,697,1
New York Adventure! Unit Near Central Park!,496944100,Manhattan,Flatiron District,40.7430879216385193331007030792534351348876953125,-73.988103999671608335120254196226596832275390625,Entire home/apt,775,1
Brooklyn Heights Lux Space,39338516,Brooklyn,Brooklyn Heights,40.69021173642596522768144495785236358642578125,-73.994080184137516198461526073515415191650390625,Entire home/apt,395,1
Welcome Home,364330890,Queens,Flushing,40.72689895863894804506344371475279331207275390625,-73.8107614360616253179614432156085968017578125,Entire home/apt,69,1
The Serenity House / Yoga + Workspace,92841026,Brooklyn,Bedford-Stuyvesant,40.68197181234491921486551291309297084808349609375,-73.9291158823486540541125577874481678009033203125,Entire home/apt,166,1
City Escape! Near Prospect Park! Pets Allowed!,496944100,Brooklyn,Gowanus,40.6816510728558426990275620482861995697021484375,-73.9850739078045052110610413365066051483154296875,Entire home/apt,175,1
2 br loft the heart of Ridgewood,4667705,Queens,Ridgewood,40.7070194329793793031058157794177532196044921875,-73.9146218576161260216395021416246891021728515625,Entire home/apt,400,1
Mott haven Bronx Townhouse,498905143,Bronx,Longwood,40.81592536576491880850880988873541355133056640625,-73.900273242108966087471344508230686187744140625,Entire home/apt,180,1
Prime Williamsburg Nook,389500302,Brooklyn,Williamsburg,40.717433999999997240593074820935726165771484375,-73.957911499999994475729181431233882904052734375,Entire home/apt,151,1
Luxury 2b2b on Wall Street,28749352,Manhattan,Financial District,40.7040703581415783673946862109005451202392578125,-74.0071860953026572360613499768078327178955078125,Entire home/apt,1000,1
Cozy studio in the UES,36798066,Manhattan,Upper East Side,40.774934967305171085172332823276519775390625,-73.95100168883800506591796875,Entire home/apt,185,1
Luxe Ground Floor Living,436311597,Brooklyn,East Flatbush,40.6620821993113139569686609320342540740966796875,-73.9280592836271210899212746880948543548583984375,Entire home/apt,150,1
Large bedroom private entrance,432098605,Queens,Flushing,40.76252399390337899376390851102769374847412109375,-73.792085721279676135964109562337398529052734375,Entire home/apt,84,1
Private Studio with its own Kitchen and Bathroom.,317369930,Brooklyn,East Flatbush,40.6447399280569925394956953823566436767578125,-73.9202759603360703977159573696553707122802734375,Entire home/apt,86,1
Area 61 Spot,421282589,Brooklyn,Cypress Hills,40.679811000000000831278157420456409454345703125,-73.8925590000000056534190662205219268798828125,Entire home/apt,421,1
"4 Beds in 3BR+, Spacious Sunny Central Park North",402215343,Manhattan,Harlem,40.79966300000000245518094743601977825164794921875,-73.9545679999999947540345601737499237060546875,Entire home/apt,388,1
2 Bedroom with Garden Patio,440648976,Brooklyn,Greenpoint,40.7265207061332858984314952977001667022705078125,-73.9469672675067926093106507323682308197021484375,Entire home/apt,169,1
DowntownFree parkingJFK LGA EVch,162927656,Queens,Jamaica,40.692756624520569630476529709994792938232421875,-73.80709433400517127665807493031024932861328125,Entire home/apt,203,1
Lovely NYC Studio near Central Park /Columbia Uni,486475604,Manhattan,Harlem,40.80449344772767261702028918080031871795654296875,-73.9539038070242753519778489135205745697021484375,Entire home/apt,137,1
King bed/Free parking JFK/LGA/Best price,162927656,Queens,Jamaica,40.69269642369194883713134913705289363861083984375,-73.8068383991994352300025639124214649200439453125,Entire home/apt,688,1
Spacious 1BR Apartment in NYC!,391891939,Manhattan,Murray Hill,40.74470829652408809806729550473392009735107421875,-73.9743982093333301008897251449525356292724609375,Entire home/apt,150,1
10Min to Manhattan Woodside Apt,491347586,Queens,Woodside,40.74250589195684568721844698302447795867919921875,-73.90154224727206155876046977937221527099609375,Entire home/apt,148,1
Lovely 3BR! Near Time Square!,420008778,Manhattan,Hell's Kitchen,40.76295302781648643986045499332249164581298828125,-73.9942143861045593666858621872961521148681640625,Entire home/apt,250,1
Apartamento entero 1 bedroom• new York,494158698,Queens,Elmhurst,40.7405884617513862622217857278883457183837890625,-73.88063815177537208001012913882732391357421875,Entire home/apt,155,1
Cozy apartment,414375084,Brooklyn,Crown Heights,40.67605007852225895703668356873095035552978515625,-73.9146275303524618038863991387188434600830078125,Entire home/apt,164,1
Heart of New York! Club Wyndham Midtown 45-1 BR Pr,355450429,Manhattan,Midtown,40.75265999999999877445588936097919940948486328125,-73.9724800000000044519765651784837245941162109375,Entire home/apt,327,1
Mott haven 1 bedroom Townhouse,498905143,Bronx,Longwood,40.81394140400157510839562746696174144744873046875,-73.900651027395241499107214622199535369873046875,Entire home/apt,115,1
2 bedroom Townhouse Mott haven,498905143,Bronx,Longwood,40.815969545841852550438488833606243133544921875,-73.9006124934161192641113302670419216156005859375,Entire home/apt,165,1
Spacious apartment midtown,45700928,Manhattan,Hell's Kitchen,40.76053999999999888359525357373058795928955078125,-73.9882400000000046702552936039865016937255859375,Entire home/apt,252,1
Thom’s Golden Studio 1st floor/Wifi/nofees,192483383,Bronx,Norwood,40.8749876095948394549850490875542163848876953125,-73.884663738701675583797623403370380401611328125,Entire home/apt,113,1
Touch of Klass Suites,493915241,Queens,Jamaica,40.670569999999997889972291886806488037109375,-73.77559999999999718056642450392246246337890625,Entire home/apt,250,1
Near Brooklyn Bridge Park! Relaxing Stay!,496944100,Brooklyn,Gowanus,40.6819304161266614983105682767927646636962890625,-73.9844431932112200911433319561183452606201171875,Entire home/apt,175,1
Pets Allowed Here! Enjoy Manhattan City Views!,496944100,Brooklyn,Gowanus,40.68148625285336805745828314684331417083740234375,-73.9847025864679608275764621794223785400390625,Entire home/apt,175,1
Photo/Video. Events. Art Loft.,10196579,Manhattan,Hell's Kitchen,40.75569699999999784267856739461421966552734375,-73.9974031999999937170287012122571468353271484375,Entire home/apt,2500,1
2500 sq ft event space,410466990,Brooklyn,East Flatbush,40.6514625311025525888908305205404758453369140625,-73.931528614101580387796275317668914794921875,Entire home/apt,1500,1
Discover NYC! Steps to Rockefeller Center! Parking,496944100,Manhattan,Midtown,40.756437266792175933005637489259243011474609375,-73.9827714970947880601670476607978343963623046875,Entire home/apt,567,1
Located in the Heart of Midtown! Pets Allowed!,496944100,Manhattan,Midtown,40.75539602123487981089056120254099369049072265625,-73.983381262676857659243978559970855712890625,Entire home/apt,399,1
Spacious Apartment Near Subway,503294089,Brooklyn,Midwood,40.61589000000000027057467377744615077972412109375,-73.955839999999994915924617089331150054931640625,Entire home/apt,128,1
Comfort and Luxury! Pet-friendly Accommodation!,496944100,Manhattan,Midtown,40.75652000000000185764292837120592594146728515625,-73.9814099999999967849362292326986789703369140625,Entire home/apt,397,1
"Close to Chrysler Building! Pets Allowed, Parking!",496944100,Manhattan,Midtown,40.755865149639276978632551617920398712158203125,-73.98130253879691053953138180077075958251953125,Entire home/apt,397,1
Comfort and Luxury! Pet-friendly Accommodation!,496944100,Manhattan,Midtown,40.7549496219021847309704753570258617401123046875,-73.9812360052122670595053932629525661468505859375,Entire home/apt,369,1
"Close to Chrysler Building! Pets Allowed, Parking!",496944100,Manhattan,Midtown,40.75439999999999685087459511123597621917724609375,-73.9818599999999975125319906510412693023681640625,Entire home/apt,371,1
Discover NYC! Steps to Rockefeller Center! Parking,496944100,Manhattan,Midtown,40.75447041073033460634178481996059417724609375,-73.9815166068563740964236785657703876495361328125,Entire home/apt,371,1
Huge 2 Bedroom Luxury Apartment,307197943,Manhattan,Financial District,40.7104503999999991492586559616029262542724609375,-74.00601069999999026549630798399448394775390625,Entire home/apt,928,1
"Close to Chrysler Building! Pets Allowed, Parking!",496944100,Manhattan,Midtown,40.7565210387367216071652364917099475860595703125,-73.98193938959337856431375257670879364013671875,Entire home/apt,511,1
Spacious Double/Double Room at Civilian Nyc,496944100,Manhattan,Theater District,40.76028979795244566730616497807204723358154296875,-73.9869732721466561997658573091030120849609375,Entire home/apt,622,1
Spacious King ADA Room at Civilian Nyc,496944100,Manhattan,Hell's Kitchen,40.7622778397746827749870135448873043060302734375,-73.988076139450498658334254287183284759521484375,Entire home/apt,368,1
Spacious Queen Room at Civilian Nyc,496944100,Manhattan,Hell's Kitchen,40.76223711381611991555473650805652141571044921875,-73.9870312091526756148596177808940410614013671875,Entire home/apt,357,1
2 x Spacious Double/Double Rooms at Civilian Nyc,496944100,Manhattan,Hell's Kitchen,40.76052428973201813278137706220149993896484375,-73.9881096085752147928360500372946262359619140625,Entire home/apt,1181,1
Close to everything/ Huge Studio/,484159181,Manhattan,Upper East Side,40.76157310747826301167151541449129581451416015625,-73.9626109569702663293355726636946201324462890625,Entire home/apt,424,1
The Circle Suite Near JFK + Shopping Mall,503757175,Queens,Rosedale,40.6602160541894619427694124169647693634033203125,-73.730258425244983300217427313327789306640625,Entire home/apt,139,1
3 x Spacious Double/Double Rooms at Civilian Nyc,496944100,Manhattan,Hell's Kitchen,40.760748255260551786705036647617816925048828125,-73.9882350477846699732253910042345523834228515625,Entire home/apt,1865,1
Lovely 2 bedroom rental unite in Brooklyn.,482814253,Brooklyn,Flatbush,40.64605199999999740612111054360866546630859375,-73.9528930000000030986484489403665065765380859375,Entire home/apt,115,1
"Amazing Location - Flushing, NY",495367057,Queens,Flushing,40.75413850000000337558958563022315502166748046875,-73.82199159999998983039404265582561492919921875,Entire home/apt,128,1
Amazing Times Square Apartment,458319841,Manhattan,Hell's Kitchen,40.763840924916479480089037679135799407958984375,-73.99419682844160206514061428606510162353515625,Entire home/apt,186,1
Minutes to Central Park Zoo and MoMA! Parking!,496944100,Manhattan,Midtown,40.75497449844365149829172878526151180267333984375,-73.9830580646408861866802908480167388916015625,Entire home/apt,567,1
"Close to Chrysler Building! Pets Allowed, Parking!",496944100,Manhattan,Midtown,40.7547559368929483980537042953073978424072265625,-73.981663043248289568509790115058422088623046875,Entire home/apt,567,1
Feel at Home! Walk to Cooper Triangle!,496944100,Manhattan,Lower East Side,40.722932543603832300505018793046474456787109375,-73.989191768541246574386605061590671539306640625,Entire home/apt,206,1
Cozy Twin Accommodation at Civilian Nyc,496944100,Manhattan,Hell's Kitchen,40.76228850632714539869994041509926319122314453125,-73.9880981352464033307114732451736927032470703125,Entire home/apt,368,1
Loft with View of Empire State,42428175,Manhattan,East Village,40.727086092899327240957063622772693634033203125,-73.98689804492596522322855889797210693359375,Entire home/apt,319,1
Upper East Side Apartment,502665539,Manhattan,Upper East Side,40.7799801000000030626324587501585483551025390625,-73.954331300000006876871339045464992523193359375,Entire home/apt,140,1
"You Found it! 4 Units, Walk to Central Park!",496944100,Manhattan,Lower East Side,40.7220858477793825613844092004001140594482421875,-73.99070128895056086548720486462116241455078125,Entire home/apt,1134,1
Prime Location! Walk to Central Park Zoo,496944100,Manhattan,Theater District,40.760420414264416422156500630080699920654296875,-73.9864261333190142977400682866573333740234375,Entire home/apt,2361,1
Good Vibes & Sunrise,78408136,Queens,Richmond Hill,40.70170081903660275202128104865550994873046875,-73.8245344306107114107362576760351657867431640625,Entire home/apt,79,1
Designer Loft in West Village,157271408,Manhattan,West Village,40.73183298189666601274439017288386821746826171875,-74.01021824807656912525999359786510467529296875,Entire home/apt,380,1
"6 Beds Close to Central Park, Broadway",484779743,Manhattan,Upper West Side,40.78529896985553904187327134422957897186279296875,-73.9785802331470989656736492179334163665771484375,Entire home/apt,324,1
4 x Spacious Double/Double Rooms at Civilian Nyc,496944100,Manhattan,Hell's Kitchen,40.76247864007907395489382906816899776458740234375,-73.9864426479774834888303303159773349761962890625,Entire home/apt,2299,1
Relaxing Queen Room at Civilian Nyc,496944100,Manhattan,Hell's Kitchen,40.76211879769979162801973870955407619476318359375,-73.9866121451117209062431356869637966156005859375,Entire home/apt,287,1
Oasis in Prime Midtown Location,55847468,Manhattan,Midtown,40.75902813848002637087120092473924160003662109375,-73.9720129795971246267072274349629878997802734375,Entire home/apt,189,1
Event/ Party Hall W Tvs,428789957,Staten Island,Port Richmond,40.6335233656216274766848073340952396392822265625,-74.1337314735788339703503879718482494354248046875,Entire home/apt,800,1
Relax and Recharge! 4 Pet-friendly Units,496944100,Manhattan,Theater District,40.7618368164251734242498059757053852081298828125,-73.9863530497990353751447401009500026702880859375,Entire home/apt,2443,1
Large One Bedroom apartment Brooklyn Brownstone,446908191,Brooklyn,Cypress Hills,40.68786999999999665078576072119176387786865234375,-73.8731499999999954297891235910356044769287109375,Entire home/apt,90,1
NYC Vacay Starts Here! 2 Pet-Friendly Units!,496944100,Brooklyn,Gowanus,40.68322389888714241124034742824733257293701171875,-73.9847337409687639819821924902498722076416015625,Entire home/apt,348,1
Lost in NYC! 2 Relaxing Units! Pets Allowed!,496944100,Brooklyn,Gowanus,40.68195134789164768562841345556080341339111328125,-73.9866707095187479126252583228051662445068359375,Entire home/apt,348,1
You Found It! 2 Cozy Unit Near Brooklyn Bridge,496944100,Brooklyn,Gowanus,40.6820702482811071831747540272772312164306640625,-73.984406121394584943118388764560222625732421875,Entire home/apt,348,1
Ridgewood / Bushwick duplex,24525564,Queens,Ridgewood,40.70217071381014051212332560680806636810302734375,-73.90047493823976765270344913005828857421875,Entire home/apt,228,1
Fully-furnished 2Br|Columbus Ave,387999551,Manhattan,Upper West Side,40.7923165256566022662809700705111026763916015625,-73.9656664295776380413371953181922435760498046875,Entire home/apt,360,1
Hideaway Spot,439618577,Brooklyn,Crown Heights,40.672457780865812537740566767752170562744140625,-73.9484287316172554938020766712725162506103515625,Entire home/apt,100,1
NYC Trip Like No Other! Relaxing Stay in Brooklyn!,496944100,Brooklyn,Gowanus,40.68219887937191714399887132458388805389404296875,-73.9865192415578718510005273856222629547119140625,Entire home/apt,175,1
"Perfect for Business Travel! 3 Units, Parking",496944100,Manhattan,Lower East Side,40.72285000000000110276232589967548847198486328125,-73.989090000000004465618985705077648162841796875,Entire home/apt,843,1
Feel The New York Experience! 2 Relaxing Stays!,496944100,Manhattan,East Village,40.72433343961672136401830357499420642852783203125,-73.9910442503146867920804652385413646697998046875,Entire home/apt,567,1
Spacious apartment in Queens! Close to Subway!,434276514,Queens,Elmhurst,40.746993878549318424120428971946239471435546875,-73.8743954287325124141716514714062213897705078125,Entire home/apt,95,1
Walk to Brooklyn Heights! Pet-Friendly Unit,496944100,Brooklyn,Gowanus,40.6828385134197532124744611792266368865966796875,-73.9845493797241289257726748473942279815673828125,Entire home/apt,175,1
Minutes to Central Park Zoo and MoMA! Parking!,496944100,Manhattan,Theater District,40.7563981097908509809712995775043964385986328125,-73.9832742455229350753143080510199069976806640625,Entire home/apt,511,1
Cozy Residential Home,394333507,Staten Island,Bull's Head,40.61691119999999699530235375277698040008544921875,-74.164651899999995521284290589392185211181640625,Entire home/apt,254,1
"You Found it! Pet-friendly, Near Fashion District",496944100,Manhattan,Hell's Kitchen,40.7624488050868052368969074450433254241943359375,-73.98855880030123444157652556896209716796875,Entire home/apt,305,1
"Rare Gem! Pets Allowed, Walk to Rockefeller Center",496944100,Manhattan,Hell's Kitchen,40.7605099999999964666130836121737957000732421875,-73.9882400000000046702552936039865016937255859375,Entire home/apt,392,1
"Close to Chrysler Building! 3 Spaces, Parking!",496944100,Manhattan,Theater District,40.75674494819543980383969028480350971221923828125,-73.9833131214036114897680818103253841400146484375,Entire home/apt,1293,1
"Comfort and Luxury! 3 Spaces, Pets are Allowed",496944100,Manhattan,Midtown,40.7552700846013777891130303032696247100830078125,-73.9811240964294682953550363890826702117919921875,Entire home/apt,1329,1
"Comfort and Convenience! Parking, Pets Allowed!",496944100,Manhattan,Theater District,40.75662551306849223919925861991941928863525390625,-73.98311636978615979387541301548480987548828125,Entire home/apt,326,1
Designer NYC Apt with Class,499729479,Manhattan,Chelsea,40.74869000000000340833139489404857158660888671875,-73.9970100000000030604496714659035205841064453125,Entire home/apt,544,1
Discover NYC! Steps to Rockefeller Center! Parking,496944100,Manhattan,Midtown,40.75667863906326005007940693758428096771240234375,-73.9818330219223980748211033642292022705078125,Entire home/apt,369,1
Get Lost In NYC! Modern Unit Near Central Park,496944100,Manhattan,Lower East Side,40.7237115011214569904041127301752567291259765625,-73.99122042553750588922412134706974029541015625,Entire home/apt,213,1
"Relaxing Unit for Business Trips! 2 Units, Parking",496944100,Manhattan,Lower East Side,40.7222943955094791590454406104981899261474609375,-73.989562309289766517395037226378917694091796875,Entire home/apt,561,1
You Found It! Explore More of the Big Apple!,496944100,Manhattan,Lower East Side,40.72201016969111009302650927565991878509521484375,-73.9905733354807608748160419054329395294189453125,Entire home/apt,561,1
"Close to Chrysler Building! Pets Allowed, Parking!",496944100,Manhattan,Midtown,40.7548038397694796231007785536348819732666015625,-73.981304415905498217398417182266712188720703125,Entire home/apt,369,1
2Bed-2Bath Luxury Penthouse,307197943,Manhattan,Financial District,40.710450494361708706492208875715732574462890625,-74.006010778248310089111328125,Entire home/apt,885,1
Located in the Heart of Midtown! Pets Allowed!,496944100,Manhattan,Theater District,40.75629978999163682829021126963198184967041015625,-73.983062151172589437919668853282928466796875,Entire home/apt,371,1
Located in the Heart of Midtown! Pets Allowed!,496944100,Manhattan,Theater District,40.75610000000000354702933691442012786865234375,-73.98345000000000482032191939651966094970703125,Entire home/apt,444,1
"Close to Chrysler Building! Pets Allowed, Parking!",496944100,Manhattan,Midtown,40.75446285343786456678571994416415691375732421875,-73.9814909567546266089266282506287097930908203125,Entire home/apt,444,1
Midtown 2bed (Brand New),307197943,Manhattan,Hell's Kitchen,40.759080292928587141432217322289943695068359375,-73.99557195603847503662109375,Entire home/apt,741,1
Two Space Close to Central Park Zoo and MoMA!,496944100,Manhattan,Midtown,40.75457689393514471021262579597532749176025390625,-73.9829443989110728807645500637590885162353515625,Entire home/apt,887,1
Two Pet-friendly Units! Parking Available!,496944100,Manhattan,Midtown,40.75502896442581146629891009069979190826416015625,-73.98159431654147510926122777163982391357421875,Entire home/apt,863,1
Located in the Heart of Midtown! ! 3 Spaces,496944100,Manhattan,Midtown,40.7550656099253529873749357648193836212158203125,-73.9812674517134354346126201562583446502685546875,Entire home/apt,1293,1
5 Star 2 Bedroom Penthouse,307197943,Manhattan,Financial District,40.710450494361708706492208875715732574462890625,-74.006010778248310089111328125,Entire home/apt,899,1
Minutes to Central Park Zoo and MoMA! Parking!,496944100,Manhattan,Midtown,40.7567550445205171172347036190330982208251953125,-73.9826474090318271237265435047447681427001953125,Entire home/apt,444,1
Rare Find! 2 Modern Units! Near Central Park!,496944100,Manhattan,Lower East Side,40.72193646548003442831031861715018749237060546875,-73.990741744162932036488200537860393524169921875,Entire home/apt,511,1
Rare Find! Near American Museum of Natural History,496944100,Manhattan,Theater District,40.761040312217943437644862569868564605712890625,-73.9866266334478979160849121399223804473876953125,Entire home/apt,586,1
Relax and Recharge! Pet-friendly Property,496944100,Manhattan,Hell's Kitchen,40.7623337570344830282920156605541706085205078125,-73.986872630629164859783486463129520416259765625,Entire home/apt,580,1
Modern Convenience! 2 Units Near Times Square!,496944100,Manhattan,Lower East Side,40.72253554638283645772389718331396579742431640625,-73.991175282466855378515901975333690643310546875,Entire home/apt,511,1
Cozy 3bedroom Center of Queens,182980197,Queens,East Elmhurst,40.75444244960349493567264289595186710357666015625,-73.8963628006340655929307104088366031646728515625,Entire home/apt,165,1
Brooklyn Boho:Himrod St. Getaway,136795744,Brooklyn,Bushwick,40.70174053483884080151256057433784008026123046875,-73.9199085276531064891969435848295688629150390625,Entire home/apt,240,1
Dpt.1 piso  renovado,158799692,Bronx,Edenwald,40.88997710000000296304278890602290630340576171875,-73.836545599999993783058016560971736907958984375,Entire home/apt,111,1
Fantastic 3BD space in Bushwick,503378668,Brooklyn,Bushwick,40.6882159000000029891452868469059467315673828125,-73.9065652999999969097189023159444332122802734375,Entire home/apt,144,1
You Found it! Enjoy NY CIty Views!,496944100,Manhattan,East Village,40.7243279567055651568807661533355712890625,-73.9899923104095904591304133646190166473388671875,Entire home/apt,206,1
Minutes from Brooklyn Bridge! Relaxing Stay!,496944100,Manhattan,East Village,40.72394533287924645037492155097424983978271484375,-73.99081671291077100249822251498699188232421875,Entire home/apt,206,1
feel the atmosphere of Brooklyn,503507946,Brooklyn,Bay Ridge,40.62159050000000348745743394829332828521728515625,-74.0227612000000050329617806710302829742431640625,Entire home/apt,226,1
Comfort and Luxury! Pet-friendly Accommodation!,496944100,Manhattan,Midtown,40.755890200765549025163636542856693267822265625,-73.98316761948677822147146798670291900634765625,Entire home/apt,511,1
Minutes to Central Park Zoo and MoMA! Parking!,496944100,Manhattan,Midtown,40.75633324348176955709277535788714885711669921875,-73.981279371622122198459692299365997314453125,Entire home/apt,326,1
Located in the Heart of Midtown! Pets Allowed!,496944100,Manhattan,Midtown,40.7545719351034421151780406944453716278076171875,-73.983092859419002706999890506267547607421875,Entire home/apt,326,1
Cozy Room with inbuilt bathroom16mins to Airport,394333507,Staten Island,Bull's Head,40.61744947642740299897923250682651996612548828125,-74.1657963954991146238171495497226715087890625,Entire home/apt,95,1
Luxurious Landings Near JFK/LGA,373096495,Queens,Springfield Gardens,40.6685599437819433887852937914431095123291015625,-73.7650400996041497592159430496394634246826171875,Entire home/apt,250,1
Rutland Studio,436311597,Brooklyn,East Flatbush,40.661556159426680778778973035514354705810546875,-73.9280098794434934461605735123157501220703125,Entire home/apt,112,1
"Take a Walk in Central Park! 2 Units, Parking",496944100,Manhattan,East Village,40.7239671473187030414919718168675899505615234375,-73.9909691257519313012380735017359256744384765625,Entire home/apt,623,1
4BD RM | King Beds | NYC 30 mins,398622781,Bronx,Schuylerville,40.8392396326725020117009989917278289794921875,-73.8311943068309375348690082319080829620361328125,Entire home/apt,163,1
Arch Transportation bus service,31884399,Queens,Cambria Heights,40.685066620016669958204147405922412872314453125,-73.731442752632489145980798639357089996337890625,Entire home/apt,140,1
1-Bedroom-Home,465866457,Queens,Flushing,40.7555163671937208391682361252605915069580078125,-73.7932411694334717822130187414586544036865234375,Entire home/apt,79,1
Cozy 1BDR-Times Square /Theaters,218612882,Manhattan,Hell's Kitchen,40.76111404235400215156914782710373401641845703125,-73.9898448229676972687229863367974758148193359375,Entire home/apt,252,1
2BR/1BA Apartment in Midtown!,234755971,Manhattan,Midtown,40.76488842250144983836435130797326564788818359375,-73.98209537270298596922657452523708343505859375,Entire home/apt,229,1
Pet-friendly Property! Short Drive to Times Square,496944100,Manhattan,Hell's Kitchen,40.76201565939123838688828982412815093994140625,-73.9885624118491165290834032930433750152587890625,Entire home/apt,287,1
Prime Location! Pet-friendly Property,496944100,Manhattan,Hell's Kitchen,40.76196877508869675921232555992901325225830078125,-73.9866262711564246501438901759684085845947265625,Entire home/apt,392,1
"Look No More! Pets Allowed, Near Central Park Zoo",496944100,Manhattan,Hell's Kitchen,40.7616413248308191441537928767502307891845703125,-73.9884662781317246071921545080840587615966796875,Entire home/apt,368,1
"Quiet, spacious apartment",25153167,Brooklyn,Clinton Hill,40.68106516555297247350608813576400279998779296875,-73.962284400086815594477229751646518707275390625,Entire home/apt,90,1
Guest Room with 2 Double Beds at Hilton Garden Inn JFK,445703386,Queens,South Ozone Park,40.66478000000000037061909097246825695037841796875,-73.8069100000000020145307644270360469818115234375,Entire home/apt,709,1
You Found it! Near Barclays Center! Pet-Friendly!,496944100,Brooklyn,Gowanus,40.68304150470567748243411188013851642608642578125,-73.9846724909070161402269150130450725555419921875,Entire home/apt,175,1
New York Adventure! 3 Modern Units! Pets Allowed,496944100,Brooklyn,Gowanus,40.68373169557771262816459056921303272247314453125,-73.9857697206023914304751087911427021026611328125,Entire home/apt,523,1
St. Regis Residence Club - 1 BR Suite. 5th Ave NYC,482204791,Manhattan,Midtown,40.761809999999996989572537131607532501220703125,-73.9722799999999978126652422361075878143310546875,Entire home/apt,1466,1
Modern Entire 2 bedrooms 15 Mins to Times Square,469080688,Queens,Maspeth,40.7379600000000010595613275654613971710205078125,-73.9016100000000051295501179993152618408203125,Entire home/apt,139,1
Lovely 1-bedroom in the heart of Bedstuy Brooklyn,9339818,Brooklyn,Bedford-Stuyvesant,40.683750000000003410605131648480892181396484375,-73.9447200000000037789504858665168285369873046875,Entire home/apt,200,1
Luxury 1 Bedroom Apartment Astoria,461008044,Queens,Astoria,40.76924000000000347654349752701818943023681640625,-73.9341500000000024783730623312294483184814453125,Entire home/apt,318,1
Charming 1B Apartment in Gramercy,34556363,Manhattan,Gramercy,40.73688899999999790679794386960566043853759765625,-73.9830869999999976016624714247882366180419921875,Entire home/apt,165,1
Newly Renovated 2 Bedroom Apartment,451356592,Queens,Jamaica,40.68061999999999756028046249412000179290771484375,-73.7772700000000014597389963455498218536376953125,Entire home/apt,140,1
Beautiful & New 3 bedroom 1 block from subway!,484692810,Brooklyn,Crown Heights,40.66798560000000151148924487642943859100341796875,-73.93073520000001508378772996366024017333984375,Entire home/apt,318,1
Brooklyn Trio Luxe - Entire home,7065964,Brooklyn,Cypress Hills,40.6773400000000009413270163349807262420654296875,-73.894149999999996225596987642347812652587890625,Entire home/apt,1000,1
Private House w/Huge Private Yard steps to Subway!,484692810,Brooklyn,Crown Heights,40.6688199999999966394170769490301609039306640625,-73.9300099999999957844920572824776172637939453125,Entire home/apt,411,1
NEW! 2 bed Luxury in the Heart of Brooklyn,7065964,Brooklyn,Cypress Hills,40.67914999999999992041921359486877918243408203125,-73.895070000000004029061528854072093963623046875,Entire home/apt,250,1
Huge Studio Private Backyard 1 block from Subway!,484692810,Brooklyn,Crown Heights,40.66734000000000293084667646326124668121337890625,-73.9316199999999952297002892009913921356201171875,Entire home/apt,200,1
Manhattan luxurious central fast WiFi,483477192,Manhattan,Upper East Side,40.77329999999999898818714427761733531951904296875,-73.947059999999993351593730039894580841064453125,Entire home/apt,189,1
Lovely 2 Bedrooms in Brooklyn,486203412,Brooklyn,East New York,40.67528039999999833753463462926447391510009765625,-73.883127500000000509317032992839813232421875,Entire home/apt,92,1
Newly Listed Giant 1 Bed Apt in Midtown Manhattan,35566182,Manhattan,Midtown,40.7609599999999971942088450305163860321044921875,-73.9737099999999969668351695872843265533447265625,Entire home/apt,436,1
Lovely 1 bedroom rental in Prime Soho Location.,442706042,Manhattan,SoHo,40.7246999999999985675458447076380252838134765625,-74.0023400000000037834979593753814697265625,Entire home/apt,350,1
Luxury Status in the Heart of Brooklyn,7065964,Brooklyn,Cypress Hills,40.6775499999999965439201332628726959228515625,-73.893069999999994479367160238325595855712890625,Entire home/apt,300,1
The Perfect Soiree Loft,485850605,Brooklyn,Flatlands,40.6313200000000023237589630298316478729248046875,-73.9227599999999966939867590554058551788330078125,Entire home/apt,770,1
Spacious Brooklyn Apt; Clinton Hill,38837666,Brooklyn,Clinton Hill,40.68560000000000087538865045644342899322509765625,-73.9650299999999987221599440090358257293701171875,Entire home/apt,287,1
1 bedroom apartment in luxury building,486090705,Manhattan,Hell's Kitchen,40.7623200000000025511326384730637073516845703125,-73.9982700000000050977178034372627735137939453125,Entire home/apt,200,1
Lovely and cozy 1 bedroom basement APT in Queens.,265876442,Queens,Jamaica,40.669950000000000045474735088646411895751953125,-73.7666100000000000136424205265939235687255859375,Entire home/apt,121,1
lovely 1 Bedroom and living room in Ridgewood.,252541268,Brooklyn,Bushwick,40.70255999999999829697117093019187450408935546875,-73.9149799999999999045030563138425350189208984375,Entire home/apt,128,1
Event/Production Studio Space with Cyclorama,483299496,Manhattan,Tribeca,40.7178899999999970304997987113893032073974609375,-74.003299999999995861799106933176517486572265625,Entire home/apt,850,1
Lovely 1-Bedroom Apartment 5 min from Verrazano,253937249,Staten Island,Concord,40.5986199999999968213160173036158084869384765625,-74.0764999999999957935870043002068996429443359375,Entire home/apt,100,1
Spacious New Upper East Side Apt,418867492,Manhattan,Upper East Side,40.77248999999999767851477372460067272186279296875,-73.9601300000000065892891143448650836944580078125,Entire home/apt,247,1
Luxury 3-Bedroom Villa in Brooklyn with Parking,35174210,Brooklyn,Bay Ridge,40.629109999999997171471477486193180084228515625,-74.0272599999999982856024871580302715301513671875,Entire home/apt,600,1
"Mediterranean Townhouse with Rooftop, 8000sqft",465579714,Manhattan,Lower East Side,40.72117999999999682358975405804812908172607421875,-73.990440000000006648406269960105419158935546875,Entire home/apt,4100,1
NYC Peaceful Place 12min to LGA Airport &CitiField,240306801,Bronx,Throgs Neck,40.827282900000000154250301420688629150390625,-73.8259737999999998692146618850529193878173828125,Entire home/apt,153,1
Lovely Duplex with 1.5 baths and washer dryer,346486590,Manhattan,Upper East Side,40.77995875349829901779230567626655101776123046875,-73.9485307116935786098110838793218135833740234375,Entire home/apt,396,1
New and simple 3 bedroom apartment in Queens,482929446,Queens,Corona,40.73964000000000140744305099360644817352294921875,-73.8645700000000005047695594839751720428466796875,Entire home/apt,229,1
Luxurious PH with outdoor space,77074200,Manhattan,Chelsea,40.74004000000000047521098167635500431060791015625,-74.00168999999999641659087501466274261474609375,Entire home/apt,3143,1
Sunny 1 Bedroom in East Village,76619663,Manhattan,East Village,40.72359000000000150976120494306087493896484375,-73.9836399999999940746420179493725299835205078125,Entire home/apt,200,1
SoHo City View Penthouse Suite in Hotel Comfort,470859718,Manhattan,SoHo,40.72008000000000293994162348099052906036376953125,-74.0015700000000009595169103704392910003662109375,Entire home/apt,207,1
Centrally Located Brownstone Garden Apartment,391877894,Brooklyn,Crown Heights,40.6737499999999982946974341757595539093017578125,-73.9407700000000005502442945726215839385986328125,Entire home/apt,120,1
Bright and cozy loft in Harlem.,483057505,Manhattan,Harlem,40.82307999999999736928657512180507183074951171875,-73.952640000000002373781171627342700958251953125,Entire home/apt,168,1
2BR Home+JFK in 15 min+Free Parking+NYC in 30min,483068348,Queens,St. Albans,40.6991430068917310336473747156560420989990234375,-73.7799387406983129267246113158762454986572265625,Entire home/apt,103,1
Amazing Brooklyn loft!,15788147,Brooklyn,Bedford-Stuyvesant,40.69068094246180322670625173486769199371337890625,-73.9602590220327869019456556998193264007568359375,Entire home/apt,253,1
Japandi chic with stunning sunset view!,483629476,Brooklyn,Williamsburg,40.7073400000000020781953935511410236358642578125,-73.9278900000000049885784392245113849639892578125,Entire home/apt,172,1
Beautiful 1 bedroom in the Heart of Brooklyn,41557022,Brooklyn,Bedford-Stuyvesant,40.68912999999999868805389269255101680755615234375,-73.9359299999999990404830896295607089996337890625,Entire home/apt,106,1
"Lovely, spacious 1-bedroom apartment in Brooklyn",483214440,Brooklyn,Bushwick,40.70465999999999695546648581512272357940673828125,-73.9180999999999954752638586796820163726806640625,Entire home/apt,193,1
Cozy 2BD Apt <10 mins to JFK airport w/ fast Wi-Fi,231010965,Queens,Jamaica,40.67688649999998773409970453940331935882568359375,-73.7996081000000003768946044147014617919921875,Entire home/apt,145,1
Sun-Drenched Loft Workspace,465579714,Brooklyn,Navy Yard,40.69883999999999701913111493922770023345947265625,-73.97665000000000645741238258779048919677734375,Entire home/apt,1550,1
Cheerful 3 bedrooms in Forest Hills next to all.,27648573,Queens,Forest Hills,40.73314309999999949241100694052875041961669921875,-73.8505420999999984132955432869493961334228515625,Entire home/apt,388,1
Funky Studio in Greenpoint,268857972,Brooklyn,Greenpoint,40.7278400000000004865796654485166072845458984375,-73.9537299999999930832927930168807506561279296875,Entire home/apt,183,1
Lovely 1 bedroom in the UES - New York,16394525,Manhattan,Upper East Side,40.7745488673495657394596491940319538116455078125,-73.95488074289784208303899504244327545166015625,Entire home/apt,260,1
Brand new beautiful one bedroom apartment.,71542212,Brooklyn,Williamsburg,40.712560899999999719511833973228931427001953125,-73.952207700000002432716428302228450775146484375,Entire home/apt,925,1
Unique Artist Loft Tribeca 4200 sqft,465579714,Manhattan,Tribeca,40.71813999999999822421159478835761547088623046875,-74.0039000000000015688783605583012104034423828125,Entire home/apt,3600,1
2br-Family Friendly-No Cleaning Fee-30min to JFK,333057838,Brooklyn,Flatlands,40.63242629999999877554728300310671329498291015625,-73.9228250999999971782017382793128490447998046875,Entire home/apt,173,1
Beach House for Eco Getaway,44772065,Brooklyn,Brighton Beach,40.5739380953592814194053062237799167633056640625,-73.9662104635406620900539564900100231170654296875,Entire home/apt,195,1
Lovely Gem in Prime location of Park Slope,42069602,Brooklyn,South Slope,40.661259999999998626663000322878360748291015625,-73.9840099999999978308551362715661525726318359375,Entire home/apt,211,1
Lovely and complete space close to the train!,486817080,Queens,Elmhurst,40.74630090000000137706592795439064502716064453125,-73.885139699999996309998095966875553131103515625,Entire home/apt,119,1
Gorgeous 3-Bedroom Apt in Queens (5 mins from JFK),486808291,Queens,South Ozone Park,40.6722400000000021691448637284338474273681640625,-73.7903299999999973124431562609970569610595703125,Entire home/apt,264,1
Beautiful 2 bedroom 5min from JFK airport.,368465567,Queens,Jamaica,40.671109999999998763087205588817596435546875,-73.7805100000000066984284785576164722442626953125,Entire home/apt,190,1
Nice Family Unit. Walk to 40 Eateries in Crown Hts,484334138,Brooklyn,Crown Heights,40.66935000000000144382283906452357769012451171875,-73.9497000000000070940586738288402557373046875,Entire home/apt,87,1
"Pool Table, Grill, Fireplace, TV, Huge Terrace",460459520,Staten Island,Todt Hill,40.6030700000000024374458007514476776123046875,-74.1028000000000020008883439004421234130859375,Entire home/apt,348,1
Contemporary 2 Bedroom Duplex Smart Home Near LGA,70774951,Queens,East Elmhurst,40.7670600000000007412381819449365139007568359375,-73.8797799999999966757968650199472904205322265625,Entire home/apt,209,1
Cozy 3-bedroom in Brooklyn,405681246,Brooklyn,Cypress Hills,40.68027000000000015234036254696547985076904296875,-73.893990000000002282831701450049877166748046875,Entire home/apt,130,1
Lovely 2 Bedroom Apartment in Heart of NYC!,8998779,Manhattan,Kips Bay,40.74316999999999922010829322971403598785400390625,-73.981660000000005084075382910668849945068359375,Entire home/apt,345,1
Utica’s Hidden Gem,92082876,Brooklyn,Crown Heights,40.67528999999999683723217458464205265045166015625,-73.9299400000000019872459233738481998443603515625,Entire home/apt,175,1
"A Cozy Stay in East Ny, Brooklyn",433677671,Brooklyn,East New York,40.6681999999999987949195201508700847625732421875,-73.859499999999997044142219237983226776123046875,Entire home/apt,95,1
Beautiful house with backyard and BBQ place,484826444,Brooklyn,Sea Gate,40.577961329444320881520980037748813629150390625,-74.010970116532888596339034847915172576904296875,Entire home/apt,123,1
2 Bed Room Unit Next to Train Station,485359574,Queens,Richmond Hill,40.69880599999999759575075586326420307159423828125,-73.8325669999999973924786900170147418975830078125,Entire home/apt,131,1
SoHo View Penthouse Family Suite in Hotel Comfort,470859718,Manhattan,SoHo,40.72028999999999854253474040888249874114990234375,-74.0012100000000003774403012357652187347412109375,Entire home/apt,188,1
SoHo Room Selected at Check-in #5,470859718,Manhattan,SoHo,40.7198800000000034060576581396162509918212890625,-74.00078999999999496139935217797756195068359375,Entire home/apt,232,1
Standard Room with 1 King Bed at Holiday Inn Express Wall Street,474812165,Manhattan,Financial District,40.70483999999999724650479038245975971221923828125,-74.0079099999999954206941765733063220977783203125,Entire home/apt,149,1
Lovely 2-bedroom unit with firepit and plant wall,22526256,Brooklyn,Crown Heights,40.67193999999999931560523691587150096893310546875,-73.959959999999995261532603763043880462646484375,Entire home/apt,250,1
Best location and best quality comfy studio in NYC,474852151,Manhattan,Midtown,40.74844999999999828332875040359795093536376953125,-73.9856500000000067984728957526385784149169921875,Entire home/apt,156,1
Private studio paradise with kitchen,426250815,Queens,Woodhaven,40.69080000000000296722646453417837619781494140625,-73.8567699999999973670128383673727512359619140625,Entire home/apt,80,1
Spacious 5BR Charmer | Walk to Parks | Parking,485070807,Brooklyn,East Flatbush,40.662340000000000372892827726900577545166015625,-73.927920000000000300133251585066318511962890625,Entire home/apt,341,1
National at 888 Sixth Avenue - 1BR,425502493,Manhattan,Chelsea,40.74889999999999901092451182194054126739501953125,-73.9897399999999976216713548637926578521728515625,Entire home/apt,246,1
Amazing - 1 Bed - 2 Floor Penthouse in Brooklyn,433236748,Brooklyn,Bedford-Stuyvesant,40.68410999999999688725438318215310573577880859375,-73.9298600000000050158632802776992321014404296875,Entire home/apt,1000,1
Cozy 2 bedroom apartment with free private parking,479058559,Bronx,Schuylerville,40.8408299999999968576958053745329380035400390625,-73.8358199999999982310328050516545772552490234375,Entire home/apt,120,1
3 bedroom townhouse located near bus & shopping,385983554,Queens,Kew Gardens Hills,40.72386999999999801502781338058412075042724609375,-73.8182699999999982765075401403009891510009765625,Entire home/apt,225,1
Lovely 1 bed room rental east Harlem NYC,234234513,Manhattan,East Harlem,40.7931999999999987949195201508700847625732421875,-73.939449999999993679011822678148746490478515625,Entire home/apt,350,1
Clean 3 Bedroom2 bath close to Subway and hospital,39395765,Bronx,Williamsbridge,40.87750460000000174431988853029906749725341796875,-73.854361699999998336352291516959667205810546875,Entire home/apt,211,1
Spacious studio in a doorman building in FiDi,485324628,Manhattan,Financial District,40.70664000000000015688783605583012104034423828125,-74.0043699999999944338924251496791839599609375,Entire home/apt,275,1
Lovely 2 - Bedroom Rental Unit in Woodside Queens!,485173366,Queens,Woodside,40.74264190000000240843291976489126682281494140625,-73.907570999999990135620464570820331573486328125,Entire home/apt,150,1
*NEW* Modern Luxury Chic,486799671,Brooklyn,East Flatbush,40.652230000000002974047674797475337982177734375,-73.948849999999993087840266525745391845703125,Entire home/apt,436,1
This is a lovely unit with free parking.,217326324,Brooklyn,East Flatbush,40.6344399999999978945197653956711292266845703125,-73.946449999999998681232682429254055023193359375,Entire home/apt,243,1
Delightful Space For Events,486781337,Queens,Jamaica,40.69859999999999899955582804977893829345703125,-73.791480000000007066773832775652408599853515625,Entire home/apt,1500,1
Cozy Sub-Level 2 Beds 15 Mins from Times Square,251455701,Queens,Sunnyside,40.74638999999999811052475706674158573150634765625,-73.91415000000000645741238258779048919677734375,Entire home/apt,260,1
A Bright Spot In Brooklyn,485988649,Brooklyn,Sunset Park,40.64382577075338787153668818064033985137939453125,-74.015849082165203753902460448443889617919921875,Entire home/apt,181,1
Relaxing 3BR Rental in NYC! Mins to PENN Station!,476342614,Manhattan,Chelsea,40.750709999999997990016709081828594207763671875,-73.9969899999999967121766530908644199371337890625,Entire home/apt,279,1
Convenient Studio minutes away from The Big Apple.,56130007,Brooklyn,Bedford-Stuyvesant,40.6806100000000014915713109076023101806640625,-73.95067000000000234649633057415485382080078125,Entire home/apt,205,1
Cozy apartment in the heart of the East Village,572879,Manhattan,East Village,40.72581000000000273075784207321703433990478515625,-73.982290000000006102709448896348476409912109375,Entire home/apt,276,1
SoHo apartment,22322427,Manhattan,SoHo,40.72652000000000072077455115504562854766845703125,-74.0054200000000008685674401931464672088623046875,Entire home/apt,343,1
Luxurious Dream,354737559,Bronx,Fordham,40.85366090000000127702151075936853885650634765625,-73.9002497000000033722244552336633205413818359375,Entire home/apt,130,1
Williamsburg Design Loft w/ Private Balcony -1 bed,207700509,Brooklyn,Williamsburg,40.70718000000000103000274975784122943878173828125,-73.9433800000000047702997107990086078643798828125,Entire home/apt,285,1
Lower East Side entire home NYC,197515217,Manhattan,Lower East Side,40.71873000000000075715433922596275806427001953125,-73.99052000000000361978891305625438690185546875,Entire home/apt,187,1
One Bedroom 2 Queen Beds at Times Square Central,415974026,Manhattan,Theater District,40.75610000000000354702933691442012786865234375,-73.9849899999999962574293022044003009796142578125,Entire home/apt,319,1
"Cozy one bedroom 
Sleeps 4",96971087,Queens,St. Albans,40.69424000000000063437255448661744594573974609375,-73.756609999999994897734723053872585296630859375,Entire home/apt,69,1
Luxury Queen Suite in the Heart of Brooklyn,7065964,Brooklyn,Cypress Hills,40.6795299999999997453414835035800933837890625,-73.892740000000003419700078666210174560546875,Entire home/apt,150,1
Amazing Condo w/ NYC Lifestyle access!,485698538,Brooklyn,Bedford-Stuyvesant,40.6802899999999993951860233210027217864990234375,-73.9580299999999937199390842579305171966552734375,Entire home/apt,399,1
entire apartment,465353472,Bronx,Highbridge,40.8413800000000009049472282640635967254638671875,-73.9264699999999947976903058588504791259765625,Entire home/apt,150,1
2Br-1stop from Manhattan in center of Williamsburg,7359251,Brooklyn,Williamsburg,40.713215600000012273085303604602813720703125,-73.956323099999991654840414412319660186767578125,Entire home/apt,243,1
Home Away From Home Getaway,485354838,Brooklyn,East New York,40.662340000000000372892827726900577545166015625,-73.89042000000000598447513766586780548095703125,Entire home/apt,199,1
"In the Heart of NYC - Spacious, Great Location",374576747,Manhattan,Upper West Side,40.77973999999999676902007195167243480682373046875,-73.9820399999999978035702952183783054351806640625,Entire home/apt,700,1
Lovely and super cozy 1 bedroom with private patio,377151,Manhattan,East Village,40.72923999999999722376742283813655376434326171875,-73.9855199999999939564077067188918590545654296875,Entire home/apt,366,1
"Cheerful spacious 2 bedroom home, Cozy and unique!",484913874,Bronx,Pelham Gardens,40.862372399999998151542968116700649261474609375,-73.8517731000000168251062859781086444854736328125,Entire home/apt,275,1
*The Cozy Suite* *JFK 15 mins LGA 20 min*,486316837,Queens,Jamaica,40.69836000000000097998054116033017635345458984375,-73.7899699999999967303665471263229846954345703125,Entire home/apt,76,1
The Spybox Suite @ Eighth House,76166434,Manhattan,Midtown,40.76597000000000292629920295439660549163818359375,-73.9826800000000019963408703915774822235107421875,Entire home/apt,1920,1
Lovely 2-bedroom rental unit,52729038,Brooklyn,Bedford-Stuyvesant,40.69102000000000174395609064958989620208740234375,-73.9537700000000057798388297669589519500732421875,Entire home/apt,234,1
Clean & Comfy South Slope Studio,3604436,Brooklyn,Sunset Park,40.66055274793308171865646727383136749267578125,-73.9908374704878184502376825548708438873291015625,Entire home/apt,127,1
1BR Charming and Cozy Apartment - Minutes from NYC,151880786,Queens,Richmond Hill,40.70376013014098504072535433806478977203369140625,-73.8279921139163661791826598346233367919921875,Entire home/apt,89,1
Charming UES apartment,489745246,Manhattan,Upper East Side,40.77733006824715999982799985446035861968994140625,-73.95440701319967047311365604400634765625,Entire home/apt,217,1
Large 1 bedroom central best mattress,489804886,Manhattan,Upper East Side,40.76154051164729708034428767859935760498046875,-73.9616098368878880364718497730791568756103515625,Entire home/apt,474,1
Sporty Apartment near Brooklyn Museum,467718253,Brooklyn,Flatbush,40.6538000784354522920693852938711643218994140625,-73.9643365837919333216632367111742496490478515625,Entire home/apt,140,1
Newly Renovated Duplex Apartment 2,51716739,Brooklyn,Bedford-Stuyvesant,40.690367820104000884384731762111186981201171875,-73.9322517078287404501679702661931514739990234375,Entire home/apt,191,1
The “Almost” Penthouse,143833762,Manhattan,Financial District,40.7077098764600719960071728564798831939697265625,-74.0101053330117935047383070923388004302978515625,Entire home/apt,280,1
Magnificent SoHo Loft,501031533,Manhattan,SoHo,40.72267720401669777174902264960110187530517578125,-74.0030838979283629441852099262177944183349609375,Entire home/apt,729,1
Cute 1-bed in Brooklyn Heights,80567578,Brooklyn,Brooklyn Heights,40.695188999999999168721842579543590545654296875,-73.9973849999999941928763291798532009124755859375,Entire home/apt,225,1
3 Bedroom Private Apartment in Elmhurst near Mall,334611519,Queens,Elmhurst,40.7388087271100829411807353608310222625732421875,-73.86958655496374603899312205612659454345703125,Entire home/apt,236,1
Private and cozy guest house!,401032717,Brooklyn,Cypress Hills,40.681227672357778146761120297014713287353515625,-73.8859304134256262841518037021160125732421875,Entire home/apt,90,1
Boss Living NYC Center,500934819,Manhattan,Chelsea,40.74841387480298493528607650659978389739990234375,-73.99516730287228938323096372187137603759765625,Entire home/apt,205,1
Latisha luxury place love den,143127602,Brooklyn,Cypress Hills,40.68340789999999884685166762210428714752197265625,-73.883858800000012934106052853167057037353515625,Entire home/apt,102,1
Cozy two-bedroom Apartment,207208480,Brooklyn,East Flatbush,40.6482754000000028327121981419622898101806640625,-73.9248453999999952657162793911993503570556640625,Entire home/apt,150,1
Great Comfy stay near the city & everything,461686330,Brooklyn,Crown Heights,40.67381807572328256128457724116742610931396484375,-73.9611792038991637809886015020310878753662109375,Entire home/apt,221,1
New Bright and Sunny BK Home,396622736,Brooklyn,Flatbush,40.64440780000000330574039253406226634979248046875,-73.953416199999992386437952518463134765625,Entire home/apt,150,1
"A cozy nice studio, Sunset park",500150447,Brooklyn,Sunset Park,40.64989539999999834662958164699375629425048828125,-74.0036262999999934208972263149917125701904296875,Entire home/apt,106,1
Lovely apartment near Brooklyn Museum,467718253,Brooklyn,Flatbush,40.6547293848530415516506764106452465057373046875,-73.9594338315320527499352465383708477020263671875,Entire home/apt,150,1
Shauna’s Chateau,445063647,Brooklyn,East Flatbush,40.6384282007075370302118244580924510955810546875,-73.9393868647772336544221616350114345550537109375,Entire home/apt,159,1
Incredible 41st Fl. Skyline View,22286077,Queens,Long Island City,40.74727180000000004156390787102282047271728515625,-73.9558718999999911147824604995548725128173828125,Entire home/apt,295,1
Modern Bed-Stuy Apt w/ Backyard,1107305,Brooklyn,Bedford-Stuyvesant,40.69168049999999681176632293500006198883056640625,-73.950149299999992535958881489932537078857421875,Entire home/apt,158,1
Fun House (read description),501989137,Brooklyn,Cypress Hills,40.680644425713552436718600802123546600341796875,-73.89220313932293038305942900478839874267578125,Entire home/apt,240,1
Home away from Home.,499364544,Staten Island,West Brighton,40.63033788842580662503678468056023120880126953125,-74.1020703469063590773657779209315776824951171875,Entire home/apt,87,1
Lux 4 beds 5 baths in Bushwick,26349246,Brooklyn,Bushwick,40.69436168634018002876473474316298961639404296875,-73.9290081035548638510590535588562488555908203125,Entire home/apt,223,1
Minimalist | 3 bedroom apartment,125620407,Brooklyn,Borough Park,40.64119915019825413082799059338867664337158203125,-73.98532521289126862029661424458026885986328125,Entire home/apt,275,1
Modern 3 Bedroom Apt in Brooklyn,125620407,Brooklyn,Kensington,40.64270795984405282297302619554102420806884765625,-73.9858982479985343161388300359249114990234375,Entire home/apt,275,1
Comfortable Sunlit Apartment,107208678,Queens,Corona,40.74950407143604280690851737745106220245361328125,-73.863619544255328719373210333287715911865234375,Entire home/apt,120,1
Close to Brooklyn Bridge! 3 Pet-Friendly Units!,496944100,Brooklyn,Gowanus,40.6832989966766973566336673684418201446533203125,-73.9862770338466617658923496492207050323486328125,Entire home/apt,523,1
New York Dream! Free Breakfast! Pets Allowed!,496944100,Manhattan,Midtown,40.7448671408829312667876365594565868377685546875,-73.9880129842753859747972455807030200958251953125,Entire home/apt,326,1
NYC Getaway! Walk to Battery Park! Free Breakfast!,496944100,Manhattan,Midtown,40.7427957439798547056852839887142181396484375,-73.986646247034371981499134562909603118896484375,Entire home/apt,354,1
Get Lost In NYC! Pet-Friendly Unit!,496944100,Manhattan,Midtown,40.7450465009970486107704346068203449249267578125,-73.987572027325001045028329826891422271728515625,Entire home/apt,365,1
Unforgettable NYC Trip! Free Grab & Go Breakfast!,496944100,Manhattan,Midtown,40.74491771884340352016806718893349170684814453125,-73.9879765540328975248485221527516841888427734375,Entire home/apt,422,1
Relaxing NYC Getaway Awaits! Pet-Friendly Unit,496944100,Manhattan,Midtown,40.74462606494052607786215958185493946075439453125,-73.9879208025201222653777222149074077606201171875,Entire home/apt,422,1
NYC Trip Starts Now! Unit with Free Breakfast,496944100,Manhattan,Midtown,40.74495929323077092476523830555379390716552734375,-73.987917457293718825894757173955440521240234375,Entire home/apt,422,1
Your Home Away from Home in NYC!,496944100,Manhattan,Midtown,40.7444214710752277142091770656406879425048828125,-73.9862032915192884274802054278552532196044921875,Entire home/apt,775,1
New York Experience Starts Here! 3 Relaxing Units!,496944100,Brooklyn,Gowanus,40.6818200000000018690116121433675289154052734375,-73.984949999999997771737980656325817108154296875,Entire home/apt,523,1
private 2 bedroom apartment,246923606,Queens,Jamaica,40.67711160497973565952634089626371860504150390625,-73.7965961796788718629613867960870265960693359375,Entire home/apt,103,1
"Clean and Spacious 1,5 Bedroom.",501134743,Manhattan,Upper East Side,40.7785744723254737209572340361773967742919921875,-73.9513192865417607890776707790791988372802734375,Entire home/apt,413,1
"A&D Cottage, home away from home",463217904,Queens,Jamaica,40.68004709785775929731244104914367198944091796875,-73.7782215806045797990009305067360401153564453125,Entire home/apt,238,1
Midtown East 53 Street studio,345475722,Manhattan,Hell's Kitchen,40.76590164386619363767749746330082416534423828125,-73.9853341827818411502448725514113903045654296875,Entire home/apt,118,1
Sunny 4bd Park Slope brownstone,7557124,Brooklyn,Park Slope,40.67053700000000304726199829019606113433837890625,-73.9834929999999957317413645796477794647216796875,Entire home/apt,385,1
1 BR Apt in queens JFK 12 mins,144792161,Queens,Laurelton,40.681990951384051413697306998074054718017578125,-73.7505348487085399256102391518652439117431640625,Entire home/apt,120,1
Open Concept in the Heart of EV,20638443,Manhattan,Greenwich Village,40.73213730590921244356650277040898799896240234375,-73.994559013897742261178791522979736328125,Entire home/apt,351,1
Your Home Away from Home! Close to Central Park!,5615582,Manhattan,Upper West Side,40.781804222717568109146668575704097747802734375,-73.9798459759385451661728438921272754669189453125,Entire home/apt,243,1
New 4BD space with Patio/Grill,479765490,Brooklyn,Flatbush,40.6371529532400046491602552123367786407470703125,-73.9561306512857612460720702074468135833740234375,Entire home/apt,207,1
Artistic 1 bedroom near Brooklyn Museum,467718253,Brooklyn,Flatbush,40.65259999999999962483343551866710186004638671875,-73.9641500000000036152414395473897457122802734375,Entire home/apt,160,1
Stunning Two Bedroom Unit,183241198,Queens,East Elmhurst,40.7653297417259494750396697781980037689208984375,-73.8831873761582045290197129361331462860107421875,Entire home/apt,129,1
"Lavish Free Parking, furniture, Central",489804886,Manhattan,Upper East Side,40.76204433734236687314478331245481967926025390625,-73.9662481180390187773809884674847126007080078125,Entire home/apt,514,1
Cozy welcoming studio apartment,501895733,Staten Island,Port Richmond,40.63850122790864105581931653432548046112060546875,-74.1376723906660544116675737313926219940185546875,Entire home/apt,111,1
Canarsie (welcome to the floss) 2nd FL,251217819,Brooklyn,Canarsie,40.63568000000000068894223659299314022064208984375,-73.90345999999999548890627920627593994140625,Entire home/apt,225,1
Luxury apartment w/ city views,151144307,Brooklyn,Williamsburg,40.7199689302949678904042229987680912017822265625,-73.9642754095427079619184951297938823699951171875,Entire home/apt,600,1
Studio Pelham Pkwy,426210481,Bronx,Allerton,40.85924790362469849469562177546322345733642578125,-73.8643840226863943598800688050687313079833984375,Entire home/apt,133,1
Stunning views of NYC Harbor & Verrazano Bridge,77114387,Staten Island,Stapleton,40.63110000000000354702933691442012786865234375,-74.0794700000000005957190296612679958343505859375,Entire home/apt,750,1
LUX- High Rise 1 BR Apartment in,83422715,Brooklyn,Flatbush,40.65375000000000227373675443232059478759765625,-73.9550200000000046429704525507986545562744140625,Entire home/apt,289,1
Guest Room with 1 King Bed at Holiday Inn New York City Wall Street,474812824,Manhattan,Financial District,40.7083099999999973306330502964556217193603515625,-74.0097700000000031650415621697902679443359375,Entire home/apt,162,1
Conveniently located studio apt near train & food,31895696,Brooklyn,Bath Beach,40.6040100000000023783286451362073421478271484375,-74.0046099999999995588950696401298046112060546875,Entire home/apt,99,1
2 bed apt in safe building/ area in downtown NYC,676690,Manhattan,Battery Park City,40.71036000000000143472789204679429531097412109375,-74.0169599999999974215825204737484455108642578125,Entire home/apt,180,1
Lovely 2 bed in heart of St. Marks,470745153,Manhattan,East Village,40.73024000000000199861460714600980281829833984375,-73.98610999999999648935045115649700164794921875,Entire home/apt,440,1
Luxurious 3 Bed Room House-Near by LGA-3rd floor,182980197,Queens,East Elmhurst,40.75627999999999673264028388075530529022216796875,-73.895409999999998262865119613707065582275390625,Entire home/apt,350,1
European brownstone- large one bedroom,99547346,Manhattan,Washington Heights,40.8374000000000023646862246096134185791015625,-73.94116999999999961801222525537014007568359375,Entire home/apt,161,1
Executive Apartment with every creature comfort,324032905,Queens,Jamaica,40.7072500000000019326762412674725055694580078125,-73.788219999999995479811332188546657562255859375,Entire home/apt,131,1
2 Bedroom Apt w/ Private Balcony (1000sq ft),25697284,Brooklyn,Flatbush,40.64065000000000082991391536779701709747314453125,-73.9606899999999995998223312199115753173828125,Entire home/apt,207,1
Guest Room 2 Double Beds at Hampton inn Madison Square Garden,446770142,Manhattan,Chelsea,40.7485300000000023601387511007487773895263671875,-73.989090000000004465618985705077648162841796875,Entire home/apt,268,1
Elegant Storefront Commercial Kitchens,465579714,Brooklyn,Williamsburg,40.7174899999999979627318680286407470703125,-73.949330000000003337845555506646633148193359375,Entire home/apt,1900,1
Lovely 1Br near Fordham University,167245035,Bronx,Kingsbridge,40.8736099999999993315213941968977451324462890625,-73.9023700000000047793946578167378902435302734375,Entire home/apt,106,1
Premier Queen City View at Orchard Street Hotel,449206723,Manhattan,Lower East Side,40.7218500000000034333424991928040981292724609375,-73.9879799999999931969796307384967803955078125,Entire home/apt,192,1
Cozy 2BR in Hip Williamsburg,361989,Brooklyn,Williamsburg,40.71039999999999992041921359486877918243408203125,-73.956580000000002428350853733718395233154296875,Entire home/apt,278,1
Wonderful 2bedroom,61408134,Queens,Long Island City,40.7545300000000025875124265439808368682861328125,-73.942530000000004974936018697917461395263671875,Entire home/apt,224,1
Beautiful 1 bed with river views,13865475,Manhattan,Roosevelt Island,40.76556000000000068439476308412849903106689453125,-73.9474500000000034560798667371273040771484375,Entire home/apt,375,1
Best valuable studio for family,388603242,Manhattan,Midtown,40.748199999999997089616954326629638671875,-73.9882400000000046702552936039865016937255859375,Entire home/apt,642,1
Qazaq Nomadic Style apartment,36741644,Brooklyn,Bushwick,40.68146999999999735564415459521114826202392578125,-73.90546000000000503860064782202243804931640625,Entire home/apt,200,1
King Bed Suite 2 Bedrooms Close to Airports & NYC,414139170,Queens,Glendale,40.6983000000000032514435588382184505462646484375,-73.894239999999996371116139926016330718994140625,Entire home/apt,153,1
Lovely 2 bedroom to rent in NYC,12220,Manhattan,Harlem,40.81871000000000293539414997212588787078857421875,-73.9467800000000039517544792033731937408447265625,Entire home/apt,141,1
2 Bedroom garden apartment with large rear yard.,103713745,Manhattan,Harlem,40.81036000000000285581336356699466705322265625,-73.9471300000000013596945791505277156829833984375,Entire home/apt,175,1
"Modern Apt | Mins to Prospect Park, Cafes & Subway",484794931,Brooklyn,Crown Heights,40.66740999999999672809281037189066410064697265625,-73.9485300000000052023096941411495208740234375,Entire home/apt,144,1
Lovely One Bedroom Condo,65529583,Brooklyn,East Flatbush,40.639131399999996574479155242443084716796875,-73.9297936999999905083313933573663234710693359375,Entire home/apt,120,1
"Quiet, clean, artist apt in Flushing.",9650172,Queens,Flushing,40.7645499999999998408384271897375583648681640625,-73.8232600000000047657522372901439666748046875,Entire home/apt,130,1
Best in Class Apartment,463851144,Brooklyn,Flatlands,40.61504180000000729933162801899015903472900390625,-73.9238477999999901157934800721704959869384765625,Entire home/apt,250,1
Separate entry Bsmnt apt near JFK LGA Mnhtn.,492712557,Queens,Jamaica,40.69713829999999887832018430344760417938232421875,-73.7919332999999966204995871521532535552978515625,Entire home/apt,75,1
A new splash of color in the heart of Queens,484176167,Queens,St. Albans,40.68775000000000119371179607696831226348876953125,-73.758679999999998244675225578248500823974609375,Entire home/apt,126,1
Beautiful and classic New York apartment!,484013577,Manhattan,East Village,40.722880000000003519744495861232280731201171875,-73.9874999999999971578290569595992565155029296875,Entire home/apt,320,1
Creative Event Venue in Soho,58882459,Manhattan,SoHo,40.72075831210160146156340488232672214508056640625,-73.99994502514113037250353954732418060302734375,Entire home/apt,1200,1
Entire 1.5 bedroom + office lots of light spacious,46723538,Brooklyn,Greenpoint,40.7207300000000032014213502407073974609375,-73.947599999999994224708643741905689239501953125,Entire home/apt,160,1
HUGE New Downtown NYC APT near JFK/LGA/UBS Arena,484287403,Queens,Jamaica,40.69073999999999813326212461106479167938232421875,-73.797730000000001382431946694850921630859375,Entire home/apt,204,1
Spacious & Sunny 1 BD Apt. In-Unit W/D,12619300,Brooklyn,East New York,40.6621157000000010839357855729758739471435546875,-73.8784883000000007768903742544353008270263671875,Entire home/apt,160,1
Light-filled apartment in heart of Red Hook!,9061159,Brooklyn,Red Hook,40.6787810162959431181661784648895263671875,-74.011394700000010971052688546478748321533203125,Entire home/apt,115,1
"Large space for party’s ,events",393235488,Brooklyn,East Flatbush,40.63633999999999701913111493922770023345947265625,-73.9492900000000048521542339585721492767333984375,Entire home/apt,1300,1
Studio in Williamsburg Brooklyn,383855837,Brooklyn,Williamsburg,40.7089675119567573347012512385845184326171875,-73.96978037715444997957092709839344024658203125,Entire home/apt,214,1
Penthouse Duplex + Duel Terraces -Steps to MSG,483153008,Manhattan,Chelsea,40.7511200000000002319211489520967006683349609375,-73.9965399999999959845808916725218296051025390625,Entire home/apt,494,1
Lovely 1800sq ft 2 bedroom duplex w private yard,343050628,Brooklyn,East Flatbush,40.6589000000000027057467377744615077972412109375,-73.9392299999999949022821965627372264862060546875,Entire home/apt,369,1
Modern Luxury 1BR/2BA APT w/ balcony& Self-Checkin,42311622,Brooklyn,East Flatbush,40.63837360000000131776687339879572391510009765625,-73.9407696999999899389877100475132465362548828125,Entire home/apt,160,1
Art-Themed guesthouse with an incredible yard!,17011560,Brooklyn,Crown Heights,40.67616000000000298086888506077229976654052734375,-73.9601200000000034151526051573455333709716796875,Entire home/apt,149,1
Event Space Café with 2 levels +Backyard Access,484016076,Brooklyn,Bedford-Stuyvesant,40.69162089999999665224095224402844905853271484375,-73.94800309999999399224179796874523162841796875,Entire home/apt,560,1
The Retreat 3.0– Modern Condo in Brooklyn,192390368,Brooklyn,Flatbush,40.6342700000000007776179700158536434173583984375,-73.9493700000000018235368770547211170196533203125,Entire home/apt,161,1
Unique Raw Loft - Transform for any Event!,222027489,Manhattan,Midtown,40.7447700000000025966073735617101192474365234375,-73.9911299999999982901499606668949127197265625,Entire home/apt,4000,1
Home is where the heart is!,363381319,Brooklyn,East New York,40.67128599999998783687260583974421024322509765625,-73.8837290000000024292603484354913234710693359375,Entire home/apt,178,1
Peaceful Private studio 15 min walk-central park,324273359,Manhattan,Upper East Side,40.78226000000000084355633589439094066619873046875,-73.952100000000001500666257925331592559814453125,Entire home/apt,151,1
Lux Home heart of lower east side NYC,197515217,Manhattan,Lower East Side,40.71878000000000241698216996155679225921630859375,-73.9890400000000028057911549694836139678955078125,Entire home/apt,250,1
Spacious studio in a doorman building on Wall St.,347604033,Manhattan,Financial District,40.70577999999999718738763476721942424774169921875,-74.0082100000000053796611609868705272674560546875,Entire home/apt,265,1
"Classic Ridgewood NY Apartment, newly renovated.",408542634,Queens,Ridgewood,40.69677610000000100853867479600012302398681640625,-73.902545500000002220986061729490756988525390625,Entire home/apt,170,1
Comfort and Convenience! Pets Allowed Here!,496944100,Manhattan,Hell's Kitchen,40.76109999999999899955582804977893829345703125,-73.9883300000000048157744458876550197601318359375,Entire home/apt,368,1
2 beautiful queens size bedrooms + a sofas bed,478592369,Brooklyn,Flatlands,40.62819999999999964757080306299030780792236328125,-73.9250300000000066802385845221579074859619140625,Entire home/apt,150,1
3 beautiful queens size bedrooms + a sofas bed,478592369,Brooklyn,Flatlands,40.62837999999999993860910763032734394073486328125,-73.9256599999999934880179353058338165283203125,Entire home/apt,200,1
GloRia's Pod,155791040,Queens,Queens Village,40.70973000000000041609382606111466884613037109375,-73.7395599999999973306330502964556217193603515625,Entire home/apt,150,1
Beautiful two bedroom Apartment in Queens,337780960,Queens,Elmhurst,40.73971000000000231011654250323772430419921875,-73.8763100000000036970959627069532871246337890625,Entire home/apt,166,1
Cozy Studio near all Attractions in NYC.,158634669,Brooklyn,Sheepshead Bay,40.5886799999999965393726597540080547332763671875,-73.9583899999999943020156933926045894622802734375,Entire home/apt,85,1
Cozy Apartment in Queens near JFK and LGA airports,179383012,Queens,Flushing,40.74524999999999863575794734060764312744140625,-73.829509999999999081410351209342479705810546875,Entire home/apt,103,1
Bright and Airy Apartment - 10 mins from Manhattan,83394328,Queens,Long Island City,40.75009000000000014551915228366851806640625,-73.9411499999999932697392068803310394287109375,Entire home/apt,191,1
Harlem Apt on the Park,352617669,Manhattan,Harlem,40.8012700000000023692336981184780597686767578125,-73.9586800000000010868461686186492443084716796875,Entire home/apt,200,1
Private Williamsburg apartment,50072658,Brooklyn,Williamsburg,40.7133299999999991314325598068535327911376953125,-73.940550000000001773514668457210063934326171875,Entire home/apt,134,1
Artists' Suite in Family Townhome - Cypress Hills,8255021,Brooklyn,Cypress Hills,40.677469999999999572537490166723728179931640625,-73.8629799999999931969796307384967803955078125,Entire home/apt,69,1
Great Location w/ Backyard Short Walk to Times Sq,378112960,Manhattan,Hell's Kitchen,40.7600699999999989131538313813507556915283203125,-73.9913700000000034151526051573455333709716796875,Entire home/apt,375,1
Modern pre-war home - moments from Yankee Stadium,207141784,Bronx,Highbridge,40.83375000000000198951966012828052043914794921875,-73.9271499999999974761522025801241397857666015625,Entire home/apt,129,1
Beautiful newly renovated one bedroom,135710202,Brooklyn,Canarsie,40.64063999999999765577740618027746677398681640625,-73.893640000000004874891601502895355224609375,Entire home/apt,70,1
Lovely Private 2 Bedroom in Victorian Queens NYC,69576050,Queens,Richmond Hill,40.69825999999999766032487968914210796356201171875,-73.842569999999994934114511124789714813232421875,Entire home/apt,139,1
Feel home be on vacation!,104277076,Queens,Astoria,40.766919999999998935891198925673961639404296875,-73.9147600000000011277734301984310150146484375,Entire home/apt,133,1
Cozy apartment near Central Park,23254491,Manhattan,East Harlem,40.7880200000000030513547244481742382049560546875,-73.9495399999999989404386724345386028289794921875,Entire home/apt,216,1
CENTERED LOCATION*2TH FLOOR*STUDIO FOR 6 PEOPLE,8309060,Manhattan,Midtown,40.74768999999999863348421058617532253265380859375,-73.9878800000000040881786844693124294281005859375,Entire home/apt,190,1
CENTERED LOCATION*5TH FLOOR*STUDIO FOR 6 PEOPLE,8309060,Manhattan,Midtown,40.74783999999999650754034519195556640625,-73.9883399999999937790562398731708526611328125,Entire home/apt,183,1
Gorgeous Manhattan Studio Apartment!,64111588,Manhattan,Washington Heights,40.851370000000002846718416549265384674072265625,-73.932060000000006994014256633818149566650390625,Entire home/apt,65,1
"Historic Brownstone, Your Private Studio Apartment",9892520,Manhattan,Harlem,40.80892999999999659621607861481606960296630859375,-73.955680000000000973159330897033214569091796875,Entire home/apt,107,1
Authentic and Open Tribeca Loft,16897284,Manhattan,Tribeca,40.717050000000000409272615797817707061767578125,-74.00511000000000194631866179406642913818359375,Entire home/apt,346,1
CENTERED LOCATION*7TH FLOOR*STUDIO FOR 4 PEOPLE,8309060,Manhattan,Midtown,40.74846000000000145746525959111750125885009765625,-73.988079999999996516635292209684848785400390625,Entire home/apt,148,1
Confortable space in the Bronx NYC.,14214034,Bronx,Concourse,40.819580000000001973603502847254276275634765625,-73.9274099999999947385731502436101436614990234375,Entire home/apt,85,1
A+ Location Family Studio (3 Double Beds),348619646,Manhattan,Midtown,40.74757000000000317641024594195187091827392578125,-73.9887700000000023692336981184780597686767578125,Entire home/apt,195,1
Brooklyn stylish studio apartment!,242924411,Brooklyn,Bedford-Stuyvesant,40.6856700000000017780621419660747051239013671875,-73.953180000000003246896085329353809356689453125,Entire home/apt,112,1
Rose Inn 🏢,31884399,Queens,Laurelton,40.68507000000000317641024594195187091827392578125,-73.733440000000001646185410209000110626220703125,Entire home/apt,110,1
Budget Garage mini Studio Near Metro &JFK airport,368580200,Brooklyn,East New York,40.67428000000000309910319629125297069549560546875,-73.8862199999999944566297926940023899078369140625,Entire home/apt,87,1
HUGE 1BEDROOM NEAR SHOPPING MALL,33776302,Bronx,Unionport,40.826729999999997744453139603137969970703125,-73.8544399999999967576513881795108318328857421875,Entire home/apt,190,1
"Greenhouse In The Sky!

City views & Rooftop Deck",68417473,Brooklyn,Sunset Park,40.63907999999999987039700499735772609710693359375,-74.019239999999996371116139926016330718994140625,Entire home/apt,166,1
"3 min to the ohel, 2bdr private enterence",47900722,Queens,Cambria Heights,40.68630999999999886540535953827202320098876953125,-73.7354399999999969850250636227428913116455078125,Entire home/apt,260,1
THE LOUVRE MEETS THE HEART OF THE EAST VILLAGE,223180509,Manhattan,East Village,40.72341000000000121872290037572383880615234375,-73.983800000000002228262019343674182891845703125,Entire home/apt,233,1
Cozy 1 bedroom near yankee stadium,147961078,Bronx,Mount Hope,40.848309999999997899067238904535770416259765625,-73.9071899999999999408828443847596645355224609375,Entire home/apt,214,1
"2 bed Apt with gym, laundry, & rooftop",179017459,Brooklyn,Williamsburg,40.710790000000002919477992691099643707275390625,-73.9386099999999970577846397645771503448486328125,Entire home/apt,199,1
Quintessential Soho Loft,625403,Manhattan,SoHo,40.7236400000000031695890356786549091339111328125,-74.0040099999999938518158160150051116943359375,Entire home/apt,250,1
Lovely East Village 1BR,201813089,Manhattan,East Village,40.7265000000000014779288903810083866119384765625,-73.97867999999999710780684836208820343017578125,Entire home/apt,190,1
Homey 2 bedrooms apt in Prime Location,257766613,Queens,Elmhurst,40.73165999999999797864802530966699123382568359375,-73.8863000000000056388671509921550750732421875,Entire home/apt,209,1
"Entire apartment 1bedroom with balcony,24 hour gym",350871958,Bronx,Woodlawn,40.8993200000000030058799893595278263092041015625,-73.8634899999999987585397320799529552459716796875,Entire home/apt,399,1
Luxury 1 Bedroom Apartment w/ Gym and Rooftop,142392927,Brooklyn,Bedford-Stuyvesant,40.6769800000000003592504072003066539764404296875,-73.908330000000006521077011711895465850830078125,Entire home/apt,160,1
Fulton Inn,167636238,Brooklyn,Cypress Hills,40.680779999999998608473106287419795989990234375,-73.882980000000003428795025683939456939697265625,Entire home/apt,144,1
Mesmerized Artist Penthouse (NYU 3 mins),369104627,Manhattan,Greenwich Village,40.73087000000000301724867313168942928314208984375,-73.99783999999999650754034519195556640625,Entire home/apt,240,1
Serene Private Loft Studio Apartment in Townhouse,785524,Bronx,Concourse,40.8212299999999999045030563138425350189208984375,-73.928619999999995116013451479375362396240234375,Entire home/apt,102,1
HIDDEN GEM! Beautifully renovated attic apartment,226557968,Bronx,North Riverdale,40.90883999999999787178239785134792327880859375,-73.9013000000000062073013396002352237701416015625,Entire home/apt,100,1
Cute Studio flat near Times Square,370725742,Manhattan,Midtown,40.74813999999999936107997200451791286468505859375,-73.986639999999994188328855670988559722900390625,Entire home/apt,106,1
"Cozy, Hidden, Bright and Stylish 1 Bedroom",518821,Brooklyn,Flatlands,40.61672999999999689180185669101774692535400390625,-73.927469999999999572537490166723728179931640625,Entire home/apt,167,1
Shay's Place #2 ( Studio Apt. ) 5 mins from JFK,116404073,Queens,Springfield Gardens,40.6682899999999989404386724345386028289794921875,-73.7631200000000006866684998385608196258544921875,Entire home/apt,98,1
Cozy Flat in the Heart of the Upper West Side,170568130,Manhattan,Upper West Side,40.78132599999999996498445398174226284027099609375,-73.979836000000005924448487348854541778564453125,Entire home/apt,85,1
Pet & Tony's Residence,150876351,Brooklyn,East Flatbush,40.65485000000000326281224261038005352020263671875,-73.91698999999999841747921891510486602783203125,Entire home/apt,101,1
A Bohemian style duplex with garden,8651852,Brooklyn,Bedford-Stuyvesant,40.6946099999999972851583152078092098236083984375,-73.947620000000000572981662116944789886474609375,Entire home/apt,495,1
A well sanitized cozy space for your relaxation,369994560,Queens,Hollis,40.71092999999999761939761810936033725738525390625,-73.7761799999999965393726597540080547332763671875,Entire home/apt,170,1
Chic KING size 2BR in Williamsburg,361989,Brooklyn,Williamsburg,40.71034999999999826059138285927474498748779296875,-73.95665999999999939973349682986736297607421875,Entire home/apt,296,1
Cozy King size bed Basement Studio in brooklyn,314494058,Brooklyn,Crown Heights,40.67631999999999692363417125307023525238037109375,-73.9377099999999956025931169278919696807861328125,Entire home/apt,95,1
Tequila Sunrise,78408136,Brooklyn,Bushwick,40.68066999999999922010829322971403598785400390625,-73.90525999999999839928932487964630126953125,Entire home/apt,121,1
Beautiful Bushwick Oasis,54736855,Brooklyn,Bushwick,40.702100000000001500666257925331592559814453125,-73.9175900000000041245584725402295589447021484375,Entire home/apt,195,1
One Bedroom Apartment minutes from JFK and LGA,180277260,Queens,Ozone Park,40.68274999999999863575794734060764312744140625,-73.8389700000000033242031349800527095794677734375,Entire home/apt,64,1
Skylight in Brooklyn,223913212,Brooklyn,Bedford-Stuyvesant,40.6780899999999974170350469648838043212890625,-73.9100399999999950750861898995935916900634765625,Entire home/apt,396,1
THE HUGH SUITES 3mins to JFK,1280731,Queens,Springfield Gardens,40.66599999999999681676854379475116729736328125,-73.771600000000006502887117676436901092529296875,Entire home/apt,106,1
A+ Location Deluxe Corner Studio (3 Beds),348619646,Manhattan,Midtown,40.7480800000000016325429896824061870574951171875,-73.9882199999999983219822752289474010467529296875,Entire home/apt,159,1
Good Vibes Only: Massive 2 Bedroom Artsy Apartment,359537256,Brooklyn,Bedford-Stuyvesant,40.68527999999999877900336286984384059906005859375,-73.9398400000000037834979593753814697265625,Entire home/apt,400,1
Corporate House,59628601,Brooklyn,Gravesend,40.591689999999999827196006663143634796142578125,-73.9918899999999979399945004843175411224365234375,Entire home/apt,185,1
"Apartment  minutes away from JFK, LGA, CitiField",214424497,Queens,St. Albans,40.70519999999999782858139951713383197784423828125,-73.76555999999999357896740548312664031982421875,Entire home/apt,85,1
Double duplex min away from Barclay's,284603393,Brooklyn,Bedford-Stuyvesant,40.68864099999999695000951760448515415191650390625,-73.94409899999999424835550598800182342529296875,Entire home/apt,770,1
Comfortable Home Away,120245209,Brooklyn,Canarsie,40.63454999999999728288457845337688922882080078125,-73.8949400000000053978510550223290920257568359375,Entire home/apt,109,1
Newly Renovated Private Apartment,143516082,Brooklyn,Bedford-Stuyvesant,40.6853100000000011959855328314006328582763671875,-73.9509900000000044428816181607544422149658203125,Entire home/apt,217,1
Large Luxury Co-op in the heart of Manhattan,340427015,Manhattan,Washington Heights,40.8386899999999997135091689415276050567626953125,-73.9406100000000066074790083803236484527587890625,Entire home/apt,155,1
Beautiful 1 bd apartment in the heart of Brooklyn.,155812868,Brooklyn,Brighton Beach,40.5785699999999991405275068245828151702880859375,-73.965720000000004574758349917829036712646484375,Entire home/apt,129,1
A+ Location Classic Studio (Queen Bed & Futon),348619646,Manhattan,Midtown,40.7465499999999991587174008600413799285888671875,-73.9888399999999961664798320271074771881103515625,Entire home/apt,146,1
"Great studio in Queens, close to Manhattan",20676068,Queens,Sunnyside,40.74483000000000032514435588382184505462646484375,-73.9138599999999996725819073617458343505859375,Entire home/apt,111,1
Brooklyn matchbox studio apartment!,242924411,Brooklyn,Bedford-Stuyvesant,40.68413000000000323552740155719220638275146484375,-73.9523300000000034515323932282626628875732421875,Entire home/apt,102,1
Manhattan  renovated flat near Central Park.,191469946,Manhattan,East Harlem,40.794409999999999172359821386635303497314453125,-73.939289999999999736246536485850811004638671875,Entire home/apt,179,1
Duplex Loft Suite with Patio,417504,Brooklyn,Greenpoint,40.737560000000001991793396882712841033935546875,-73.9535000000000053432813729159533977508544921875,Entire home/apt,249,1
The city cabin,3320288,Queens,Ridgewood,40.70373000000000018872015061788260936737060546875,-73.903739999999999099600245244801044464111328125,Entire home/apt,75,1
Newly Renovated E Village Apartment,15199280,Manhattan,Stuyvesant Town,40.7308799999999990859578247182071208953857421875,-73.9813500000000061618266045115888118743896484375,Entire home/apt,1250,1
Enjoy a comfy apartment on the UWS,26818265,Manhattan,Upper West Side,40.7973300000000023146640160121023654937744140625,-73.9703200000000009595169103704392910003662109375,Entire home/apt,280,1
Beautiful apartment in the heart of Brooklyn.,155812868,Brooklyn,Brighton Beach,40.57836999999999960664354148320853710174560546875,-73.9654900000000026238922146148979663848876953125,Entire home/apt,129,1
Loft in Flatiron with Staff Included,150522833,Manhattan,Midtown,40.75099999999999766941982670687139034271240234375,-73.9852699999999998681232682429254055023193359375,Entire home/apt,2000,1
A+ Location Superior Studio with 3 Beds,348619646,Manhattan,Midtown,40.74792999999999665305949747562408447265625,-73.9868100000000055160853662528097629547119140625,Entire home/apt,166,1
A+ Location City Studio (2 Double Beds) #6,348619646,Manhattan,Midtown,40.7481599999999986039256327785551548004150390625,-73.98736999999999852661858312785625457763671875,Entire home/apt,212,1
1 Bedroom close to Prospect Park and Manhattan,138266252,Brooklyn,Kensington,40.642640000000000100044417195022106170654296875,-73.9698599999999970577846397645771503448486328125,Entire home/apt,85,1
CENTERED LOCATION*9TH FLOOR*STUDIO FOR 3 PEOPLE,8309060,Manhattan,Midtown,40.7477999999999980218490236438810825347900390625,-73.9868900000000024874680093489587306976318359375,Entire home/apt,146,1
"Cozy,  private Apt Near JFK, Casino & The Beach",309828516,Queens,Howard Beach,40.65467000000000297177393804304301738739013671875,-73.8299200000000013233147910796105861663818359375,Entire home/apt,105,1
CENTERED LOCATION*6TH FLOOR*STUDIO FOR 4 PEOPLE,8309060,Manhattan,Midtown,40.74615000000000009094947017729282379150390625,-73.9871499999999997498889570124447345733642578125,Entire home/apt,151,1
CENTERED LOCATION*11TH FLOOR*STUDIO FOR 5 PEOPLE,8309060,Manhattan,Midtown,40.746160000000003265085979364812374114990234375,-73.9880699999999933424987830221652984619140625,Entire home/apt,161,1
(Event Space Only) Modern Art & Yoga Studio,6770859,Queens,Long Island City,40.75310999999999950205165077932178974151611328125,-73.937139999999999417923390865325927734375,Entire home/apt,750,1
Bright Studio Lower Manhattan!,4173726,Manhattan,Tribeca,40.7166399999999981673681759275496006011962890625,-74.01163999999999987267074175179004669189453125,Entire home/apt,364,1
A+ Location Studio Apartment (Queen Bed & Futon),348619646,Manhattan,Midtown,40.7462000000000017507773009128868579864501953125,-73.9871299999999934016159386374056339263916015625,Entire home/apt,249,1
Center of NYC Times Square 1bedroom with Jaccuzi 🗽,147675745,Manhattan,Hell's Kitchen,40.76178999999999774672687635757029056549072265625,-73.9922700000000048703441279940307140350341796875,Entire home/apt,130,1
*NYC gem* Direct train to central Manhattan,18554823,Manhattan,Marble Hill,40.877780000000001336957211606204509735107421875,-73.90964999999999918145476840436458587646484375,Entire home/apt,222,1
"Picturesque, STRAWBERRY escape in The Bronx, NY",125775383,Bronx,Parkchester,40.83549000000000006593836587853729724884033203125,-73.8630600000000043792169890366494655609130859375,Entire home/apt,200,1
New Private studio-apartment,107296819,Manhattan,East Harlem,40.79572999999999893816493568010628223419189453125,-73.9372599999999948749973555095493793487548828125,Entire home/apt,146,1
1night min 4/20 Okay Flex Check-in & out-JFK 30min,333057838,Brooklyn,Flatlands,40.62926999999999821966412127949297428131103515625,-73.9217799999999982674125931225717067718505859375,Entire home/apt,202,1
Ralph Lauren designed apartment with fireplace,305327549,Manhattan,Kips Bay,40.74488999999999805368133820593357086181640625,-73.9779800000000022919266484677791595458984375,Entire home/apt,371,1
Spacious Brooklyn 1-bed right by buses and subway,2878399,Brooklyn,Bedford-Stuyvesant,40.6828900000000004411049303598701953887939453125,-73.9503700000000065983840613625943660736083984375,Entire home/apt,72,1
Brooklyn Garden Apartment,242924411,Brooklyn,Bedford-Stuyvesant,40.68486999999999653709892299957573413848876953125,-73.9544499999999942474460112862288951873779296875,Entire home/apt,109,1
Beautiful 2 Bedroom Apartment,334611519,Queens,Elmhurst,40.7374999999999971578290569595992565155029296875,-73.8844600000000042427927837707102298736572265625,Entire home/apt,120,1
Modern 3BR/2Bath Home 10 mins From JFK,157275347,Queens,Jamaica,40.68106999999999828787622391246259212493896484375,-73.7687800000000066802385845221579074859619140625,Entire home/apt,189,1
Quaint Studio Space,156490310,Brooklyn,East New York,40.669229999999998881321516819298267364501953125,-73.88366999999999507053871639072895050048828125,Entire home/apt,86,1
Lovely 2 bed/ bathroom apartment with open parking,343748989,Brooklyn,Canarsie,40.62986000000000075260686571709811687469482421875,-73.8899799999999942201611702330410480499267578125,Entire home/apt,220,1
Salty Suite Retreat! Steps from the Beach,55413233,Queens,Rockaway Beach,40.5857799999999997453414835035800933837890625,-73.8174900000000064892446971498429775238037109375,Entire home/apt,125,1
Cozy Brooklyn Oasis 2,133004690,Brooklyn,Bedford-Stuyvesant,40.6874499999999983401721692644059658050537109375,-73.941699999999997316990629769861698150634765625,Entire home/apt,95,1
Zen Duplex of an Herbalist and Artist,22337277,Brooklyn,Bedford-Stuyvesant,40.69368999999999658712113159708678722381591796875,-73.9421099999999995588950696401298046112060546875,Entire home/apt,99,1
5-Star Lovely 2BR 2BTH Duplex Max 5 ppl,305328434,Brooklyn,East New York,40.66758999999999701913111493922770023345947265625,-73.88880000000000336513039655983448028564453125,Entire home/apt,150,1
Historic Townhouse with Private Backyard,7850260,Manhattan,Harlem,40.804540000000002919477992691099643707275390625,-73.946200000000004592948243953287601470947265625,Entire home/apt,176,1
"1Br Garden Level Space w/Pvt All- St.Albans,Queens",135373362,Queens,St. Albans,40.70788999999999902001945883966982364654541015625,-73.7586199999999934107108856551349163055419921875,Entire home/apt,103,1
★♡ Home Sweet Home - Cozy 1BR APT with Balcony ♡★,101776118,Brooklyn,Bay Ridge,40.62328000000000116642695502378046512603759765625,-74.028310000000004720277502201497554779052734375,Entire home/apt,117,1
Entire apartment in Time Square,167270001,Manhattan,Hell's Kitchen,40.75692000000000092541085905395448207855224609375,-73.9927100000000024238033802248537540435791015625,Entire home/apt,380,1
420 Friendly Staycation@Brooklyn Chill Palace,215512685,Brooklyn,Crown Heights,40.67763000000000062073013396002352237701416015625,-73.9371699999999947294782032258808612823486328125,Entire home/apt,256,1
"Spacious,sunny, artistic loft by the L train",124357,Brooklyn,Williamsburg,40.71728999999999842884790268726646900177001953125,-73.953810000000004265530151315033435821533203125,Entire home/apt,171,1
"Quiet Sutton Place Apt, Close to MSK Hospital",176951326,Manhattan,Midtown,40.75847999999999871079126023687422275543212890625,-73.9637599999999935107553028501570224761962890625,Entire home/apt,374,1
Astoria Prime,178237936,Queens,Astoria,40.7723799999999982901499606668949127197265625,-73.9251699999999942747308523394167423248291015625,Entire home/apt,111,1
"The Brooklyn Loft, 30 minutes from Manhattan",256878517,Brooklyn,Crown Heights,40.672100000000000363797880709171295166015625,-73.930419999999998026396497152745723724365234375,Entire home/apt,225,1
Nice paradis,274452385,Bronx,Wakefield,40.8984200000000015506884665228426456451416015625,-73.8525000000000062527760746888816356658935546875,Entire home/apt,90,1
Lovely Beautiful Apartment close to ALL,334611519,Queens,Elmhurst,40.736310000000003128661774098873138427734375,-73.882440000000002555680111981928348541259765625,Entire home/apt,128,1
cozy and spacious 2 bedrooms apartment in Brooklyn,41429901,Brooklyn,Prospect-Lefferts Gardens,40.65870000000000317186277243308722972869873046875,-73.9463099999999968758856994099915027618408203125,Entire home/apt,177,1
Studio678 In the heart of Midtown Manhattan,321252889,Manhattan,Midtown,40.74828999999999723513610661029815673828125,-73.987570000000005165929906070232391357421875,Entire home/apt,205,1
"1br 2beds apt in the city, next to Central Park.",251588030,Manhattan,East Harlem,40.79054000000000002046363078989088535308837890625,-73.946020000000004301909939385950565338134765625,Entire home/apt,155,1
Amazing East Village XL ground floor Apartment!,160356,Manhattan,East Village,40.72503999999999990677679306827485561370849609375,-73.9831400000000058980731409974396228790283203125,Entire home/apt,157,1
◈Hidden Midtown Gem◈ Perfect 5-Star Stay!,148272313,Manhattan,Kips Bay,40.7451343407014832109780400060117244720458984375,-73.977537779771097348202602006494998931884765625,Entire home/apt,389,1
Studio726 In the heart of Midtown Manhattan,321252889,Manhattan,Midtown,40.74759999999999848796505830250680446624755859375,-73.986909999999994624886312521994113922119140625,Entire home/apt,198,1
Beautiful Modern Apartment in Queens,337780960,Queens,Elmhurst,40.741860000000002628439688123762607574462890625,-73.87475000000000591171556152403354644775390625,Entire home/apt,166,1
"""Cozy Comfort"" close to LaGuardia Airport",318589021,Queens,East Elmhurst,40.7673300000000011777956387959420680999755859375,-73.8699100000000044019543565809726715087890625,Entire home/apt,80,1
CENTERED LOCATION*8TH FLOOR*STUDIO FOR 6 PEOPLE,8309060,Manhattan,Midtown,40.74681000000000352656570612452924251556396484375,-73.98863000000000056388671509921550750732421875,Entire home/apt,194,1
"Luxury private 1 bedroom suite, entire first floor",10633027,Brooklyn,Sheepshead Bay,40.60637556439433382138304295949637889862060546875,-73.955873380383337689636391587555408477783203125,Entire home/apt,136,1
Neon studio in Chinatown,21620922,Manhattan,Chinatown,40.7130300000000033833202905952930450439453125,-73.9977999999999980218490236438810825347900390625,Entire home/apt,146,1
JFK/QNS Home Away From Home Full private apartment,175019394,Queens,Jamaica,40.67224678359303879915387369692325592041015625,-73.7782965974178068790934048593044281005859375,Entire home/apt,511,1
"Entire Place w. Kitchen & Laundry, to Mets LGA JFK",318755919,Queens,Flushing,40.75647000000000019781509763561189174652099609375,-73.8125500000000016598278307355940341949462890625,Entire home/apt,100,1
Two bedrooms Cozy and super clean spacious place.,154763419,Brooklyn,Kensington,40.64090999999999809233486303128302097320556640625,-73.9708499999999986584953148849308490753173828125,Entire home/apt,156,1
Entire suite close to LGA & JFK with free parking,16308032,Queens,East Elmhurst,40.7590900000000004865796654485166072845458984375,-73.878389999999996007318259216845035552978515625,Entire home/apt,76,1
"Nice and cozy apartment in Williamsburg, Brooklyn",14973101,Brooklyn,Williamsburg,40.71367000000000047066350816749036312103271484375,-73.9382499999999964757080306299030780792236328125,Entire home/apt,158,1
"Avenue L,  your Home away from Home.",195520304,Brooklyn,Canarsie,40.64032999999999873352862778119742870330810546875,-73.8938500000000004774847184307873249053955078125,Entire home/apt,107,1
Studio593 In the heart of Midtown Manhattan,321252889,Manhattan,Midtown,40.7480800000000016325429896824061870574951171875,-73.988280000000003155946615152060985565185546875,Entire home/apt,199,1
Apartment  A block away from the Brooklyn museum.,237240617,Brooklyn,Prospect Heights,40.67369000000000056616045185364782810211181640625,-73.9653200000000055069904192350804805755615234375,Entire home/apt,200,1
Cozy couples guest suite in Brooklyn!,112142263,Brooklyn,Canarsie,40.63627999999999929059413261711597442626953125,-73.9148899999999997589839040301740169525146484375,Entire home/apt,115,1
Cosy One-Bedroom Apartment - Richmond Hill,2134465,Queens,Richmond Hill,40.70340999999999809233486303128302097320556640625,-73.827439999999995734469848684966564178466796875,Entire home/apt,110,1
"Spacious 6BR, 4 BATH (25 Minutes to Manhattan!)",277413518,Brooklyn,Bedford-Stuyvesant,40.6781799999999975625541992485523223876953125,-73.918350000000003774403012357652187347412109375,Entire home/apt,543,1
"Stunning 3BR, 2 Bath (25 Minutes to Manhattan!)",277413518,Brooklyn,Bedford-Stuyvesant,40.67777000000000242607711697928607463836669921875,-73.91960000000000263753463514149188995361328125,Entire home/apt,190,1
Studio638 In the heart of Midtown Manhattan,321252889,Manhattan,Midtown,40.74795000000000300133251585066318511962890625,-73.98691999999999779902282170951366424560546875,Entire home/apt,195,1
"1 Bedroom Garden Apt, tranquil garden, Park Slope",150440720,Brooklyn,Park Slope,40.67396999999999707142706029117107391357421875,-73.97732999999999492501956410706043243408203125,Entire home/apt,225,1
Luxury Apartment - Stunning Manhattan Views,69825290,Queens,Long Island City,40.75168000000000034788172342814505100250244140625,-73.9402299999999996771293808706104755401611328125,Entire home/apt,275,1
Brooklyn Bound 💚 Ground Level 2 bedroom,161314694,Brooklyn,Crown Heights,40.67665000000000219415596802718937397003173828125,-73.918139999999993960955180227756500244140625,Entire home/apt,160,1
CESAR'S PALACE 2.0 (Perfect for traveling RN),24195130,Bronx,Pelham Gardens,40.86149999999999948840923025272786617279052734375,-73.837749999999999772626324556767940521240234375,Entire home/apt,199,1
Newly Renovated Apartment in Upper Manhattan!,57322447,Manhattan,Washington Heights,40.860579999999998790372046642005443572998046875,-73.9259299999999939245753921568393707275390625,Entire home/apt,95,1
Studio631 In the heart of Midtown Manhattan,321252889,Manhattan,Midtown,40.74815000000000253521648119203746318817138671875,-73.9889199999999931378624751232564449310302734375,Entire home/apt,205,1
Percice home away from home 2mins from UBS Arena!,53440969,Queens,Queens Village,40.7113599999999991041477187536656856536865234375,-73.7414500000000003865352482534945011138916015625,Entire home/apt,90,1
Luxury apartment at great place,56935058,Manhattan,Hell's Kitchen,40.7608470677884469068885664455592632293701171875,-73.998825810849666595458984375,Entire home/apt,269,1
10 minutes from JFK Airport Rockaway Beach Heaven,196557649,Queens,Edgemere,40.59617999999999682358975405804812908172607421875,-73.768969999999995934558683075010776519775390625,Entire home/apt,250,1
Amazing clean apartment in Chinatown!,137605130,Manhattan,Chinatown,40.716419999999999390638549812138080596923828125,-73.9983600000000052432369557209312915802001953125,Entire home/apt,140,1
Brooklyn Junction - MInutes from Manhattan,71009894,Brooklyn,Cypress Hills,40.67613999999999663259586668573319911956787109375,-73.9003799999999984038367983885109424591064453125,Entire home/apt,83,1
Fully Furnished Studio Apartment in Chelsea,282074657,Manhattan,Chelsea,40.73953000000000201907823793590068817138671875,-74.0008399999999966212271829135715961456298828125,Entire home/apt,170,1
Spacious & Clean Luxury Condo with PVT. backyard.,329582733,Brooklyn,Bergen Beach,40.62805999999999784222382004372775554656982421875,-73.9144500000000022055246517993509769439697265625,Entire home/apt,114,1
"""I LOVE BROOKLYN""  Newly Renovated Studio APT.",52403444,Brooklyn,Bedford-Stuyvesant,40.68966000000000349245965480804443359375,-73.9462400000000030786395655013620853424072265625,Entire home/apt,99,1
Private Studio in Queens,195219725,Queens,Kew Gardens Hills,40.72388000000000118916432256810367107391357421875,-73.8167700000000053250914788804948329925537109375,Entire home/apt,105,1
Cozy Private studio-apartment,189981848,Manhattan,East Harlem,40.79572999999999893816493568010628223419189453125,-73.9360999999999961573848850093781948089599609375,Entire home/apt,146,1
Newly renovated! 1st Fl private apt in Bay Ridge,293157326,Brooklyn,Fort Hamilton,40.61654999999999660076355212368071079254150390625,-74.030159999999995079633663408458232879638671875,Entire home/apt,75,1
"NYCAirbnb 4.
Full private apartment.",1997143,Brooklyn,Bedford-Stuyvesant,40.6938200000000023237589630298316478729248046875,-73.9436400000000020327206584624946117401123046875,Entire home/apt,300,1
Perfect apartment in Time Square,322791021,Manhattan,Hell's Kitchen,40.7552400000000005775291356258094310760498046875,-73.9945900000000023055690689943730831146240234375,Entire home/apt,500,1
Guest studio w/patio,53821850,Brooklyn,Williamsburg,40.707009999999996807673596777021884918212890625,-73.947259999999999990905052982270717620849609375,Entire home/apt,160,1
*Brand new*Brooklyn 4 Bedrooms,77063818,Brooklyn,Bay Ridge,40.63501999999999725332600064575672149658203125,-74.0208300000000036789060686714947223663330078125,Entire home/apt,283,1
One BR 2nd FL apartment close to Air Train,117842223,Queens,Jamaica,40.69073999999999813326212461106479167938232421875,-73.8044900000000012596501619555056095123291015625,Entire home/apt,129,1
A+ Location City Studio (2 Double Beds) #8,348619646,Manhattan,Midtown,40.74638999999999811052475706674158573150634765625,-73.9885000000000019326762412674725055694580078125,Entire home/apt,185,1
Private Studio in Astoria- 25 min. to Midtown,214332639,Queens,Ditmars Steinway,40.7824700000000035515768104232847690582275390625,-73.9136199999999945475792628712952136993408203125,Entire home/apt,90,1
A+ Location Classic Studio (2 Double Beds),348619646,Manhattan,Midtown,40.74797000000000224417817662470042705535888671875,-73.988470000000006621121428906917572021484375,Entire home/apt,161,1
A+ Location Studio Apartment (Loft 2 Double Beds),348619646,Manhattan,Midtown,40.746319999999997207851265557110309600830078125,-73.9880399999999980309439706616103649139404296875,Entire home/apt,149,1
Modern 4700 SF house in heart of Williamsburg,4027787,Brooklyn,Williamsburg,40.7151300000000020418156054802238941192626953125,-73.961579999999997880877344869077205657958984375,Entire home/apt,680,1
Brand New Cozy Woodside Studio- Close to NYC,153886003,Queens,Maspeth,40.73700000000000187583282240666449069976806640625,-73.904259999999993624442140571773052215576171875,Entire home/apt,100,1
The Spot,215277711,Bronx,Van Nest,40.84053000000000110958353616297245025634765625,-73.8698499999999995679900166578590869903564453125,Entire home/apt,300,1
Very Good Location and entire place for you,365337143,Queens,Fresh Meadows,40.75231999999999743522494100034236907958984375,-73.7804200000000065529093262739479541778564453125,Entire home/apt,179,1
Beautiful CLEAN & cozy 1 bedroom in Inwood,344320464,Manhattan,Washington Heights,40.85938999999999765577740618027746677398681640625,-73.9268699999999938654582365415990352630615234375,Entire home/apt,118,1
THE SMALL ENGLISH MANOR NESTLED AMONGST THE TREES,155255550,Manhattan,East Village,40.72368999999999772398950881324708461761474609375,-73.9837399999999973942976794205605983734130859375,Entire home/apt,242,1
Private En-suite in an Beautiful Brownstone.  770.,213803787,Brooklyn,Crown Heights,40.66743000000000307636582874692976474761962890625,-73.9428199999999975489117787219583988189697265625,Entire home/apt,140,1
☆New renovated apartment in Jackson Heights☆,19303369,Queens,Jackson Heights,40.74907999999999930196281638927757740020751953125,-73.89388999999999896317603997886180877685546875,Entire home/apt,139,1
Entire Private Brownstone in Brooklyn,39371342,Brooklyn,Dyker Heights,40.6241399999999970304997987113893032073974609375,-74.0158899999999988494892022572457790374755859375,Entire home/apt,162,1
Beautiful piano Brooklyn condo overlooking park,49745989,Brooklyn,Crown Heights,40.671739999999999781721271574497222900390625,-73.9440599999999932379068923182785511016845703125,Entire home/apt,109,1
Sunny East Village Studio! Prime location,148812441,Manhattan,East Village,40.726370000000002846718416549265384674072265625,-73.9836700000000035970515455119311809539794921875,Entire home/apt,206,1
Optimized Micro-Studio in the center of NYC,170568130,Manhattan,Kips Bay,40.74258999999999986130205797962844371795654296875,-73.9802700000000044155967771075665950775146484375,Entire home/apt,70,1
The House of Bliss: 420 friendly,116985862,Queens,Richmond Hill,40.68012999999999834699337952770292758941650390625,-73.82179999999999608917278237640857696533203125,Entire home/apt,100,1
New York getaway,261467487,Queens,Fresh Meadows,40.7426099999999991041477187536656856536865234375,-73.7861599999999953070073388516902923583984375,Entire home/apt,115,1
Studio in Riverdale w/ optional backyard for a fee,61587120,Bronx,Kingsbridge,40.883769999999998390194377861917018890380859375,-73.9035200000000003228706191293895244598388671875,Entire home/apt,137,1
"Art House Oasis in Queens, NYC",23606088,Queens,Ozone Park,40.683909999999997353370417840778827667236328125,-73.8466700000000031423041946254670619964599609375,Entire home/apt,125,1
Cozy studio near the beach and St. John’s hospital,36383387,Queens,Far Rockaway,40.60103000000000150748746818862855434417724609375,-73.752440000000007103153620846569538116455078125,Entire home/apt,75,1
Renovated Dining 5min to 74st Express subway + AC,19303369,Queens,Jackson Heights,40.74907999999999930196281638927757740020751953125,-73.89379999999999881765688769519329071044921875,Entire home/apt,35,1
High End Hilton Studio near Central Park,6524762,Manhattan,Midtown,40.7652700000000010049916454590857028961181640625,-73.9774400000000014188117347657680511474609375,Entire home/apt,343,1
Entire 3BR Apt Duplex in Elmhurst!,295247374,Queens,East Elmhurst,40.761830000000003337845555506646633148193359375,-73.868709999999992987795849330723285675048828125,Entire home/apt,115,1
new york home,42243297,Brooklyn,Bath Beach,40.60831999999999908368408796377480030059814453125,-74.00857999999999492501956410706043243408203125,Entire home/apt,128,1
Space Age Little Italy Penthouse Terrace BBQ roof,161432983,Manhattan,Chinatown,40.7170100000000019235812942497432231903076171875,-73.9996100000000041063685785047709941864013671875,Entire home/apt,314,1
Astoria rental 1,335126650,Queens,Astoria,40.77262999999999948386175674386322498321533203125,-73.9265999999999934289007796905934810638427734375,Entire home/apt,109,1
Captivating New 2 Bedroom Apartment,334611519,Queens,Elmhurst,40.73812000000000210775397135876119136810302734375,-73.88312999999999419742380268871784210205078125,Entire home/apt,121,1
30min to JFK-2 Bedroom Family & Pet Friendly Home,333057838,Brooklyn,Flatlands,40.63273000000000223508322960697114467620849609375,-73.921649999999999636202119290828704833984375,Entire home/apt,253,1
❤️Couples Retreat/A Road Warriors Dream🌟Perf Loc.,83921231,Manhattan,Hell's Kitchen,40.76348999999999733745426055975258350372314453125,-73.9894900000000035333869163878262042999267578125,Entire home/apt,291,1
The Todds - A home away from home,245686814,Bronx,Olinville,40.8795300000000025875124265439808368682861328125,-73.8669000000000011141310096718370914459228515625,Entire home/apt,135,1
Beautiful Newly Renovated Brooklyn Apartment,169075332,Brooklyn,Clinton Hill,40.6945300000000003137756721116602420806884765625,-73.9621300000000019281287677586078643798828125,Entire home/apt,318,1
Steps to Yankee Stadium Modern 1 bdrm w/Pool Table,337081866,Bronx,Concourse,40.8260700000000014142642612569034099578857421875,-73.9274400000000042609826778061687946319580078125,Entire home/apt,271,1
Bedstuy kickback deals ONLY starting at $400! PM!,132130978,Brooklyn,Bedford-Stuyvesant,40.6869599999999991268850862979888916015625,-73.940280000000001336957211606204509735107421875,Entire home/apt,414,1
Modern Brooklyn Studio One Block From B-Train,145002203,Brooklyn,Brighton Beach,40.57849999999999823785401531495153903961181640625,-73.963449999999994588506524451076984405517578125,Entire home/apt,95,1
Penthouse on the hilltop,80470317,Staten Island,Clifton,40.6236999999999994770405464805662631988525390625,-74.0751699999999999590727384202182292938232421875,Entire home/apt,165,1
Studio w/Patio,53821850,Brooklyn,Williamsburg,40.70891000000000303771230392158031463623046875,-73.9460299999999932651917333714663982391357421875,Entire home/apt,108,1
Large & Lively Noho Studio in the heart of it all!,216277741,Manhattan,Greenwich Village,40.7307899999999989404386724345386028289794921875,-73.99281999999999470674083568155765533447265625,Entire home/apt,159,1
*PRIVATE* Loft 5 minutes away from LaGuardia,65671256,Queens,East Elmhurst,40.75791000000000252612153417430818080902099609375,-73.8601000000000027512214728631079196929931640625,Entire home/apt,110,1
Ashes Cove,48638439,Queens,Springfield Gardens,40.66241000000000127556631923653185367584228515625,-73.7715400000000016689227777533233165740966796875,Entire home/apt,215,1
"COZY QUIET ENCLAVE 12Mins to JFK,PVT ENT/BATH&KIT",305144235,Brooklyn,Canarsie,40.64110000000000155750967678613960742950439453125,-73.9072599999999937381289782933890819549560546875,Entire home/apt,93,1
Moka's Get A Way,258856587,Bronx,Mott Haven,40.81159000000000247609932557679712772369384765625,-73.9049600000000026511770556680858135223388671875,Entire home/apt,95,1
Magical Suite! Easy parking! Express trains!,218448466,Queens,Forest Hills,40.7110500000000001818989403545856475830078125,-73.8496499999999969077180139720439910888671875,Entire home/apt,119,1
Bright clean modern spacious with big front porch!,1093167,Brooklyn,Prospect Heights,40.6792999999999977944753482006490230560302734375,-73.9651199999999988676790962927043437957763671875,Entire home/apt,179,1
Pretty Williamsburg Loft,169467786,Brooklyn,Williamsburg,40.7105999999999994543031789362430572509765625,-73.9608199999999982310328050516545772552490234375,Entire home/apt,221,1
3 Bedroom Quietly Close To Everything,138203985,Queens,Ridgewood,40.7086800000000010868461686186492443084716796875,-73.9113300000000066347638494335114955902099609375,Entire home/apt,202,1
King Bed | Bronx Zoo | Fast Wi-Fi | Jacobi Med Ctr,398622781,Bronx,Schuylerville,40.8395000000000010231815394945442676544189453125,-73.8331500000000033878677641041576862335205078125,Entire home/apt,144,1
Houseboat Floating Cabin  Rockaway Surf's Up!,5720054,Queens,Arverne,40.5926199999999965939423418603837490081787109375,-73.788939999999996643964550457894802093505859375,Entire home/apt,157,1
A home you will love! Bergen Beach Apt Free Wi-fi!,65925820,Brooklyn,Bergen Beach,40.62527000000000043655745685100555419921875,-73.913039999999995188773027621209621429443359375,Entire home/apt,214,1
Midtown East Luxury Highrise,25163365,Manhattan,Midtown,40.76021999999999678720996598713099956512451171875,-73.96688000000000329237082041800022125244140625,Entire home/apt,504,1
Home sweet home Nyc style,47769520,Queens,Flushing,40.758319999999997662598616443574428558349609375,-73.8352000000000003865352482534945011138916015625,Entire home/apt,100,1
Bright Apt Williamsburg-Greenpoint,13402436,Brooklyn,Greenpoint,40.72424000000000177124093170277774333953857421875,-73.9482600000000047657522372901439666748046875,Entire home/apt,133,1
Spacious Three Bedroom Apt. Near JFK,274911319,Queens,Springfield Gardens,40.66205000000000069348971010185778141021728515625,-73.774619999999998753992258571088314056396484375,Entire home/apt,126,1
Ashes Cove,48638439,Queens,Springfield Gardens,40.661979999999999790816218592226505279541015625,-73.7701899999999994861354934982955455780029296875,Entire home/apt,211,1
Large Sunny 1BR (Conv 2BR) Apt in Crown Heights Bk,503800,Brooklyn,Crown Heights,40.6765400000000028057911549694836139678955078125,-73.946290000000004738467396236956119537353515625,Entire home/apt,100,1
Welcome to The Valley,16245414,Brooklyn,Bushwick,40.69415000000000048885340220294892787933349609375,-73.92414999999999736246536485850811004638671875,Entire home/apt,84,1
Hang out and lounging @the grey door,395134149,Brooklyn,Crown Heights,40.670659999999998035491444170475006103515625,-73.922280000000000654836185276508331298828125,Entire home/apt,1000,1
Windsor Terrace - Prospect Park - 2 Bed Apartment,13524368,Brooklyn,Windsor Terrace,40.65852000000000288082446786575019359588623046875,-73.977540000000004738467396236956119537353515625,Entire home/apt,179,1
ENTIRE  3 BEDROOMS UP 13 PEOPLE IN REGO PARK,27648573,Queens,Rego Park,40.72925000000000039790393202565610408782958984375,-73.8619800000000026329871616326272487640380859375,Entire home/apt,388,1
"Best of Brooklyn: FAST Internet, Desk, Pets ok!",393473,Brooklyn,Bedford-Stuyvesant,40.6938499999999976353137753903865814208984375,-73.951809999999994715835782699286937713623046875,Entire home/apt,132,1
"Zen-Oasis, Entire Apartment Only 8 min from JFK!!",103336088,Queens,Jamaica,40.67443999999999704186848248355090618133544921875,-73.7922899999999941655914881266653537750244140625,Entire home/apt,93,1
Boho escape in Upper Manhattan,35491006,Manhattan,Harlem,40.83106000000000079808160080574452877044677734375,-73.947010000000005902620614506304264068603515625,Entire home/apt,135,1
Garden Flat,155137506,Queens,Laurelton,40.68242000000000047066350816749036312103271484375,-73.7455499999999943838702165521681308746337890625,Entire home/apt,96,1
Restored Bungalow of Rockaway Beach,57101,Queens,Rockaway Beach,40.59008999999999645069692633114755153656005859375,-73.813230000000004338289727456867694854736328125,Entire home/apt,114,1
Brooklyn Bay: Private LUXURY LOFT. Unique stay!,389805358,Brooklyn,Bath Beach,40.607979999999997744453139603137969970703125,-74.00808000000000674845068715512752532958984375,Entire home/apt,229,1
AFFORDABLE & STYLISH NYC EVENT SPACE IN BUSHWICK,209193034,Brooklyn,Bushwick,40.6951600000000013324097380973398685455322265625,-73.9094400000000035788616514764726161956787109375,Entire home/apt,700,1
"Entire Guest Suite *close to JFK, LGA, AQUEDUCT",394603762,Queens,St. Albans,40.70067999999999841520548216067254543304443359375,-73.7567700000000030513547244481742382049560546875,Entire home/apt,95,1
Beautiful one bedroom apt 850 sqf!!,21685221,Manhattan,Upper West Side,40.79292000000000228965291171334683895111083984375,-73.97088999999999714418663643300533294677734375,Entire home/apt,199,1
Relaxful Large Studio,387784105,Brooklyn,Bedford-Stuyvesant,40.6851300000000009049472282640635967254638671875,-73.9321400000000039653968997299671173095703125,Entire home/apt,69,1
Fall Oasis in Williamsburg,66276,Brooklyn,Williamsburg,40.70828999999999808778738952241837978363037109375,-73.948520000000002028173184953629970550537109375,Entire home/apt,600,1
"Private,  cozy,  comfortable,  it feels like home",127836236,Bronx,Williamsbridge,40.88150999999999868350641918368637561798095703125,-73.84940000000000281943357549607753753662109375,Entire home/apt,70,1
Clean&Serene in Scenic Fort Greene,220001,Brooklyn,Fort Greene,40.69304699999999996862243278883397579193115234375,-73.9719850000000036516212276183068752288818359375,Entire home/apt,375,1
Luxury 2 BEDS/2 BATH Midtown/Central Park,8511789,Manhattan,Midtown,40.7659000000000020236257114447653293609619140625,-73.98174000000000205545802600681781768798828125,Entire home/apt,409,1
Loft Suite,417504,Brooklyn,Greenpoint,40.7377800000000007685230229981243610382080078125,-73.9536599999999992860466591082513332366943359375,Entire home/apt,220,1
Loft Suite,417504,Brooklyn,Greenpoint,40.7377800000000007685230229981243610382080078125,-73.9536599999999992860466591082513332366943359375,Entire home/apt,220,1
Loft Suite,417504,Brooklyn,Greenpoint,40.7377800000000007685230229981243610382080078125,-73.9536599999999992860466591082513332366943359375,Entire home/apt,220,1
Modern 19th C West Village Charmer,2519631,Manhattan,West Village,40.7349099999999992860466591082513332366943359375,-74.00150999999999612555257044732570648193359375,Entire home/apt,252,1
Gorgeous West Chelsea Two Bedroom with roof deck!,5007316,Manhattan,Chelsea,40.74745999999999668261807528324425220489501953125,-73.999809999999996534825186245143413543701171875,Entire home/apt,325,1
"💕 3 Bedrooms,Two Baths Apt(2 stops to Manhattan) 💕",230705060,Queens,Long Island City,40.7589600000000018553691916167736053466796875,-73.943250000000006139089236967265605926513671875,Entire home/apt,359,1
Loft Suite,417504,Brooklyn,Greenpoint,40.7377800000000007685230229981243610382080078125,-73.9536599999999992860466591082513332366943359375,Entire home/apt,220,1
"Large 3-Bedroom Apartment
CLOSE TO JFK (10 min)",18259103,Queens,Laurelton,40.66658000000000328100213664583861827850341796875,-73.745869999999996480255504138767719268798828125,Entire home/apt,241,1
Beautiful Central Harlem sleeps 4 Apt#2,7309232,Manhattan,Harlem,40.80973000000000183717929758131504058837890625,-73.9437400000000053523763199336826801300048828125,Entire home/apt,200,1
East Village 1250sq ft Venue w/ Outdoor Space,9155963,Manhattan,East Village,40.72890000000000298996383207850158214569091796875,-73.9807799999999957663021632470190525054931640625,Entire home/apt,1321,1
Satvic,204746258,Brooklyn,Prospect-Lefferts Gardens,40.66190999999999888814272708259522914886474609375,-73.9602900000000005320544005371630191802978515625,Entire home/apt,120,1
"Hamilton Hts Beauty, Manhattan 1 BR",23834677,Manhattan,Harlem,40.8285800000000023146640160121023654937744140625,-73.944199999999995043253875337541103363037109375,Entire home/apt,128,1
Classic East Village 1BR,66266373,Manhattan,East Village,40.7289200000000022328094928525388240814208984375,-73.9855600000000066529537434689700603485107421875,Entire home/apt,168,1
Spacious Bronx Designer Duplex 15 min NYC sleeps 8,132505285,Bronx,Port Morris,40.8042099999999976489561959169805049896240234375,-73.9224899999999962574293022044003009796142578125,Entire home/apt,250,1
LUX dope PRIME Williamsburg w/ Roof & Gym Sleeps 5,3068045,Brooklyn,Williamsburg,40.71589999999999776036929688416421413421630859375,-73.954419999999998935891198925673961639404296875,Entire home/apt,364,1
New One-Bedroom apartment in Manhattan NYC,1242636,Manhattan,Hell's Kitchen,40.7606899999999967576513881795108318328857421875,-73.999740000000002737579052336513996124267578125,Entire home/apt,220,1
Cozy Ozone Park studio Oasis w/kitchenette,19179837,Queens,Ozone Park,40.683909999999997353370417840778827667236328125,-73.8505799999999936744643491692841053009033203125,Entire home/apt,105,1
#8 1-Bed Apartment KINGBed 5mile JFK by Hotel-Like,263504959,Queens,Woodhaven,40.69263000000000118916432256810367107391357421875,-73.863889999999997826307662762701511383056640625,Entire home/apt,100,1
"The Fig, A Micro-Loft Treehouse in Williamsburg",2955215,Brooklyn,Williamsburg,40.7126700000000028012436814606189727783203125,-73.948409999999995534381014294922351837158203125,Entire home/apt,197,1
Brooklyn charming studio apartment!,242924411,Brooklyn,Bedford-Stuyvesant,40.683549999999996771293808706104755401611328125,-73.9540199999999998681232682429254055023193359375,Entire home/apt,102,1
Cozy 1bdrm apt in Midtown Manhattan,3335559,Manhattan,Midtown,40.7621299999999990859578247182071208953857421875,-73.9757000000000033423930290155112743377685546875,Entire home/apt,350,1
big bright unique artist's apartment in Manhattan,22087408,Manhattan,Lower East Side,40.719099999999997407940099947154521942138671875,-73.9834000000000031604940886609256267547607421875,Entire home/apt,236,1
Large eclectic studio East Village,1420868,Manhattan,East Village,40.72755000000000080717654782347381114959716796875,-73.97903999999999768988345749676227569580078125,Entire home/apt,230,1
We have the j and l train near and the 57 bus,303947699,Brooklyn,Bushwick,40.6993700000000018235368770547211170196533203125,-73.9355900000000048066794988699257373809814453125,Entire home/apt,380,1
"Nice 2 bedroom in bushwick,Brooklyn/20 min to City",395029025,Brooklyn,Bushwick,40.6940900000000027603164198808372020721435546875,-73.9298500000000018417267710901796817779541015625,Entire home/apt,200,1
Cozy space/ small kitchenette private bathroom,14214034,Bronx,Mott Haven,40.81611000000000188947524293325841426849365234375,-73.9249099999999970123099046759307384490966796875,Entire home/apt,80,1
Full Prospect Heights Brownstone!,630519,Brooklyn,Prospect Heights,40.6775999999999982037479639984667301177978515625,-73.965339999999997644408722408115863800048828125,Entire home/apt,288,1
Spring st SoHo Apartment,314941,Manhattan,Nolita,40.72211999999999676447259844280779361724853515625,-73.9963800000000020418156054802238941192626953125,Entire home/apt,285,1
Brooklyn modern studio apartment!,242924411,Brooklyn,Bedford-Stuyvesant,40.683549999999996771293808706104755401611328125,-73.9540099999999966939867590554058551788330078125,Entire home/apt,119,1
Lower East Side Magic Apartment Entire Apartment!!,314941,Manhattan,Nolita,40.720359999999999445208231918513774871826171875,-73.99434999999999718056642450392246246337890625,Entire home/apt,199,1
Luxury Private 2BRs Apt  Perfect for a getaway. 💖💎,393283611,Brooklyn,East New York,40.67605999999999966121322358958423137664794921875,-73.8793500000000022964741219766438007354736328125,Entire home/apt,153,1
Bronx Bomber,347821719,Bronx,Claremont Village,40.83292000000000143700162880122661590576171875,-73.903829999999999245119397528469562530517578125,Entire home/apt,380,1
Beautiful Big 2 Bedroom Apt in Brooklyn Brownstone,371784614,Brooklyn,Bay Ridge,40.63246000000000179852577275596559047698974609375,-74.0272599999999982856024871580302715301513671875,Entire home/apt,131,1
Pur Bonheur.    (Pure Happiness),264393536,Brooklyn,Crown Heights,40.673349999999999226929503493010997772216796875,-73.95238000000000511136022396385669708251953125,Entire home/apt,95,1
Private suite- 5mins from LGA/Airport & Citi Field,235062143,Queens,East Elmhurst,40.76733999999999724650479038245975971221923828125,-73.868030000000004520188667811453342437744140625,Entire home/apt,104,1
Entire 2 Bedroom Apartment,314941,Manhattan,Nolita,40.72021000000000157115209731273353099822998046875,-73.99425999999999703504727222025394439697265625,Entire home/apt,199,1
Architect's Brownstone,687361,Brooklyn,Park Slope,40.67486999999999852661858312785625457763671875,-73.976370000000002846718416549265384674072265625,Entire home/apt,857,1
Gigantic Private Brooklyn Loft!,365153,Brooklyn,Greenpoint,40.7291900000000026693669497035443782806396484375,-73.9558799999999934016159386374056339263916015625,Entire home/apt,229,1
The Game Room,188453457,Bronx,Claremont Village,40.84279000000000081627149484120309352874755859375,-73.9096300000000070440364652313292026519775390625,Entire home/apt,529,1
Bushwick private apartment in Brooklyn,180608314,Brooklyn,Bushwick,40.69062000000000267618815996684134006500244140625,-73.9089699999999965029928716830909252166748046875,Entire home/apt,85,1
Queens Village Morden 93,163603458,Queens,Queens Village,40.72205000000000296722646453417837619781494140625,-73.7357099999999974215825204737484455108642578125,Entire home/apt,84,1
Beautiful Whole Private Apt with Huge Backyard.,785524,Bronx,Concourse,40.81965000000000287627699435688555240631103515625,-73.9291099999999943293005344457924365997314453125,Entire home/apt,114,1
Amazing Location,122679380,Manhattan,Hell's Kitchen,40.762349999999997862687450833618640899658203125,-73.98863000000000056388671509921550750732421875,Entire home/apt,269,1
Brand new in the heart of Bushwick,54736855,Brooklyn,Bushwick,40.70595999999999747842593933455646038055419921875,-73.9175500000000056388671509921550750732421875,Entire home/apt,254,1
2 bedroom HOME AWAY FROM HOME fast Wi-Fi + parking,387892852,Staten Island,St. George,40.6419599999999974215825204737484455108642578125,-74.086420000000003938112058676779270172119140625,Entire home/apt,150,1
CHECK PRICE! The Hollywood Area! Private/Cozy/Safe,348141027,Queens,Astoria,40.7591400000000021464074961841106414794921875,-73.923540000000002692104317247867584228515625,Entire home/apt,96,1
J & G Comfort Cove: Feel of luxury and tranquility,259776956,Brooklyn,Canarsie,40.629649999999998044586391188204288482666015625,-73.89551000000000158252078108489513397216796875,Entire home/apt,299,1
Cute & Cosy 1 Bedroom APT in Murray Hill,170568130,Manhattan,Murray Hill,40.74533000000000271256794803775846958160400390625,-73.9771700000000009822542779147624969482421875,Entire home/apt,105,1
Beautiful Cozy Central w/two rooms,306482362,Queens,Astoria,40.7582000000000022055246517993509769439697265625,-73.920490000000000918589648790657520294189453125,Entire home/apt,249,1
"One Bedroom,in Harlem by Columbia College",36278966,Manhattan,Harlem,40.8041199999999975034370436333119869232177734375,-73.95557999999999765350366942584514617919921875,Entire home/apt,165,1
Cozy Midtown East apt,10487850,Manhattan,Midtown,40.752870000000001482476363889873027801513671875,-73.9670799999999957208274281583726406097412109375,Entire home/apt,230,1
Private Studio Apartment,22006854,Queens,Jamaica,40.68491000000000212821760214865207672119140625,-73.7956099999999963756636134348809719085693359375,Entire home/apt,89,1
A+ Location Double over Double Loft Bed Studio,348619646,Manhattan,Midtown,40.74638999999999811052475706674158573150634765625,-73.986999999999994770405464805662631988525390625,Entire home/apt,165,1
Modern Gorgeous 2 BR Private Apartment in Brooklyn,371784614,Brooklyn,Bay Ridge,40.63089000000000083900886238552629947662353515625,-74.0251899999999949386619846336543560028076171875,Entire home/apt,135,1
A+ Location Classic Studio (Queen Bed & Futon),348619646,Manhattan,Midtown,40.7463699999999988676790962927043437957763671875,-73.986840000000000827640178613364696502685546875,Entire home/apt,259,1
Stylish Apt in Brooklyn Heights,6541960,Brooklyn,Brooklyn Heights,40.69053999999999859937815926969051361083984375,-73.992580000000003792592906393110752105712890625,Entire home/apt,200,1
Light-filled Williamsburg Oasis with Spa Aesthetic,30418939,Brooklyn,Greenpoint,40.71916999999999831061359145678579807281494140625,-73.948759999999992942321114242076873779296875,Entire home/apt,175,1
"Sweet Apt, Steps From Gramercy Park",1292250,Manhattan,Gramercy,40.736930000000000973159330897033214569091796875,-73.98129000000000132786226458847522735595703125,Entire home/apt,139,1
Loft Suite,417504,Brooklyn,Greenpoint,40.737560000000001991793396882712841033935546875,-73.9535000000000053432813729159533977508544921875,Entire home/apt,220,1
"2, 3 or 4  Floors, Heart of Greenwich Village",4129805,Manhattan,West Village,40.73268999999999806505002197809517383575439453125,-74.0025399999999962119545671157538890838623046875,Entire home/apt,500,1
Red Hook Prime 1 BR Priv. Garden 3 blks NYC Ferry,1499484,Brooklyn,Red Hook,40.67622999999999677811501896940171718597412109375,-74.01528999999999314240994863212108612060546875,Entire home/apt,155,1
Cozy home away from home,259838485,Bronx,Parkchester,40.83789999999999764668245916254818439483642578125,-73.8557799999999957663021632470190525054931640625,Entire home/apt,80,1
Loft Suite,417504,Brooklyn,Greenpoint,40.737560000000001991793396882712841033935546875,-73.9535000000000053432813729159533977508544921875,Entire home/apt,220,1
Loft Suite,417504,Brooklyn,Greenpoint,40.737560000000001991793396882712841033935546875,-73.9535000000000053432813729159533977508544921875,Entire home/apt,220,1
Charming Studio in a Great location,5800619,Manhattan,Chelsea,40.7539799999999985402610036544501781463623046875,-73.9998199999999997089616954326629638671875,Entire home/apt,231,1
An Amazing Creative Loft <Prime Williamsburg>,6465781,Brooklyn,Williamsburg,40.714010000000001809894456528127193450927734375,-73.9578599999999966030372888781130313873291015625,Entire home/apt,375,1
A Private Nook in Bushwick,16245414,Brooklyn,Bushwick,40.69415000000000048885340220294892787933349609375,-73.92414999999999736246536485850811004638671875,Entire home/apt,95,1
1 bedroom apartment on Upper East Side Manhattan,395032236,Manhattan,Upper East Side,40.76998999999999995225152815692126750946044921875,-73.9533799999999956753526930697262287139892578125,Entire home/apt,196,1
Nanna’s Piano!! Recently Renovated 2 Story Home,398072416,Queens,St. Albans,40.6867400000000003501554601825773715972900390625,-73.7687600000000003319655661471188068389892578125,Entire home/apt,312,1
1 BDRM APT BROOKLYN (REDHOOK),29823680,Brooklyn,Carroll Gardens,40.6784899999999964848029776476323604583740234375,-74.00258999999999787178239785134792327880859375,Entire home/apt,125,1
Authentic Brooklyn Vibe in Spacious Bright Flat,189275,Brooklyn,Clinton Hill,40.69657000000000124373400467447936534881591796875,-73.96884000000000014551915228366851806640625,Entire home/apt,130,1
Discounted- Massive Apt in the heart of Brooklyn,127721863,Brooklyn,Kensington,40.6307199999999966166797094047069549560546875,-73.9726399999999983947418513707816600799560546875,Entire home/apt,123,1
Nice 3 Bedrooms w/balcony area 5 mins way to JFK,395029025,Queens,South Ozone Park,40.6655999999999977490006131120026111602783203125,-73.81382999999999583451426587998867034912109375,Entire home/apt,200,1
Loft Suite,417504,Brooklyn,Greenpoint,40.737560000000001991793396882712841033935546875,-73.9535000000000053432813729159533977508544921875,Entire home/apt,220,1
Cozy 1br apt near JFK w/ fireplace & king size bed,44378396,Queens,Jamaica,40.669849999999996725819073617458343505859375,-73.776600000000001955413608811795711517333984375,Entire home/apt,160,1
Husband & Wife Art-Filled Apartment,1336542,Brooklyn,Clinton Hill,40.6813599999999979672793415375053882598876953125,-73.9654000000000024783730623312294483184814453125,Entire home/apt,110,1
The grey door,395134149,Brooklyn,Crown Heights,40.67114000000000118006937555037438869476318359375,-73.9251100000000036516212276183068752288818359375,Entire home/apt,700,1
TWO BEDROOMS DELUXE,247900596,Manhattan,Harlem,40.8066299999999984038367983885109424591064453125,-73.946089999999998099156073294579982757568359375,Entire home/apt,295,1
`Amazing Brooklyn Home,7039396,Brooklyn,Cypress Hills,40.6808800000000019281287677586078643798828125,-73.8878600000000034242475521750748157501220703125,Entire home/apt,109,1
Large 1 bedroom apartment in Murray Hill,8811222,Manhattan,Kips Bay,40.74201000000000050249582272954285144805908203125,-73.9767800000000050886228564195334911346435546875,Entire home/apt,160,1
fancy and cozy one bedroom apartment,39395765,Bronx,Wakefield,40.90402999999999877900336286984384059906005859375,-73.8473999999999932697392068803310394287109375,Entire home/apt,110,1
Luxury 1 Bed 20 Mins From Midtown Manhattan,11042893,Queens,Long Island City,40.7519300000000015415935195051133632659912109375,-73.923619999999999663486960344016551971435546875,Entire home/apt,247,1
Entire 2 BRs Apartment,219333557,Queens,East Elmhurst,40.76281999999999783312887302599847316741943359375,-73.8685600000000022191670723259449005126953125,Entire home/apt,118,1
"Bright, cozy East Village apartment",45815117,Manhattan,East Village,40.7278400000000004865796654485166072845458984375,-73.98908000000000129148247651755809783935546875,Entire home/apt,200,1
Beautiful Furnished 1 Bedroom apt; Wash Hts/Manhtn,10384087,Manhattan,Inwood,40.86274999999999835154085303656756877899169921875,-73.928910000000001900843926705420017242431640625,Entire home/apt,153,1
King Bed with memory foam mattress Extra comfort,312923422,Manhattan,Chelsea,40.74971000000000032059688237495720386505126953125,-74.002780000000001336957211606204509735107421875,Entire home/apt,279,1
Outdoor Patio Space for Small Groups (Heated),16245414,Brooklyn,Bushwick,40.69415000000000048885340220294892787933349609375,-73.92414999999999736246536485850811004638671875,Entire home/apt,493,1
MODERN LOFT STUDIO IN CENTRE MANHATTAN (SLEEP 4)!,266800860,Manhattan,Murray Hill,40.74656999999999840156306163407862186431884765625,-73.975020000000000663931132294237613677978515625,Entire home/apt,145,1
Family-Friendly 3 BR in Cobble Hill,6245535,Brooklyn,Carroll Gardens,40.68337999999999965439201332628726959228515625,-73.9901100000000013778844731859862804412841796875,Entire home/apt,284,1
Artist apartment in the heart of Brooklyn!,27445710,Brooklyn,Flatbush,40.64506000000000085492501966655254364013671875,-73.9633000000000038198777474462985992431640625,Entire home/apt,95,1
"2 BR Apt close to LGA, JFK & Midtown (2A)",259229690,Queens,Jackson Heights,40.74678000000000110958353616297245025634765625,-73.8936700000000001864464138634502887725830078125,Entire home/apt,101,1
Jfk5minentireapt selfcheck innosharing no kitchen,170810121,Queens,Jamaica,40.67875000000000085265128291212022304534912109375,-73.791460000000000718500814400613307952880859375,Entire home/apt,102,1
The Height of staten island! Near R.U.M.C,24580977,Staten Island,New Brighton,40.640410000000002810338628478348255157470703125,-74.0883400000000023055690689943730831146240234375,Entire home/apt,140,1
Gorgeous and Spacious Loft in Midtown,5720429,Manhattan,Midtown,40.74806000000000238969732890836894512176513671875,-73.9832200000000028694557840935885906219482421875,Entire home/apt,929,1
"spot in NYC ! 
Midtown Madison Square Park",343632743,Manhattan,Kips Bay,40.74070999999999997953636921010911464691162109375,-73.9800800000000009504219633527100086212158203125,Entire home/apt,169,1
Less than a minute from the Metro 3 & 1/2 bedroom,7120328,Brooklyn,Prospect-Lefferts Gardens,40.6571500000000014551915228366851806640625,-73.9492500000000063664629124104976654052734375,Entire home/apt,164,1
Two bus stops to World Trade Center,45550171,Staten Island,Concord,40.60493999999999914507498033344745635986328125,-74.0733699999999970486896927468478679656982421875,Entire home/apt,120,1
Bed Stuy Brownstone 1 BR Apartment,35166784,Brooklyn,Bedford-Stuyvesant,40.68016999999999683268470107577741146087646484375,-73.9431000000000011596057447604835033416748046875,Entire home/apt,126,1
"Get up and Go, Small comfy Studio in the Bronx",126614438,Bronx,Westchester Square,40.83624999999999971578290569595992565155029296875,-73.8482099999999945794115774333477020263671875,Entire home/apt,90,1
Deluxe Boho Brooklyn Brownstone w/ Private Garden!,11753837,Brooklyn,Park Slope,40.67096566560802983758549089543521404266357421875,-73.9744628420011594016614253632724285125732421875,Entire home/apt,1195,1
Windsor Terrace - Prospect Park - 1 Bed Apartment,13524368,Brooklyn,Windsor Terrace,40.65773999999999688270690967328846454620361328125,-73.97557000000000471118255518376827239990234375,Entire home/apt,119,1
Bushwick Artist Loft,1924825,Brooklyn,Williamsburg,40.704070000000001527951098978519439697265625,-73.9354699999999951387508190236985683441162109375,Entire home/apt,210,1
NYC Market Week Showroom Loft,44837740,Manhattan,Midtown,40.754739999999998190105543471872806549072265625,-73.9907199999999960482455207966268062591552734375,Entire home/apt,1750,1
Charming Parlor Apt off Bleecker,4129805,Manhattan,West Village,40.73100000000000164845914696343243122100830078125,-74.0034600000000040154191083274781703948974609375,Entire home/apt,197,1
"Sunny, serene airport NYC getaway",37740031,Queens,Howard Beach,40.65697000000000116415321826934814453125,-73.8334399999999959618435241281986236572265625,Entire home/apt,150,1
Private Floor in SOHO Townhouse,43599290,Manhattan,SoHo,40.72214000000000311274561681784689426422119140625,-74.0044299999999992678567650727927684783935546875,Entire home/apt,179,1
Sustainable Event Venue in LES,148108,Manhattan,Lower East Side,40.7231000000000022964741219766438007354736328125,-73.989900000000005775291356258094310760498046875,Entire home/apt,900,1
JFK Boathouse,62047190,Queens,Howard Beach,40.65117219999999775836840854026377201080322265625,-73.837426499999992302036844193935394287109375,Entire home/apt,1200,1
1 bedroom apt in pvt 2 fam house,33825321,Brooklyn,Crown Heights,40.67251999999999867441147216595709323883056640625,-73.933300000000002683009370230138301849365234375,Entire home/apt,125,1
The Baly Simpson Inn,20324421,Brooklyn,Prospect-Lefferts Gardens,40.6588899999999995316102285869419574737548828125,-73.94986000000000103682396002113819122314453125,Entire home/apt,159,1
Loft Suite,417504,Brooklyn,Greenpoint,40.737560000000001991793396882712841033935546875,-73.9535000000000053432813729159533977508544921875,Entire home/apt,220,1
The Perfect Bright Modern Brooklyn Private Apt,389436964,Brooklyn,Bushwick,40.6894800000000032014213502407073974609375,-73.9187299999999964938979246653616428375244140625,Entire home/apt,200,1
A+ Location City Studio (2 Double Beds) #4,348619646,Manhattan,Midtown,40.7474500000000006139089236967265605926513671875,-73.988740000000007057678885757923126220703125,Entire home/apt,143,1
Beautiful Home in Heart of Brooklyn,17726658,Brooklyn,East Flatbush,40.64730999999999738747646915726363658905029296875,-73.947530000000000427462509833276271820068359375,Entire home/apt,125,1
Loft Suite,417504,Brooklyn,Greenpoint,40.737560000000001991793396882712841033935546875,-73.9535000000000053432813729159533977508544921875,Entire home/apt,220,1
Loft Suite,417504,Brooklyn,Greenpoint,40.737560000000001991793396882712841033935546875,-73.9535000000000053432813729159533977508544921875,Entire home/apt,220,1
"Private suite in Rosedale, 8 min from JFK & 2LIRR",388452445,Queens,Rosedale,40.66783000000000214413375942967832088470458984375,-73.735510000000004993125912733376026153564453125,Entire home/apt,120,1
"Modern 2BR Apt - 15 min to Manhattan, 10 to LGA",227037845,Queens,Maspeth,40.738439999999997098711901344358921051025390625,-73.9051099999999934198058326728641986846923828125,Entire home/apt,154,1
Modern Brooklyn townhouse 2 BA - Easy Travel,396940563,Brooklyn,Bay Ridge,40.63606999999999658257365808822214603424072265625,-74.02388999999999441570253111422061920166015625,Entire home/apt,156,1
Marriott Vacation Club Pulse New York City,53481729,Manhattan,Midtown,40.7505400000000008731149137020111083984375,-73.9857200000000005957190296612679958343505859375,Entire home/apt,999,1
White Loft Photo Studio,42918586,Brooklyn,Gowanus,40.672899999999998499333742074668407440185546875,-73.9959400000000044883563532494008541107177734375,Entire home/apt,650,1
Loft Suite,417504,Brooklyn,Greenpoint,40.737560000000001991793396882712841033935546875,-73.9535000000000053432813729159533977508544921875,Entire home/apt,220,1
Brooklyn Great Escape,45535181,Brooklyn,Crown Heights,40.675870000000003301465767435729503631591796875,-73.9309700000000020736479200422763824462890625,Entire home/apt,175,1
Studio 250 NYC Photo / Video /Showroom Rental,44837740,Manhattan,Midtown,40.75451000000000334466676576994359493255615234375,-73.9889699999999947976903058588504791259765625,Entire home/apt,1571,1
"home, sweet home :-)  English, русский,  עברית",42814202,Queens,Fresh Meadows,40.74204999999999898818714427761733531951904296875,-73.787000000000006139089236967265605926513671875,Entire home/apt,110,1
"Your Home In The Heart Of Bedstuy, Brooklyn!",263566379,Brooklyn,Bedford-Stuyvesant,40.68204999999999671445038984529674053192138671875,-73.92513999999999896317603997886180877685546875,Entire home/apt,150,1
7thAve@56th St Condo in NYC at The Manhattan Club!,19331790,Manhattan,Midtown,40.76417000000000001591615728102624416351318359375,-73.9802600000000012414602679200470447540283203125,Entire home/apt,395,1
Loft Suite,417504,Brooklyn,Greenpoint,40.737560000000001991793396882712841033935546875,-73.9535000000000053432813729159533977508544921875,Entire home/apt,220,1
"Entire loft, best Williamsburg",1879389,Brooklyn,Williamsburg,40.71981000000000250338416662998497486114501953125,-73.96053000000000565705704502761363983154296875,Entire home/apt,318,1
Spacious Full Studio BEST LOCATION in Brooklyn,153692944,Brooklyn,Prospect-Lefferts Gardens,40.661619999999999208739609457552433013916015625,-73.9617700000000013460521586239337921142578125,Entire home/apt,100,1
Cozy Studio Apt. in the Heart of Chelsea,170568130,Manhattan,Chelsea,40.75122999999999962028596200980246067047119140625,-73.9968400000000059435478760860860347747802734375,Entire home/apt,95,1
Good Vibes Only in this Brooklyn Brownstone,396622736,Brooklyn,Bedford-Stuyvesant,40.68254999999999910187398199923336505889892578125,-73.91743999999999914507498033344745635986328125,Entire home/apt,179,1
SPACIOUS APT CLOSE TO MANHATTAN!!,42008401,Queens,Astoria,40.7558599999999984220266924239695072174072265625,-73.91626999999999725332600064575672149658203125,Entire home/apt,140,1
Sweet Hideout,319049221,Queens,Rosedale,40.6682100000000019690560293383896350860595703125,-73.735600000000005138645065017044544219970703125,Entire home/apt,80,1
BEAUTIFUL LARGE 3 BEDROOMS NEXT TO ALL,27648573,Queens,Rego Park,40.73028618267363754057441838085651397705078125,-73.860282418293110140439239330589771270751953125,Entire home/apt,318,1
"Modern Duplex 1 bdrm , 1.5 Baths + terrace!",5837033,Manhattan,Upper East Side,40.77450999999999936562744551338255405426025390625,-73.957400000000006912159733474254608154296875,Entire home/apt,499,1
Cozy Apartment Located In The Heart Of Manhattan#7,343450886,Manhattan,Midtown,40.74849999999999994315658113919198513031005859375,-73.9873199999999968667907523922622203826904296875,Entire home/apt,124,1
Manhattan Private ROOF TOP GARDEN for 25 people.,71276635,Manhattan,Washington Heights,40.8361400000000003274180926382541656494140625,-73.943839999999994461177266202867031097412109375,Entire home/apt,899,1
Studio at Hilton Club Residence - Manhattan's Best,6524762,Manhattan,Theater District,40.761899999999997135091689415276050567626953125,-73.9807700000000068030203692615032196044921875,Entire home/apt,471,1
"2 BR Apt close to LGA, JFK & Midtown (3B)",259229690,Queens,Woodside,40.74490999999999729652699897997081279754638671875,-73.89208999999999605279299430549144744873046875,Entire home/apt,100,1
Spacious Private space in Park Slope,255420742,Brooklyn,South Slope,40.6604200000000020054358174093067646026611328125,-73.982020000000005666151992045342922210693359375,Entire home/apt,110,1
Stylish Arty Apt in Brooklyn,252361,Brooklyn,Cobble Hill,40.688119999999997844497556798160076141357421875,-73.9915500000000037061909097246825695037841796875,Entire home/apt,217,1
Stylish & cozy townhome 5 minutes JFK & 20 to LGA,15520206,Queens,Jamaica,40.68077000000000253976395470090210437774658203125,-73.7882299999999986539478413760662078857421875,Entire home/apt,199,1
"Luxe-Exquisite Means 
Bsmt Apt",86769590,Brooklyn,East New York,40.66044000000000124828147818334400653839111328125,-73.899169999999998026396497152745723724365234375,Entire home/apt,111,1
2 BR apt close to LGA / JFK / Midtown (2B),259229690,Queens,Woodside,40.74640000000000128466126625426113605499267578125,-73.892020000000002255546860396862030029296875,Entire home/apt,100,1
Triangle Loft-Connect,375344103,Manhattan,West Village,40.74009000000000213503881241194903850555419921875,-74.006290000000007012204150669276714324951171875,Entire home/apt,3300,1
"Brooklyn's heart, Ft Greene!",36434721,Brooklyn,Fort Greene,40.68500999999999834244590601883828639984130859375,-73.9727299999999985402610036544501781463623046875,Entire home/apt,153,1
SUN & SOLITUDE 🌟🌟🌟🌟🌟,388190137,Brooklyn,Bushwick,40.6982100000000031059244065545499324798583984375,-73.9321699999999992769517120905220508575439453125,Entire home/apt,227,1
Loft Suite,417504,Brooklyn,Greenpoint,40.7377800000000007685230229981243610382080078125,-73.9536599999999992860466591082513332366943359375,Entire home/apt,220,1
A Diamond In The Ruff,390243588,Brooklyn,Flatlands,40.6255000000000023874235921539366245269775390625,-73.933480000000002974047674797475337982177734375,Entire home/apt,114,1
A Hidden Gem,390243588,Brooklyn,Flatlands,40.62570000000000192130755749531090259552001953125,-73.9329100000000067893779487349092960357666015625,Entire home/apt,96,1
The Sunny Lincoln Center Apartment,13135873,Manhattan,Upper West Side,40.77465000000000117097442853264510631561279296875,-73.9797300000000035424818634055554866790771484375,Entire home/apt,350,1
Beautiful 1 BR w/ Private Backyard,40427171,Brooklyn,Carroll Gardens,40.6860300000000023601387511007487773895263671875,-73.993729999999999336068867705762386322021484375,Entire home/apt,125,1
"Private, Cozy hideaway apt in Bklyn for 1 to 4",6445684,Brooklyn,Canarsie,40.64233999999999724650479038245975971221923828125,-73.89033000000000583895598538219928741455078125,Entire home/apt,102,1
Williamsburg Brooklyn LOVE Home,2393537,Brooklyn,Williamsburg,40.70900000000000318323145620524883270263671875,-73.968040000000002009983290918171405792236328125,Entire home/apt,219,1
Esty’s house,93352694,Brooklyn,East Flatbush,40.66127000000000180079950951039791107177734375,-73.9385829999999941719579510390758514404296875,Entire home/apt,500,1
"Backyard in BK, Modern Reno, Sleeps 6, Walk 2train",53648985,Brooklyn,Crown Heights,40.67584000000000088448359747417271137237548828125,-73.939220000000005939000402577221393585205078125,Entire home/apt,160,1
"130/night, big and cozy, Brooklyn",4336763,Brooklyn,Park Slope,40.681229999999999336068867705762386322021484375,-73.9803399999999982128429110161960124969482421875,Entire home/apt,130,1
Boutique Garden Suite w/PRIVATE ENTRANCE near JFK,116589400,Queens,Jamaica,40.68390000000000128466126625426113605499267578125,-73.800039999999995643520378507673740386962890625,Entire home/apt,115,1
Cozy Apartment in Midtown West,271928929,Manhattan,Hell's Kitchen,40.753749999999996589394868351519107818603515625,-73.993120000000004665707820095121860504150390625,Entire home/apt,139,1
Chelsea Chic,35102629,Manhattan,Chelsea,40.750889999999998281055013649165630340576171875,-74.0014100000000070167516241781413555145263671875,Entire home/apt,225,1
Entire place to stay!,337846634,Queens,Woodhaven,40.69181999999999987949195201508700847625732421875,-73.8645499999999941564965411089360713958740234375,Entire home/apt,80,1
1910 Original Rockaway Bungalow,63389796,Queens,Rockaway Beach,40.5872600000000005593392415903508663177490234375,-73.8158800000000070440364652313292026519775390625,Entire home/apt,129,1
Heartbeat of Harlem,104151293,Manhattan,Harlem,40.8097700000000003228706191293895244598388671875,-73.9399499999999960664354148320853710174560546875,Entire home/apt,200,1
carriage house apartment,4524130,Brooklyn,Clinton Hill,40.6869099999999974670572555623948574066162109375,-73.9670799999999957208274281583726406097412109375,Entire home/apt,195,1
"Charming Apt off Bleecker, First Fl",4129805,Manhattan,West Village,40.7327700000000021418600226752460002899169921875,-74.002669999999994843165040947496891021728515625,Entire home/apt,209,1
LUXURY APT w PRIVATE GARDEN NYC UES,4425694,Manhattan,Upper East Side,40.7653499999999979763742885552346706390380859375,-73.9584100000000006502887117676436901092529296875,Entire home/apt,206,1
Hell’s Kitchen Oasis,39908190,Manhattan,Hell's Kitchen,40.76436000000000348109097103588283061981201171875,-73.9919799999999980855136527679860591888427734375,Entire home/apt,272,1
Midtown great location private Apt,41406733,Manhattan,Midtown,40.75403000000000020008883439004421234130859375,-73.9695099999999996498445398174226284027099609375,Entire home/apt,137,1
Entire 1 Bedroom apt,397899582,Queens,Jamaica,40.676839999999998553903424181044101715087890625,-73.7750199999999978217601892538368701934814453125,Entire home/apt,305,1
Duplex Loft Suite with Patio,417504,Brooklyn,Greenpoint,40.737560000000001991793396882712841033935546875,-73.9535000000000053432813729159533977508544921875,Entire home/apt,249,1
Victorian Private Brownstone Apartment & Backyard,3672774,Brooklyn,Clinton Hill,40.683750000000003410605131648480892181396484375,-73.961420000000003938112058676779270172119140625,Entire home/apt,218,1
Large West Village Studio! Amazing Location!,262479781,Manhattan,Greenwich Village,40.733035999999998466591932810842990875244140625,-73.998977999999993926394381560385227203369140625,Entire home/apt,525,1
MyPlace2Beach,41619645,Queens,Arverne,40.58957000000000192585503100417554378509521484375,-73.7909300000000030195224098861217498779296875,Entire home/apt,182,1
"Best of Brooklyn 2: FAST Internet, Desk, Pets ok!",393473,Brooklyn,Bedford-Stuyvesant,40.692329999999998335624695755541324615478515625,-73.9522500000000064801497501321136951446533203125,Entire home/apt,148,1
"Renovated, Upscale, Clean,Cozy Apt in Hip Brooklyn",35877638,Brooklyn,Bedford-Stuyvesant,40.6862100000000026511770556680858135223388671875,-73.9343199999999995952748577110469341278076171875,Entire home/apt,139,1
Cozy Studio; Lower Level Unit,85172591,Queens,Springfield Gardens,40.66752000000000322188498103059828281402587890625,-73.7523800000000022691892809234559535980224609375,Entire home/apt,105,1
the cove,143979755,Bronx,Pelham Gardens,40.86272000000000303998604067601263523101806640625,-73.845629999999999881765688769519329071044921875,Entire home/apt,75,1
🗽Modern Suite➕🏡Backyard Oasis,75547780,Queens,Briarwood,40.70909000000000332875060848891735076904296875,-73.8147000000000019781509763561189174652099609375,Entire home/apt,110,1
Beautiful private 2BR Renovated 2020♪ House@Queens,200239515,Queens,Woodside,40.7408599999999978535925038158893585205078125,-73.8944999999999936335370875895023345947265625,Entire home/apt,79,1
"Private, Windsor Terrace Studio",1384388,Brooklyn,Windsor Terrace,40.65440000000000253521648119203746318817138671875,-73.9734600000000028785507311113178730010986328125,Entire home/apt,152,1
2-Bedroom creative paradise.,171716081,Brooklyn,Prospect-Lefferts Gardens,40.657859999999999445208231918513774871826171875,-73.9508100000000041518433135934174060821533203125,Entire home/apt,121,1
Beautiful & Massive 4 bdr with Bonus Perks!,297734914,Manhattan,East Village,40.72518000000000171212377608753740787506103515625,-73.984499999999997044142219237983226776123046875,Entire home/apt,400,1
Location/Film/Photography 2000 FT  W/ VIEWS,17152076,Manhattan,Harlem,40.83104999999999762394509161822497844696044921875,-73.9504400000000003956301952712237834930419921875,Entire home/apt,250,1
"Oasis Stay NY - 18 Mins from NYC, Full 2 Bedrooms",113585636,Bronx,Clason Point,40.80861999999999767396730021573603153228759765625,-73.8531100000000009231371222995221614837646484375,Entire home/apt,189,1
Newly Renovated Private Studio in Prospect Heights,111599325,Brooklyn,Prospect Heights,40.67896999999999962938090902753174304962158203125,-73.967590000000001282387529499828815460205078125,Entire home/apt,125,1
Triangle Loft-Create,375344103,Manhattan,West Village,40.74043999999999954297891235910356044769287109375,-74.005439999999993005985743366181850433349609375,Entire home/apt,2500,1
Cozy Studio Apartment with Spacious Backyard!,129396046,Brooklyn,East New York,40.66727999999999809688233654014766216278076171875,-73.890129999999999199644662439823150634765625,Entire home/apt,90,1
"Sanitized, Cozy 1Bed/1Bath in Manhattan-Full Apt!",374607003,Manhattan,Inwood,40.863529999999997244231053628027439117431640625,-73.922550000000001091393642127513885498046875,Entire home/apt,70,1
CatonSides🌀🤷🏾‍♂️Ⓜ️,303764720,Brooklyn,Flatbush,40.65328000000000230329533223994076251983642578125,-73.9596700000000026875568437390029430389404296875,Entire home/apt,440,1
Lower East Side - Bare Bones,53821069,Manhattan,Lower East Side,40.72077999999999775582182337529957294464111328125,-73.9882300000000014961187844164669513702392578125,Entire home/apt,94,1
"Cozy Private Studio Astoria, 20 min to Manhattan",15267937,Queens,Ditmars Steinway,40.77465000000000117097442853264510631561279296875,-73.919849999999996725819073617458343505859375,Entire home/apt,89,1
Brooklyn is Awesome.  2 bedroom apartment,52403444,Brooklyn,Bedford-Stuyvesant,40.68975999999999970668795867823064327239990234375,-73.9450199999999995270627550780773162841796875,Entire home/apt,139,1
"John’s Place w/Parking & Backyard, Close to Subway",2286764,Queens,Woodside,40.75516999999999967485564411617815494537353515625,-73.9059500000000042518877307884395122528076171875,Entire home/apt,104,1
"Studio in Norwood, 
FordhamUniv/Montefiore",109671307,Bronx,Norwood,40.87151999999999674173523089848458766937255859375,-73.877129999999993970050127245485782623291015625,Entire home/apt,165,1
Great Luxurious Apartment,170803458,Manhattan,Financial District,40.7058999999999997498889570124447345733642578125,-74.0067599999999998772182152606546878814697265625,Entire home/apt,264,1
Entire Loft with Private Bath plus Free Parking,28270349,Queens,Flushing,40.76606000000000307181835523806512355804443359375,-73.794049999999998590283212251961231231689453125,Entire home/apt,90,1
Showroom Party Space. Fully Automated. Super chic,372162877,Manhattan,Chelsea,40.7454699999999974124875734560191631317138671875,-73.9936900000000008503775461576879024505615234375,Entire home/apt,2200,1
Luxurious 1 Bedroom Apartment in Brooklyn,141754466,Brooklyn,Sheepshead Bay,40.60750999999999777401171741075813770294189453125,-73.9446300000000036334313335828483104705810546875,Entire home/apt,206,1
"Brooklyn Amazing Deal! Bright, Cozy Apartment",14833285,Brooklyn,Sheepshead Bay,40.59622999999999848341758479364216327667236328125,-73.9596099999999978535925038158893585205078125,Entire home/apt,120,1
Great private studio with GRILL*HOT TUB*BACKYARD,148508902,Brooklyn,Sheepshead Bay,40.58670000000000044337866711430251598358154296875,-73.9425800000000066347638494335114955902099609375,Entire home/apt,74,1
Studio in the Heart of Chelsea Neighborhood,266533448,Manhattan,Chelsea,40.7386800000000022237145458348095417022705078125,-73.994560000000006994014256633818149566650390625,Entire home/apt,170,1
"Sunlit 2-Bedroom Space For You To Call ""Home""",197975388,Brooklyn,East Flatbush,40.639139999999997598933987319469451904296875,-73.9304599999999965120878187008202075958251953125,Entire home/apt,225,1
Nice Private Studio Apartment,107296819,Manhattan,East Harlem,40.79619000000000283989720628596842288970947265625,-73.9376500000000049794834922067821025848388671875,Entire home/apt,146,1
Sunny & Clean 1 bedroom apartment for 1 guest,298543785,Brooklyn,Bushwick,40.6968600000000009231371222995221614837646484375,-73.9327200000000033242031349800527095794677734375,Entire home/apt,130,1
Cozy studio close to train and shopping avenue!!!,55468876,Queens,Ridgewood,40.70729999999999648707671440206468105316162109375,-73.9017300000000005866240826435387134552001953125,Entire home/apt,90,1
"Big Apple Dreams: quiet, studio hotel apartment",297621781,Manhattan,Washington Heights,40.83496000000000236695996136404573917388916015625,-73.9380100000000055615601013414561748504638671875,Entire home/apt,130,1
Evita's Cottage on Beach 97th Street,94308476,Queens,Rockaway Beach,40.5850300000000032696334528736770153045654296875,-73.816699999999997316990629769861698150634765625,Entire home/apt,145,1
LOBBY FOR FILM/PHOTO SHOOTS 1913 LUXURY LANDMARK,17152076,Manhattan,Harlem,40.829149999999998499333742074668407440185546875,-73.949510000000003628883860073983669281005859375,Entire home/apt,250,1
Spacious 1+ bedroom apt in NYC,102294498,Manhattan,East Harlem,40.79511000000000109366737888194620609283447265625,-73.9455999999999988858689903281629085540771484375,Entire home/apt,140,1
The Blue Floaty Studio,86887132,Queens,Jamaica,40.69342999999999932470018393360078334808349609375,-73.7823599999999970577846397645771503448486328125,Entire home/apt,128,1
A+ Location 2 Double Beds City Studio,348619646,Manhattan,Midtown,40.74616999999999933379513095133006572723388671875,-73.986840000000000827640178613364696502685546875,Entire home/apt,319,1
Cheerful 3-bedroom villa w/ parking & patio,105465646,Brooklyn,East Flatbush,40.65404000000000195313987205736339092254638671875,-73.9367500000000035242919693700969219207763671875,Entire home/apt,351,1
"Sunny, Spacious House by the Beach",36234811,Queens,Arverne,40.59145000000000180762071977369487285614013671875,-73.7933000000000021145751816220581531524658203125,Entire home/apt,236,1
East Harlem Modern & Luxurious Studio QUEEN BED,225252724,Manhattan,East Harlem,40.79834000000000315822035190649330615997314453125,-73.9376400000000018053469830192625522613525390625,Entire home/apt,98,1
Sunny Private Studio-Apartment,107296819,Manhattan,East Harlem,40.7958100000000030149749363772571086883544921875,-73.93729999999999336068867705762386322021484375,Entire home/apt,146,1
Quite Studio in Kew Gardens,88685097,Queens,Richmond Hill,40.70438999999999651890902896411716938018798828125,-73.824420000000003483364707790315151214599609375,Entire home/apt,80,1
big loft apartement in the Lower East Side,185745,Manhattan,Lower East Side,40.71414999999999650981408194638788700103759765625,-73.989990000000005920810508541762828826904296875,Entire home/apt,250,1
Perfect location for NYC getaway,73570025,Brooklyn,Williamsburg,40.7182099999999991268850862979888916015625,-73.9444199999999938199835014529526233673095703125,Entire home/apt,135,1
3 DOLLAR BILL SLEEPOVER🚀,121434641,Brooklyn,Williamsburg,40.70723000000000268983058049343526363372802734375,-73.939019999999999299689079634845256805419921875,Entire home/apt,279,1
Apartment @Posh safe area in NYC (shabby chic),10529251,Manhattan,Upper East Side,40.77727999999999752844814793206751346588134765625,-73.9608999999999952024154481478035449981689453125,Entire home/apt,399,1
Brooklyn Private Apartment with 1 King Bed,25171838,Brooklyn,Flatlands,40.62469999999999714646037318743765354156494140625,-73.93202999999999747160472907125949859619140625,Entire home/apt,269,1
2BR Brooklyn Gem in the Center of it All,45451107,Brooklyn,Fort Greene,40.68359000000000236241248785518109798431396484375,-73.9719999999999942019712761975824832916259765625,Entire home/apt,250,1
JFK Area Home Away from Home,77085687,Queens,Jamaica,40.6721950000000020963852875865995883941650390625,-73.77622999999999819920049048960208892822265625,Entire home/apt,135,1
Travel-well Perfect LARGE 2bath PrivateHome,375788370,Manhattan,Hell's Kitchen,40.7565799999999995861799106933176517486572265625,-73.9932000000000016370904631912708282470703125,Entire home/apt,695,1
Spacious Newly Renovated 2 bedroom Apt,135710202,Brooklyn,Canarsie,40.6404500000000012960299500264227390289306640625,-73.8929700000000053705662139691412448883056640625,Entire home/apt,89,1
Williamsburg 1bd - Pvt Backyard & Outdoor HotTub,59101644,Brooklyn,Williamsburg,40.71535921414624681347049772739410400390625,-73.94537086129327008166001178324222564697265625,Entire home/apt,228,1
Mill Basin Perfect Place,50364911,Brooklyn,Mill Basin,40.6164500000000003865352482534945011138916015625,-73.9154199999999974579623085446655750274658203125,Entire home/apt,84,1
Beach 125th Boho Beach Pad•Rockaway Beach,2050957,Queens,Belle Harbor,40.579509999999999081410351209342479705810546875,-73.846890000000001919033820740878582000732421875,Entire home/apt,179,1
Elegant Arty Studio in the heart of Brooklyn,83061189,Brooklyn,Boerum Hill,40.68789000000000299905877909623086452484130859375,-73.9896399999999943020156933926045894622802734375,Entire home/apt,190,1
IDEALLY LOCATED COZY COTTAGE,1776707,Bronx,Throgs Neck,40.83026000000000266254573944024741649627685546875,-73.8238000000000056388671509921550750732421875,Entire home/apt,99,1
Incredible 2 Bedroom Apt in the center of NYC,170568130,Manhattan,Hell's Kitchen,40.7641899999999992587618180550634860992431640625,-73.9925099999999957844920572824776172637939453125,Entire home/apt,110,1
Spacious 2 bedroom brownstone,133723890,Brooklyn,Bedford-Stuyvesant,40.68721000000000032059688237495720386505126953125,-73.9261699999999990495780366472899913787841796875,Entire home/apt,149,1
Large 2 bedroom Apt in Hell's Kitchen,170568130,Manhattan,Hell's Kitchen,40.76530000000000342197381542064249515533447265625,-73.994270000000000209183781407773494720458984375,Entire home/apt,115,1
Luxury Penthouse w NYC Skyline View in Brooklyn!,182964421,Brooklyn,Midwood,40.61896999999999735564415459521114826202392578125,-73.95431999999999561623553745448589324951171875,Entire home/apt,169,1
Cozy 2 bedroom Modern Private House,366800813,Bronx,Williamsbridge,40.8763799999999974943420966155827045440673828125,-73.8616200000000020509105524979531764984130859375,Entire home/apt,130,1
Spacious and Bright 2 bd Waterfront Williamsburg,287392790,Brooklyn,Williamsburg,40.71672000000000224417817662470042705535888671875,-73.96670000000000300133251585066318511962890625,Entire home/apt,204,1
Comfy Quarters - JFK Layover or NYC Stayover,258629443,Queens,Cambria Heights,40.7005199999999973670128383673727512359619140625,-73.7388399999999961664798320271074771881103515625,Entire home/apt,92,1
2BD in the Heart of Fort Greene,4331581,Brooklyn,Fort Greene,40.6886999999999972033037920482456684112548828125,-73.9769900000000006912159733474254608154296875,Entire home/apt,200,1
Large Manhattan 1BR/BA w breathtaking views of NYC,55656242,Manhattan,Harlem,40.80883000000000038198777474462985992431640625,-73.9519599999999996953192749060690402984619140625,Entire home/apt,242,1
"Fantastic Brooklyn 2BR/2BA , next to beach, trains",300626523,Brooklyn,Brighton Beach,40.58209000000000088448359747417271137237548828125,-73.9540400000000062163962866179645061492919921875,Entire home/apt,120,1
Beautiful Large 1 BD Park Slope Historic District,6179439,Brooklyn,Park Slope,40.66861000000000103682396002113819122314453125,-73.9771400000000056706994655542075634002685546875,Entire home/apt,229,1
Modern one bedroom apartment,31814602,Queens,Jamaica,40.6892399999999980764187057502567768096923828125,-73.7794200000000017780621419660747051239013671875,Entire home/apt,85,1
THE SMALL CHATEAU IN THE TREES,135272642,Manhattan,East Village,40.723579999999998335624695755541324615478515625,-73.9846600000000051977622206322848796844482421875,Entire home/apt,240,1
Garden Apartment in Carroll Gardens Brownstone,76854135,Brooklyn,Carroll Gardens,40.6788700000000034151526051573455333709716796875,-74.00150999999999612555257044732570648193359375,Entire home/apt,260,1
2Bedroom Apt w/ 3rd BR Bonus!,373960546,Queens,Astoria,40.7634800000000012687451089732348918914794921875,-73.91030000000000654836185276508331298828125,Entire home/apt,129,1
2 bedroom in Bedstuy,287238606,Brooklyn,Bedford-Stuyvesant,40.68993999999999999772626324556767940521240234375,-73.9426299999999940837369649671018123626708984375,Entire home/apt,175,1
Cozy Self Contained Private 1 Bedroom Apartment,221844597,Queens,St. Albans,40.68909000000000020236257114447653293609619140625,-73.76596000000000685759005136787891387939453125,Entire home/apt,65,1
Vintage Studio,55689124,Queens,Maspeth,40.71444999999999936335370875895023345947265625,-73.9104099999999988312993082217872142791748046875,Entire home/apt,88,1
Cozy 1 Bedroom Apt in Harlem NYC,94597331,Manhattan,Harlem,40.82101999999999719648258178494870662689208984375,-73.9456200000000052341420087032020092010498046875,Entire home/apt,90,1
Mesmerized Elite Penthouse (NYU 3 mins ),369104627,Manhattan,Greenwich Village,40.72849000000000074805939220823347568511962890625,-73.9983600000000052432369557209312915802001953125,Entire home/apt,199,1
Cozy Brooklyn Oasis,133004690,Brooklyn,Bedford-Stuyvesant,40.68780000000000285353962681256234645843505859375,-73.9398000000000052978066378273069858551025390625,Entire home/apt,95,1
Two Blocks from Washington Square Park!!,41194120,Manhattan,Greenwich Village,40.72968999999999795136318425647914409637451171875,-74.001069999999998572093318216502666473388671875,Entire home/apt,195,1
"Prime Williamsburg Oasis, Cozy Firepit + Backyard!",905272,Brooklyn,Williamsburg,40.7119500000000016370904631912708282470703125,-73.9464799999999939927874947898089885711669921875,Entire home/apt,238,1
"Sunny, Chic, Quiet and Large 1-Bedroom",36988907,Manhattan,Washington Heights,40.84646310000000113404894364066421985626220703125,-73.9365566000000029589500627480447292327880859375,Entire home/apt,59,1
"Beautiful home minutesNYCFerry , and Manhattan.",222600382,Bronx,Clason Point,40.80895000000000294448909698985517024993896484375,-73.850740000000001828084350563585758209228515625,Entire home/apt,176,1
Legends Palace,364376879,Brooklyn,Brownsville,40.66114999999999923829818726517260074615478515625,-73.91118000000000165528035722672939300537109375,Entire home/apt,165,1
Luxe renovated  2 BR in Qns 12 min from LGA/25 JFK,7849770,Queens,College Point,40.7869400000000013051248970441520214080810546875,-73.848240000000004101821104995906352996826171875,Entire home/apt,135,1
Brooklyn home  Cozy apartment,304559935,Brooklyn,Bath Beach,40.608440000000001646185410209000110626220703125,-74.0062400000000053523763199336826801300048828125,Entire home/apt,168,1
Live Today For Today,299362103,Bronx,Throgs Neck,40.8181900000000013051248970441520214080810546875,-73.821110000000004447429091669619083404541015625,Entire home/apt,125,1
"Modern, Clean 1BR Rooftop & Gym in Williamsburg",712992,Brooklyn,Williamsburg,40.7190599999999989222487783990800380706787109375,-73.9424599999999969668351695872843265533447265625,Entire home/apt,157,1
"Cozy, whole house in Midwood. Near subway!",36053172,Brooklyn,Midwood,40.61556999999999817418938619084656238555908203125,-73.956850000000002864908310584723949432373046875,Entire home/apt,290,1
Cozy Studio with a Modern/Luxe Feel,306482362,Queens,Astoria,40.764499999999998181010596454143524169921875,-73.910629999999997608028934337198734283447265625,Entire home/apt,159,1
Awesome 2 Bedroom Brooklyn Apt / Family Friendly,10391137,Brooklyn,Clinton Hill,40.6951099999999996725819073617458343505859375,-73.966229999999995925463736057281494140625,Entire home/apt,269,1
Private Guest Suite-Separate Entrance-JFK 10 min,7097558,Queens,South Ozone Park,40.670220000000000482032191939651966094970703125,-73.79361000000000103682396002113819122314453125,Entire home/apt,77,1
"Comfy, cozy & affordable place",143217239,Staten Island,Mariners Harbor,40.6306285857894664559353259392082691192626953125,-74.1555111158301798468528431840240955352783203125,Entire home/apt,83,1
☆Renovated whole 2BR floor in Jackson Heights☆,200239515,Queens,Jackson Heights,40.7490600000000000591171556152403354644775390625,-73.89551000000000158252078108489513397216796875,Entire home/apt,100,1
Comfortable & Sunny 1 Bdrm – Heart of Fort Greene,37510066,Brooklyn,Fort Greene,40.6870100000000007867129170335829257965087890625,-73.9743399999999979854692355729639530181884765625,Entire home/apt,149,1
Center of the city for 4 people,32908315,Manhattan,Chelsea,40.74954000000000320369508699513971805572509765625,-73.993009999999998171915649436414241790771484375,Entire home/apt,135,1
Studio w/ private entry in Fort Greene,188896,Brooklyn,Clinton Hill,40.68836999999999903820935287512838840484619140625,-73.9681599999999974670572555623948574066162109375,Entire home/apt,116,1
Brooklyn beauty,241945355,Brooklyn,Flatlands,40.6315299999999979263520799577236175537109375,-73.9261599999999958754415274597704410552978515625,Entire home/apt,80,1
Golden Suite,120245209,Brooklyn,Canarsie,40.63559000000000054342308430932462215423583984375,-73.894170000000002573870006017386913299560546875,Entire home/apt,99,1
Entire Spacious Apt. Comfy Bed & Private Parking,22694324,Bronx,Allerton,40.87004999999999910187398199923336505889892578125,-73.8472900000000009868017514236271381378173828125,Entire home/apt,100,1
Duplex apt min away from Barclay's,284603393,Brooklyn,Bedford-Stuyvesant,40.68864099999999695000951760448515415191650390625,-73.94409899999999424835550598800182342529296875,Entire home/apt,410,1
Studio apartment  2BR Renovated 2020♪ House@Queens,19303369,Queens,Woodside,40.7411299999999982901499606668949127197265625,-73.8928700000000020509105524979531764984130859375,Entire home/apt,99,1
Studio in the Heart of Chelsea W/ Shared Bathroom,266533448,Manhattan,Chelsea,40.73987000000000335830918629653751850128173828125,-73.995599999999996043698047287762165069580078125,Entire home/apt,158,1
Red Flower,133244801,Manhattan,Harlem,40.82397999999999882447809795849025249481201171875,-73.9434600000000017416823538951575756072998046875,Entire home/apt,150,1
Studio in Forest Hills in a house with a backyard,11268262,Queens,Forest Hills,40.72059999999999746478351880796253681182861328125,-73.8546500000000065710992203094065189361572265625,Entire home/apt,111,1
"NYCAIRBNB7
Full private apartment.",1997143,Brooklyn,Bedford-Stuyvesant,40.69420623779296875,-73.944549560546875,Entire home/apt,300,1
Private Spacious Garden Level Brownstone Home,77780898,Brooklyn,Bushwick,40.6884000000000014551915228366851806640625,-73.9123000000000018872015061788260936737060546875,Entire home/apt,155,1
"""HELLO BROOKLYN"" PARK SIDE VIEW NEWLY RENO APT.",52403444,Brooklyn,Bedford-Stuyvesant,40.6884000000000014551915228366851806640625,-73.9471400000000045338310883380472660064697265625,Entire home/apt,99,1
The Gallery: 3 Bed | 10 min JFK,47633041,Queens,St. Albans,40.69140999999999763758751214481890201568603515625,-73.766220000000004120010999031364917755126953125,Entire home/apt,204,1
Fantastic Spot close to the fun!,342847741,Manhattan,East Village,40.7248299999999971987563185393810272216796875,-73.9844700000000017325874068774282932281494140625,Entire home/apt,169,1
Central Park Suite,458074798,Manhattan,Harlem,40.801929999999998699422576464712619781494140625,-73.9562399999999939836925477720797061920166015625,Entire home/apt,173,1
The JFK Lay,388575050,Queens,Springfield Gardens,40.66376100000000093359631136991083621978759765625,-73.771710699999999860665411688387393951416015625,Entire home/apt,68,1
Brooklyn Gem,60670531,Brooklyn,East New York,40.67069000000000045247361413203179836273193359375,-73.87689000000000305590219795703887939453125,Entire home/apt,132,1
"5 Beds - Modern Furnishings, D/W",484779743,Manhattan,Upper West Side,40.78446999999999889041646383702754974365234375,-73.9800599999999946021489449776709079742431640625,Entire home/apt,390,1
"Small, cozy and feel at HOME",488546512,Bronx,Kingsbridge,40.87343899999999763394953333772718906402587890625,-73.90669950000000198997440747916698455810546875,Entire home/apt,170,1
The Brownstone in Brooklyn,488685319,Brooklyn,Bedford-Stuyvesant,40.68427009999999910405676928348839282989501953125,-73.9302847999999954708982841111719608306884765625,Entire home/apt,100,1
You Found it! 3 Relaxing Units Near Times Square!,174792040,Manhattan,Theater District,40.75741000000000013869794202037155628204345703125,-73.9855299999999971305442159064114093780517578125,Entire home/apt,1704,1
"Look No Further! 3 Units, Pets are Welcome!",174792040,Manhattan,Theater District,40.75522000000000133468347485177218914031982421875,-73.98399000000000569343683309853076934814453125,Entire home/apt,1704,1
Ultimate NYC Getaway! 3 Comfortable Units!,174792040,Manhattan,Theater District,40.75522000000000133468347485177218914031982421875,-73.98502999999999474312062375247478485107421875,Entire home/apt,1704,1
"Prime Location! 4 Convenient Units, Pet-Friendly",174792040,Manhattan,Theater District,40.75525999999999982037479639984667301177978515625,-73.9839999999999946567186270840466022491455078125,Entire home/apt,2272,1
You Found It! 4 Relaxing Units Close to MoMA!,174792040,Manhattan,Theater District,40.75724000000000302179614664055407047271728515625,-73.98363000000000511136022396385669708251953125,Entire home/apt,2272,1
Ultimate Getaway! 2 Pet-Friendly Units,174792040,Manhattan,Theater District,40.75737000000000165300662047229707241058349609375,-73.9835700000000002773958840407431125640869140625,Entire home/apt,1092,1
Exciting City Getaway! 4 Pet-friendly Units!,174792040,Manhattan,Theater District,40.75565000000000281943357549607753753662109375,-73.983779999999995879989000968635082244873046875,Entire home/apt,2272,1
2 Bedroom 5 Mins Away From JFK!,488677595,Queens,Jamaica,40.684440899999998464409145526587963104248046875,-73.8021241999999944027877063490450382232666015625,Entire home/apt,123,1
Cozy 1 bedroom Apartment,488672147,Brooklyn,Sunset Park,40.65050000000000096633812063373625278472900390625,-74.0152599999999978308551362715661525726318359375,Entire home/apt,114,1
Brooklyn Getaway with work space,429941031,Brooklyn,Clinton Hill,40.68580999999999647798176738433539867401123046875,-73.967950000000001864464138634502887725830078125,Entire home/apt,161,1
"2 BDRM, 6 Beds - Perfect for Large Group or Family",407479321,Manhattan,Upper West Side,40.77186999999999983401721692644059658050537109375,-73.9818499999999943383954814635217189788818359375,Entire home/apt,341,1
Sunny 1 bed near prospect park,19996277,Brooklyn,Crown Heights,40.66579999999999728288457845337688922882080078125,-73.9548199999999980036591296084225177764892578125,Entire home/apt,75,1
private room,488819150,Manhattan,Chinatown,40.71616000000000212821760214865207672119140625,-73.9934999999999973852027324028313159942626953125,Entire home/apt,135,1
3BR Family Getaway• Free Parking • 15 Mins To City,488152765,Queens,Astoria,40.7708099999999973306330502964556217193603515625,-73.926590000000004465618985705077648162841796875,Entire home/apt,307,1
Spacious & lovely home near JFK,487045208,Queens,Springfield Gardens,40.68417924388555917403209605254232883453369140625,-73.7549744388235382075436064042150974273681640625,Entire home/apt,183,1
Luxury Brooklyn apt. | 10 mins away from JFK,489532090,Brooklyn,East New York,40.6660200000000031650415621697902679443359375,-73.857969999999994570316630415618419647216796875,Entire home/apt,151,1
Super cozy RV near of everything,389147430,Queens,Ditmars Steinway,40.77470835735837084712329669855535030364990234375,-73.8968192761962967551880865357816219329833984375,Entire home/apt,81,1
Welcome to my place!,489011256,Manhattan,Upper East Side,40.774547899999987521368893794715404510498046875,-73.951619200000010323492460884153842926025390625,Entire home/apt,150,1
Cozy studio apartment in Soho!,230679834,Manhattan,SoHo,40.72662420000000338404788635671138763427734375,-74.0029167000000001053194864653050899505615234375,Entire home/apt,230,1
Lodger : The Forrest,57216066,Manhattan,Upper East Side,40.78182017424700944729920593090355396270751953125,-73.9526654183795102426302037201821804046630859375,Entire home/apt,200,1
3 BR & 8 Beds - *1* Memorable NYC Experience,407479321,Manhattan,Upper West Side,40.772930000000002337401383556425571441650390625,-73.983239999999995006874087266623973846435546875,Entire home/apt,423,1
Parkview Terrace /King bed/4 beds/2baths/laundry,42538643,Queens,Ditmars Steinway,40.77579999999999671445038984529674053192138671875,-73.924859999999995352482073940336704254150390625,Entire home/apt,204,1
Cozy apartment in the UES,488974314,Manhattan,Upper East Side,40.770049999999997680788510479032993316650390625,-73.954959999999999809006112627685070037841796875,Entire home/apt,191,1
2BR - Newly Furnished Prime UWS Location,407479321,Manhattan,Upper West Side,40.77472999999999814235707162879407405853271484375,-73.9770999999999929741534288041293621063232421875,Entire home/apt,297,1
Different type of Experience-3 bedrooms-1st floor,182980197,Queens,East Elmhurst,40.75623999999999824694896233268082141876220703125,-73.8941999999999978854248183779418468475341796875,Entire home/apt,250,1
Charm & Style in Crown Heights | Steps to Subway,489623638,Brooklyn,Crown Heights,40.66855000000000330828697769902646541595458984375,-73.9283999999999963392838253639638423919677734375,Entire home/apt,214,1
Top Luxury Home with Skyline,305327549,Manhattan,Financial District,40.7094799999999992223820299841463565826416015625,-74.0079300000000017689671949483454227447509765625,Entire home/apt,679,1
Riverside New York,284064678,Manhattan,Harlem,40.83206299999999799865690874867141246795654296875,-73.948585699999995313191902823746204376220703125,Entire home/apt,99,1
Amazing full floor loft!,4343091,Manhattan,Greenwich Village,40.73525000000000062527760746888816356658935546875,-73.993979999999993424353306181728839874267578125,Entire home/apt,999,1
Amazing Studio in the Heart of Lower Manhattan,46412380,Manhattan,Lower East Side,40.718850000000003319655661471188068389892578125,-73.9925300000000021327650756575167179107666015625,Entire home/apt,150,1
"Warm, bright Williamsburg oasis",5385913,Brooklyn,Williamsburg,40.71227999999999980218490236438810825347900390625,-73.9656499999999965666575008071959018707275390625,Entire home/apt,83,1
Bright and lovely Woodlawn apt.,10573404,Bronx,Woodlawn,40.8970371999999997569830156862735748291015625,-73.8629945999999932837454252876341342926025390625,Entire home/apt,136,1
Cozy Nest,324301875,Queens,Queens Village,40.70490989999999698056853958405554294586181640625,-73.73598179999999047140590846538543701171875,Entire home/apt,75,1
Enjoy The Big Apple! Short Walk to Madison Square!,174792040,Manhattan,Midtown,40.7528099999999966485120239667594432830810546875,-73.97867999999999710780684836208820343017578125,Entire home/apt,470,1
Quiet & Cozy Apartment on Upper East Side,489745246,Manhattan,Upper East Side,40.7778561102809788962986203841865062713623046875,-73.95350150763988494873046875,Entire home/apt,314,1
Condo(PH) Like Views Luxurious,489742150,Brooklyn,Flatbush,40.65382000000000317641024594195187091827392578125,-73.955029999999993606252246536314487457275390625,Entire home/apt,275,1
Apartment in Corona Queens,105692628,Queens,Jackson Heights,40.7541134000000084824932855553925037384033203125,-73.86169699999999238571035675704479217529296875,Entire home/apt,115,1
Luxurious 2-BR in Soho (Prime location),26468126,Manhattan,Greenwich Village,40.72872509999999834917616681195795536041259765625,-73.9996915999999913537976681254804134368896484375,Entire home/apt,1000,1
Cozy Brooklyn Apartment,172650321,Brooklyn,Clinton Hill,40.68708000000000168938640854321420192718505859375,-73.96080000000000609361450187861919403076171875,Entire home/apt,180,1
Cozy 1BR Brooklyn Apartment,125673239,Brooklyn,Bedford-Stuyvesant,40.68242740000000168265614775009453296661376953125,-73.9172346999999945182935334742069244384765625,Entire home/apt,110,1
"Brooklyn Beauty, Entire 1bdrm Apt in Prospect Hgts",57256221,Brooklyn,Crown Heights,40.673890000000000100044417195022106170654296875,-73.9581699999999955252860672771930694580078125,Entire home/apt,159,1
2023 Cozy Getaway (prime location) wi-fi,351734350,Brooklyn,Bedford-Stuyvesant,40.69342000000000325599103234708309173583984375,-73.932580000000001518856151960790157318115234375,Entire home/apt,91,1
Family & Friends Getaway! 2 Comfortable Units,174792040,Manhattan,Theater District,40.75562000000000040245140553452074527740478515625,-73.9835599999999971032593748532235622406005859375,Entire home/apt,1136,1
Williamsburg (Bedford L)Spacious Apt 100%Sanitized,10291534,Brooklyn,Williamsburg,40.71336000000000154841472976841032505035400390625,-73.9641100000000051295501179993152618408203125,Entire home/apt,212,1
MONTANA 2Beds/2Baths APT IN QUEENS 10 MINS to JFK,107915864,Queens,Howard Beach,40.66850000000000164845914696343243122100830078125,-73.8516599999999954206941765733063220977783203125,Entire home/apt,99,1
Brooklyn ground floor apt with private backyard !,27497250,Brooklyn,Bedford-Stuyvesant,40.6842400000000026238922146148979663848876953125,-73.92324999999999590727384202182292938232421875,Entire home/apt,120,1
The Sweet Pea Cottage,76840423,Staten Island,Huguenot,40.538939999999996643964550457894802093505859375,-74.1698300000000045884007704444229602813720703125,Entire home/apt,215,1
Iconic NYC Loft For Small Groups,225144151,Manhattan,West Village,40.73931999999999931105776340700685977935791015625,-74.00601000000000340151018463075160980224609375,Entire home/apt,1200,1
30 Minutes from Manhattan Apartment in South Beach,41398005,Staten Island,Arrochar,40.593220000000002301021595485508441925048828125,-74.068569999999994024619809351861476898193359375,Entire home/apt,116,1
Cozy Bronx Apt,94382194,Bronx,Tremont,40.8468500000000034333424991928040981292724609375,-73.8901599999999945111994748003780841827392578125,Entire home/apt,181,1
Experiencing NYC,16096674,Manhattan,Hell's Kitchen,40.7592300000000022919266484677791595458984375,-73.994339999999994006429915316402912139892578125,Entire home/apt,280,1
Charming Suite in Historic Home,74282739,Staten Island,Stapleton,40.63031000000000148020262713544070720672607421875,-74.0809100000000029240254661999642848968505859375,Entire home/apt,71,1
Lunita Loft: Sun-filled loft in industrial Gowanus,32643095,Brooklyn,Gowanus,40.668869999999998299244907684624195098876953125,-73.9938300000000026557245291769504547119140625,Entire home/apt,164,1
Beautiful Guest House For Couples Near JFK and LGA,375019665,Queens,Glendale,40.69552999999999798319549881853163242340087890625,-73.898200000000002773958840407431125640869140625,Entire home/apt,62,1
Beautiful 1 Bedroom apartment in Prime GREENPOINT,208565,Brooklyn,Greenpoint,40.7320399999999978035702952183783054351806640625,-73.9577199999999947976903058588504791259765625,Entire home/apt,116,1
"15 Min to Manhattan, 10 Min to LGA - Cozy Home",227037845,Queens,Maspeth,40.73852000000000117552190204150974750518798828125,-73.906959999999997990016709081828594207763671875,Entire home/apt,125,1
Airy studio in south Park Slope,27159049,Brooklyn,South Slope,40.66734000000000293084667646326124668121337890625,-73.9911599999999936017047730274498462677001953125,Entire home/apt,125,1
Soho Townhouse,43599290,Manhattan,SoHo,40.7223800000000011323209037072956562042236328125,-74.00204999999999699866748414933681488037109375,Entire home/apt,713,1
🍀🏆♥️🦜BetterHome Inn 2BR/5GUESTS JFK7 - LGA15 MINS,227872371,Queens,Springfield Gardens,40.66201046332607660360736190341413021087646484375,-73.7707464881626009400861221365630626678466796875,Entire home/apt,112,1
Stunning And Stylishly Furnished Apt In Bushwick,128424841,Brooklyn,Bushwick,40.69391999999999853798726690001785755157470703125,-73.9154300000000006320988177321851253509521484375,Entire home/apt,170,1
Cozy 2BD/3 Bed and Outdoor Deck Brooklyn Apt,226048286,Brooklyn,Clinton Hill,40.69509000000000042973624658770859241485595703125,-73.9660499999999956344254314899444580078125,Entire home/apt,253,1
Joy's Luxury Apartment with Free Parking Space,126451493,Brooklyn,Canarsie,40.632980000000003428795025683939456939697265625,-73.9078099999999977853804011829197406768798828125,Entire home/apt,148,1
Charming Studio in Kips Bay,156571850,Manhattan,Kips Bay,40.7393000000000000682121026329696178436279296875,-73.980289999999996553015080280601978302001953125,Entire home/apt,145,1
"""WELCOME TO BROOKLYN"" PARK SIDE VIEW STUDIO APT",52403444,Brooklyn,Bedford-Stuyvesant,40.6902400000000028512658900581300258636474609375,-73.94670999999999594365363009274005889892578125,Entire home/apt,99,1
"Beautiful, Clean, Rustic, Luxury Waterfront Lodge",447895,Brooklyn,Williamsburg,40.717320000000000845830072648823261260986328125,-73.9666299999999949932316667400300502777099609375,Entire home/apt,132,1
"Shay's Place #1
( 1 Bdrm. Apt )
5 mins From JFK",116404073,Queens,Springfield Gardens,40.66817999999999955207385937683284282684326171875,-73.764039999999994279278325848281383514404296875,Entire home/apt,80,1
"Luxury Building 15 mins from LES
Manhattan",40204585,Brooklyn,Williamsburg,40.70215999999999922920324024744331836700439453125,-73.937219999999996389306033961474895477294921875,Entire home/apt,180,1
Spacious beautifully designed modern 2-bedroom,3137237,Manhattan,Morningside Heights,40.81067999999999784677129355259239673614501953125,-73.957040000000006330083124339580535888671875,Entire home/apt,189,1
*NEW* Cozy 3 BR Duplex @ Bushwick with parking,483214440,Brooklyn,Bushwick,40.690910000000002355591277591884136199951171875,-73.90429000000000314685166813433170318603515625,Entire home/apt,232,1
5 Beds - Perfect for Families/Groups,484779743,Manhattan,Upper West Side,40.78311000000000063892002799548208713531494140625,-73.9802499999999980673237587325274944305419921875,Entire home/apt,246,1
No Cleaning Fee! Free Disney+/Hbo max,176710208,Queens,Jamaica,40.69411000000000200316208065487444400787353515625,-73.786079999999998335624695755541324615478515625,Entire home/apt,282,1
"Cozy, fully furnished 1BR on UWS",356758729,Manhattan,Upper West Side,40.80053654074914248894856427796185016632080078125,-73.9639104238037106142655829899013042449951171875,Entire home/apt,175,1
Incredible Sanctuary,464258563,Brooklyn,Bushwick,40.68216000000000320824256050400435924530029296875,-73.9054900000000003501554601825773715972900390625,Entire home/apt,250,1
Lovely studio apartment,356385048,Brooklyn,Vinegar Hill,40.6992699999999985038812155835330486297607421875,-73.98444000000000642103259451687335968017578125,Entire home/apt,137,1
The Harlem Place,476278288,Manhattan,East Harlem,40.80211239999999861538526602089405059814453125,-73.94244589999999561769072897732257843017578125,Entire home/apt,275,1
Luxury Central Park Penthouse,425279126,Manhattan,Midtown,40.764970354273287966861971653997898101806640625,-73.98090295493602752685546875,Entire home/apt,400,1
Downstairs Studio Apartment BK,1516600,Brooklyn,East Flatbush,40.6633970999999974083038978278636932373046875,-73.929586999999997942722984589636325836181640625,Entire home/apt,110,1
Cozy 3 bed home 5 mins from JFK airport,231010965,Queens,South Ozone Park,40.67370400000000785212250775657594203948974609375,-73.8081097999999968806150718592107295989990234375,Entire home/apt,148,1
420 Friendly AirBNB Near Barclays Center,415255533,Brooklyn,Crown Heights,40.67271997864246912968155811540782451629638671875,-73.9374586589147924087228602729737758636474609375,Entire home/apt,178,1
Walk to Broadway! Near Empire State Building,174792040,Manhattan,Murray Hill,40.749290000000002009983290918171405792236328125,-73.9771099999999961482899379916489124298095703125,Entire home/apt,368,1
"Art-Inspired Oasis in Midtown, Near Bryant Park!",174792040,Manhattan,Murray Hill,40.7505000000000023874235921539366245269775390625,-73.9784800000000046793502406217157840728759765625,Entire home/apt,369,1
"Cozy apartment near train, hospitals",16929950,Manhattan,Upper East Side,40.76704000000000149839252117089927196502685546875,-73.9603000000000037061909097246825695037841796875,Entire home/apt,182,1
"Free parking, 3 bedroom Bushwick apartment",432419385,Brooklyn,Bedford-Stuyvesant,40.67969000000000079353412729687988758087158203125,-73.90694999999999481588019989430904388427734375,Entire home/apt,222,1
Townhouse on park /3 bedroom /2 bathroom /Laundry,488657089,Queens,Ditmars Steinway,40.7756200000000035288394428789615631103515625,-73.92432999999999765350366942584514617919921875,Entire home/apt,227,1
Beautiful Home in the Bronx,480379890,Bronx,Wakefield,40.89977999999999980218490236438810825347900390625,-73.8580500000000057525539887137711048126220703125,Entire home/apt,104,1
Pelham Parkway Suite,435658930,Bronx,Allerton,40.8581300000000027239366318099200725555419921875,-73.866320000000001755324774421751499176025390625,Entire home/apt,85,1
Studio in Fortgreene Brooklyn available,398614581,Brooklyn,Fort Greene,40.687351226806640625,-73.97510528564453125,Entire home/apt,119,1
The Coziest Home,48533809,Staten Island,Bull's Head,40.61691119999999699530235375277698040008544921875,-74.164651899999995521284290589392185211181640625,Entire home/apt,280,1
A Bronx Oasis in Throggs Neck!,68225611,Bronx,Throgs Neck,40.8191699999999997316990629769861698150634765625,-73.8146200000000050067683332599699497222900390625,Entire home/apt,110,1
South Beach Apartment Express to Manhattan,41398005,Staten Island,Arrochar,40.593220000000002301021595485508441925048828125,-74.068569999999994024619809351861476898193359375,Entire home/apt,115,1
Ultimate NYC Getaway! Near Central Park!,174792040,Manhattan,Murray Hill,40.7507499999999964757080306299030780792236328125,-73.97678999999999405190465040504932403564453125,Entire home/apt,368,1
One bedroom apartment in Clinton Hill,9973574,Brooklyn,Clinton Hill,40.69078999999999979308995534665882587432861328125,-73.9677099999999967394614941440522670745849609375,Entire home/apt,140,1
Lovely & Spacious 1 Bedroom APT in Hell's Kitchen,170568130,Manhattan,Hell's Kitchen,40.76371999999999928832039586268365383148193359375,-73.994900000000001227817847393453121185302734375,Entire home/apt,95,1
Brooklyn VIP Private Resort,101267763,Brooklyn,Flatlands,40.61637999999999948386175674386322498321533203125,-73.92513999999999896317603997886180877685546875,Entire home/apt,135,1
Art Deco Apartment by Flushing Meadows Park,131808888,Queens,Flushing,40.74577699999999680358087061904370784759521484375,-73.828743000000002894012141041457653045654296875,Entire home/apt,299,1
Bronx Ny flat. Great old building.,84248816,Bronx,Kingsbridge,40.8839100000000001955413608811795711517333984375,-73.8978900000000038517100620083510875701904296875,Entire home/apt,350,1
3 rooms+backyard 15 min to Time Square,2137595,Manhattan,Harlem,40.82269000000000147565515362657606601715087890625,-73.9404899999999969395503285340964794158935546875,Entire home/apt,109,1
Beautiful Private Studio w/ backyard for 2 guests.,222098649,Queens,Jamaica,40.68511000000000166210156749002635478973388671875,-73.7912299999999987676346790976822376251220703125,Entire home/apt,121,1
Extremely Spacious House with Countless Amenities!,372973706,Queens,Whitestone,40.77990336858066910963316331617534160614013671875,-73.820546579816181065325508825480937957763671875,Entire home/apt,217,1
Centrally Located Comfy 2BR Midtown Apartment,169944714,Manhattan,Hell's Kitchen,40.76574000000000097543306765146553516387939453125,-73.989769999999992933226167224347591400146484375,Entire home/apt,368,1
Two bedrooms apt. in Jamaica Estates,112963302,Queens,Jamaica Estates,40.7126099999999979672793415375053882598876953125,-73.7896700000000009822542779147624969482421875,Entire home/apt,129,1
Amazing 1BR apartment in heart of Astoria,155902664,Queens,Astoria,40.76688999999999651890902896411716938018798828125,-73.926590000000004465618985705077648162841796875,Entire home/apt,113,1
Large Sunny Apartment in Brooklyn,6762247,Brooklyn,Bushwick,40.68999000000000165755409398116171360015869140625,-73.9212500000000005684341886080801486968994140625,Entire home/apt,75,1
Indoor Pool NYC,21963202,Queens,Jamaica Estates,40.7188799999999986312104738317430019378662109375,-73.7882800000000003137756721116602420806884765625,Entire home/apt,357,1
SHOOTS ONLY -- Large Sunny loft in Williamsburg,11844979,Brooklyn,Williamsburg,40.71667999999999665305949747562408447265625,-73.9616400000000027148416847921907901763916015625,Entire home/apt,1500,1
SHOOTS ONLY - Eclectic Artist Loft in Williamsburg,11844979,Brooklyn,Williamsburg,40.7161899999999974397724145092070102691650390625,-73.963650000000001227817847393453121185302734375,Entire home/apt,2000,1
"Private apartment in Woodside, comfortable are!!",204704622,Queens,Woodside,40.74282000000000181216819328255951404571533203125,-73.894810000000006766640581190586090087890625,Entire home/apt,99,1
MONTEGO 1 BED/1BATH 1ST FLOOR APT-10 MINS—>JFK,107915864,Queens,Howard Beach,40.66843999999999681449480704031884670257568359375,-73.8510600000000039244696381501853466033935546875,Entire home/apt,92,1
SHOOTS ONLY - Huge Artist loft in Williamsburg,11844979,Brooklyn,Williamsburg,40.7179900000000003501554601825773715972900390625,-73.9615299999999962210495141334831714630126953125,Entire home/apt,2500,1
Centrally Located Stunning 2 Full Bedroom Apt,315299719,Manhattan,Hell's Kitchen,40.76391000000000275349520961754024028778076171875,-73.99160000000000536601874046027660369873046875,Entire home/apt,391,1
Exclusive Brooklyn Retreat,173123452,Brooklyn,East New York,40.6727599999999966939867590554058551788330078125,-73.8786199999999979581843945197761058807373046875,Entire home/apt,79,1
Lovely 2Beds Clean | Modern,160492333,Brooklyn,Greenpoint,40.73626999999999753754309494979679584503173828125,-73.954880000000002837623469531536102294921875,Entire home/apt,445,1
10 minutes from JFK Airport Rockaway Beach Bliss,196557649,Queens,Edgemere,40.59642999999999801730155013501644134521484375,-73.7693199999999933424987830221652984619140625,Entire home/apt,250,1
Private Suite & Entry. 2 blocks to subway.,11581619,Queens,Long Island City,40.76247000000000042518877307884395122528076171875,-73.92676000000000158252078108489513397216796875,Entire home/apt,154,1
2 BR Newly Renovated Luxury Flushing Queens Home,178300668,Queens,Flushing,40.74616999999999933379513095133006572723388671875,-73.8201999999999998181010596454143524169921875,Entire home/apt,198,1
Red's cozy corner,66194217,Queens,Jamaica,40.681950000000000500222085975110530853271484375,-73.7964099999999945111994748003780841827392578125,Entire home/apt,150,1
Beautiful apt in the heart of Williamsburg!,38697590,Brooklyn,Williamsburg,40.7167699999999967985786497592926025390625,-73.96174999999999499777914024889469146728515625,Entire home/apt,145,1
Chooklyn Farms: Top Floor,32355256,Brooklyn,Fort Greene,40.6949299999999993815436027944087982177734375,-73.9705900000000013960743672214448451995849609375,Entire home/apt,135,1
Marine park studio,42204606,Brooklyn,Sheepshead Bay,40.60712000000000188038029591552913188934326171875,-73.9423799999999999954525264911353588104248046875,Entire home/apt,108,1
"Modern 3BR, 2 BATH (25 Minutes to Manhattan!)",277413518,Brooklyn,Bedford-Stuyvesant,40.6779700000000019599610823206603527069091796875,-73.917699999999996407495927996933460235595703125,Entire home/apt,278,1
Tranquil Haven Entire Studio 8mins JFK/Air Train,178272943,Queens,Jamaica,40.6818700000000035288394428789615631103515625,-73.7761899999999997135091689415276050567626953125,Entire home/apt,85,1
Lovely 1 bedroom apartment in Murray Hill,50942578,Manhattan,Kips Bay,40.7418100000000009686118573881685733795166015625,-73.9806899999999956207830109633505344390869140625,Entire home/apt,310,1
"Private Studio near Bushwick &  L Train, Queens",59808986,Queens,Ridgewood,40.6991900000000015324985724873840808868408203125,-73.9034099999999938290784484706819057464599609375,Entire home/apt,110,1
The Great Escape,49924063,Brooklyn,Bushwick,40.694940000000002555680111981928348541259765625,-73.9105899999999991223376127891242504119873046875,Entire home/apt,340,1
Iconic Speakeasy Loft with Wraparound Windows!,225144151,Manhattan,West Village,40.73955000000000126192389870993793010711669921875,-74.004760000000004538378561846911907196044921875,Entire home/apt,2100,1
NYC living to it's fullest... in a good way!,1215853,Manhattan,East Harlem,40.807580000000001518856151960790157318115234375,-73.93891999999999598003341816365718841552734375,Entire home/apt,135,1
Big Studio apt- Legal NY rental,65304194,Brooklyn,East Flatbush,40.6584500000000019781509763561189174652099609375,-73.9238600000000047884896048344671726226806640625,Entire home/apt,120,1
Private Sunny Cool Bushwick Bedroom,94946,Brooklyn,Bushwick,40.6971199999999981855580699630081653594970703125,-73.9212299999999942201611702330410480499267578125,Entire home/apt,65,1
Peaches Bungalow,74180901,Manhattan,Washington Heights,40.8367199999999996862243278883397579193115234375,-73.94101000000000567524693906307220458984375,Entire home/apt,180,1
Your Nice Cozy Little Home Away From Home,179746154,Bronx,Castle Hill,40.8209200000000009822542779147624969482421875,-73.85138000000000602085492573678493499755859375,Entire home/apt,80,1
Charming Private Flat,8387315,Brooklyn,Midwood,40.61784999999999712372300564311444759368896484375,-73.9543100000000066529537434689700603485107421875,Entire home/apt,110,1
Private Townhouse,9049657,Brooklyn,Bushwick,40.68795999999999679630491300486028194427490234375,-73.908600000000006957634468562901020050048828125,Entire home/apt,1143,1
Basically Your Own Apartment: Cobble Hill Gem,3302537,Brooklyn,Carroll Gardens,40.68603999999999842884790268726646900177001953125,-73.9932500000000032969182939268648624420166015625,Entire home/apt,120,1
Stylish Midtown Retreat COVID-19 FREE HOME.,78430614,Manhattan,Hell's Kitchen,40.7567599999999998772182152606546878814697265625,-73.9934300000000035879565984942018985748291015625,Entire home/apt,185,1
"CHIC, cozy, BIG APT in vibrant Brooklyn!",9243105,Brooklyn,Prospect-Lefferts Gardens,40.656419999999997116901795379817485809326171875,-73.959370000000006939444574527442455291748046875,Entire home/apt,116,1
Beautiful place,80333311,Brooklyn,Canarsie,40.63559000000000054342308430932462215423583984375,-73.9082800000000048612491809763014316558837890625,Entire home/apt,95,1
East Village 2br close to everythin,7460466,Manhattan,East Village,40.72720000000000339923644787631928920745849609375,-73.981300000000004501998773775994777679443359375,Entire home/apt,136,1
"Homely Suite for Business, Family & Pet Travel",71564201,Queens,Jamaica,40.6696400000000011232259566895663738250732421875,-73.7666799999999938108885544352233409881591796875,Entire home/apt,123,1
Charming Upper East Side 1BR,34075048,Manhattan,Upper East Side,40.76917999999999864257915760390460491180419921875,-73.9532899999999955298335407860577106475830078125,Entire home/apt,150,1
soft studio: a bx sound sanctuary + incubation hub,256031371,Bronx,Melrose,40.81742589252394992627159808762371540069580078125,-73.9213535525452272167967748828232288360595703125,Entire home/apt,156,1
Prime stay in the heart of Williamsburg,182448644,Brooklyn,Williamsburg,40.718850000000003319655661471188068389892578125,-73.9584100000000006502887117676436901092529296875,Entire home/apt,300,1
One Bedroom Apartment  in TownHouse,5944946,Bronx,Concourse,40.81895999999999702367858844809234142303466796875,-73.9278199999999969804775901138782501220703125,Entire home/apt,110,1
Montauk Guest Suite,237715800,Brooklyn,East New York,40.6713400000000007139533408917486667633056640625,-73.8786199999999979581843945197761058807373046875,Entire home/apt,89,1
"Cozy, Comfy, Sweet Harlem!",24800102,Manhattan,East Harlem,40.79789000000000243062459048815071582794189453125,-73.9391399999999947567630442790687084197998046875,Entire home/apt,65,1
Lovely studio,126691775,Manhattan,Chelsea,40.75045999999999679630491300486028194427490234375,-73.997150000000004865796654485166072845458984375,Entire home/apt,159,1
Rockaway Beach Studio! Walk to local hotspots!,24770539,Queens,Belle Harbor,40.58115000000000094360075308941304683685302734375,-73.85075000000000500222085975110530853271484375,Entire home/apt,117,1
"3 min walk to Rebbe's Ohel #1, private entrance.",47900722,Queens,Cambria Heights,40.686419999999998253770172595977783203125,-73.735590000000001964508555829524993896484375,Entire home/apt,132,1
Upper east side Gem,60901751,Manhattan,Upper East Side,40.77293999999999840611053514294326305389404296875,-73.94868999999999914507498033344745635986328125,Entire home/apt,150,1
Travelers Inn,225025900,Queens,Ditmars Steinway,40.77685000000000314912540488876402378082275390625,-73.90766999999999598003341816365718841552734375,Entire home/apt,100,1
"Spacious, Private Oasis in Historic Brownstone",5354200,Brooklyn,Bedford-Stuyvesant,40.687669999999997116901795379817485809326171875,-73.9367500000000035242919693700969219207763671875,Entire home/apt,141,1
Brooklyn huge studio with everything you need,241945355,Brooklyn,Flatlands,40.63119999999999976125764078460633754730224609375,-73.926389999999997826307662762701511383056640625,Entire home/apt,80,1
A+ Location Deluxe Studio(3 beds) #5,348619646,Manhattan,Midtown,40.74835999999999813780959811992943286895751953125,-73.986770000000007030394044704735279083251953125,Entire home/apt,202,1
Superior Studio with Balcony,32866463,Brooklyn,Bay Ridge,40.63338999999999856527210795320570468902587890625,-74.0181999999999931105776340700685977935791015625,Entire home/apt,99,1
A+ Location Superior Studio (3 Beds),348619646,Manhattan,Midtown,40.7480800000000016325429896824061870574951171875,-73.9868599999999929650584817864000797271728515625,Entire home/apt,152,1
"Beautiful, cozy, Penthouse Studio in Astoria/LIC",207573589,Queens,Astoria,40.77042000000000143700162880122661590576171875,-73.92613000000000056388671509921550750732421875,Entire home/apt,75,1
Cozy studio apartment,185029671,Bronx,Kingsbridge,40.8737100000000026511770556680858135223388671875,-73.9015399999999971214492688886821269989013671875,Entire home/apt,143,1
Triboro,335040889,Queens,Far Rockaway,40.59536507418277295755615341477096080780029296875,-73.75915060906783082828042097389698028564453125,Entire home/apt,280,1
Fantastic! NYC Bright and spacious private-balcony,173369078,Queens,Astoria,40.765659999999996898623066954314708709716796875,-73.924270000000007030394044704735279083251953125,Entire home/apt,116,1
Tad’s place at your service,163395163,Queens,South Ozone Park,40.6824500000000028876456781290471553802490234375,-73.8070900000000023055690689943730831146240234375,Entire home/apt,200,1
A+ Location City Studio (2 Double beds) #7,348619646,Manhattan,Midtown,40.748120000000000118234311230480670928955078125,-73.988889999999997826307662762701511383056640625,Entire home/apt,208,1
Studio space in bushwick: creatives welcome,42418421,Brooklyn,Bushwick,40.68692999999999670990291633643209934234619140625,-73.9146099999999961482899379916489124298095703125,Entire home/apt,111,1
Staten Island NYC Studio,162980623,Staten Island,Rosebank,40.6156500000000022509993868879973888397216796875,-74.0685299999999955389284878037869930267333984375,Entire home/apt,100,1
Ana Karla's Sweet Home *5 MIN TO LGA & CITIFIELD*,28980313,Queens,East Elmhurst,40.76628000000000184854798135347664356231689453125,-73.8663499999999970668795867823064327239990234375,Entire home/apt,158,1
"Cozy, quiet, private 1 br apt NO SMOKING ALLOWED",165054817,Bronx,Schuylerville,40.833449999999999135980033315718173980712890625,-73.8283899999999988494892022572457790374755859375,Entire home/apt,2000,1
In the Heart of Harlem,317737966,Manhattan,Harlem,40.8300899999999984402165864594280719757080078125,-73.9473799999999954479790176264941692352294921875,Entire home/apt,115,1
Beautiful 1 Bedroom Apt. in GreenPoint Brooklyn.,103818938,Brooklyn,Greenpoint,40.72176999999999935653249849565327167510986328125,-73.9399499999999960664354148320853710174560546875,Entire home/apt,63,1
Efficient Windsor Terrace Studio in Sweetest area,238686010,Brooklyn,Windsor Terrace,40.65469999999999828332875040359795093536376953125,-73.978530000000006339178071357309818267822265625,Entire home/apt,75,1
Rustic Studio Next To The Boardwalk and Subway,145002203,Brooklyn,Brighton Beach,40.5801000000000016143530956469476222991943359375,-73.9619699999999937745087663643062114715576171875,Entire home/apt,108,1
Beautiful studio,55689124,Queens,Maspeth,40.71435000000000314912540488876402378082275390625,-73.9093600000000066074790083803236484527587890625,Entire home/apt,127,1
Beautiful Clean Private Queens 1 BR Apartment,221844597,Queens,St. Albans,40.6880680000000012341843103058636188507080078125,-73.7662579999999934443621896207332611083984375,Entire home/apt,72,1
Private Backyard ~ Park Slope ~ Pet Friendly Unit!,11614416,Brooklyn,Sunset Park,40.6630899999999968486008583568036556243896484375,-73.9929580000000015616024029441177845001220703125,Entire home/apt,123,1
Bright and Spacious Apartment,39371342,Brooklyn,Bay Ridge,40.6353500000000025238477974198758602142333984375,-74.019419999999996662154444493353366851806640625,Entire home/apt,115,1
Private floor/loft in the heart of Soho/ Nolita,199466348,Manhattan,Lower East Side,40.72238999999999720103005529381334781646728515625,-73.9931399999999968031261232681572437286376953125,Entire home/apt,281,1
Brownstone villa,191063355,Brooklyn,Flatbush,40.64054999999999751025825389660894870758056640625,-73.95287999999999328792910091578960418701171875,Entire home/apt,182,1
"Lux Amenities, 24/7 Onsite Team, Spacious 2 BR Apt",176951326,Manhattan,Midtown,40.75869999999999748752088635228574275970458984375,-73.9637599999999935107553028501570224761962890625,Entire home/apt,590,1
"2 BR / 2 Bath, Lux Amenities, 24/7 Onsite Team",176951326,Manhattan,Midtown,40.75681999999999760575519758276641368865966796875,-73.965360000000003992681740783154964447021484375,Entire home/apt,695,1
Designer Penthouse in Exclusive Sutton Place,176951326,Manhattan,Midtown,40.75730999999999681904228054918348789215087890625,-73.96345999999999776264303363859653472900390625,Entire home/apt,550,1
"Bright Lux Apt w/ Indoor Pool, 24/7 Onsite Team",176951326,Manhattan,Midtown,40.7570400000000034879121812991797924041748046875,-73.9657299999999935380401439033448696136474609375,Entire home/apt,420,1
Beautiful South Light 2200 sq. Ft. Open LOFT,10196579,Manhattan,Hell's Kitchen,40.755687713623046875,-73.9973907470703125,Entire home/apt,2000,1
Manhattan High Life,307197943,Manhattan,Hell's Kitchen,40.7598100000000016507328837178647518157958984375,-73.9948200000000042564352042973041534423828125,Entire home/apt,995,1
"Cozy, Friendly, Bronx Living",13891989,Bronx,Morrisania,40.83008000000000237150743487291038036346435546875,-73.897120000000001027729013003408908843994140625,Entire home/apt,82,1
"Indoor Pool, Lux Apt, 24/7 Onsite Team",176951326,Manhattan,Midtown,40.7586299999999965848473948426544666290283203125,-73.9654900000000026238922146148979663848876953125,Entire home/apt,475,1
COZY CLASSY DUPLEX  NEAR NYC,8113165,Brooklyn,Canarsie,40.6359700000000003683453542180359363555908203125,-73.90964999999999918145476840436458587646484375,Entire home/apt,114,1
A+ Location City Studio with Two Full Beds,348619646,Manhattan,Midtown,40.747669999999999390638549812138080596923828125,-73.986819999999994479367160238325595855712890625,Entire home/apt,169,1
"Convenient to the east and west, private basement.",310296,Brooklyn,Prospect-Lefferts Gardens,40.6630200000000030513547244481742382049560546875,-73.9466400000000021464074961841106414794921875,Entire home/apt,88,1
Bedstuy Luxe Condo,139329404,Brooklyn,Bedford-Stuyvesant,40.69048000000000087084117694757878780364990234375,-73.949929999999994834070093929767608642578125,Entire home/apt,142,1
A+ Location 2 Double Beds City Studio,348619646,Manhattan,Midtown,40.74618000000000250793164013884961605072021484375,-73.988110000000006039044819772243499755859375,Entire home/apt,195,1
2-bdrm private suite safe area near Prospect Park,238686010,Brooklyn,Windsor Terrace,40.656599999999997407940099947154521942138671875,-73.97795999999999594365363009274005889892578125,Entire home/apt,89,1
★Spacious 2 b/r apt | 3 beds + WiFi~Sleeps 1-6★,163605956,Brooklyn,Flatlands,40.62904999999999944293449516408145427703857421875,-73.928730000000001609805622138082981109619140625,Entire home/apt,191,1
Serene,204746258,Brooklyn,Prospect-Lefferts Gardens,40.6585299999999989495336194522678852081298828125,-73.9610799999999954934537527151405811309814453125,Entire home/apt,140,1
"Hamilton Heights Sunny Studio, Manhattan",23834677,Manhattan,Harlem,40.8282200000000017325874068774282932281494140625,-73.9428599999999960346031002700328826904296875,Entire home/apt,111,1
The BEST of SoBro  *Hosts vaccinated w Pfizer,135412962,Bronx,Mott Haven,40.80655999999999750116330687887966632843017578125,-73.91653999999999768988345749676227569580078125,Entire home/apt,165,1
Great Room by Central Park & Time Square,173083297,Manhattan,Upper West Side,40.775430000000000063664629124104976654052734375,-73.9766699999999985948306857608258724212646484375,Entire home/apt,550,1
"Smart Two Bedroom Ground Floor, Walk-in Apartment",222179066,Brooklyn,Bedford-Stuyvesant,40.68722000000000349473339156247675418853759765625,-73.923900000000003274180926382541656494140625,Entire home/apt,134,1
Cozy&convenient 2 bedroom downtown apt. LocationA+,1387341,Manhattan,Chinatown,40.715000000000003410605131648480892181396484375,-73.998570000000000845830072648823261260986328125,Entire home/apt,150,1
Spacious Modern Production Studio Williamsburg,231691559,Brooklyn,Williamsburg,40.71282000000000067529981606639921665191650390625,-73.9355800000000016325429896824061870574951171875,Entire home/apt,388,1
Colorful Brooklyn Garden Casita,40332331,Brooklyn,Windsor Terrace,40.65722000000000235786501434631645679473876953125,-73.9785499999999984765963745303452014923095703125,Entire home/apt,175,1
UES Luxury White  Glove Doorman Building ❤️ NYC!,71152071,Manhattan,Upper East Side,40.7748100000000022191670723259449005126953125,-73.9508900000000011232259566895663738250732421875,Entire home/apt,532,1
Positivity JFK•Casino•Beach,133197429,Queens,Ozone Park,40.673540000000002692104317247867584228515625,-73.8418999999999954297891235910356044769287109375,Entire home/apt,131,1
Warm cozy Inwood apartment near A train,29571112,Manhattan,Inwood,40.86865999999999843339537619613111019134521484375,-73.9225200000000057798388297669589519500732421875,Entire home/apt,131,1
Ziggy Stardust Surf House - A Beautiful Houseboat,9040879,Queens,Arverne,40.593490000000002737579052336513996124267578125,-73.7882900000000034879121812991797924041748046875,Entire home/apt,536,1
Experience Brooklyn as a different world,22020112,Brooklyn,Brighton Beach,40.57522000000000161890056915581226348876953125,-73.9679699999999940018824418075382709503173828125,Entire home/apt,233,1
Small but Clean studio in Great location.,40040638,Brooklyn,Park Slope,40.67548000000000030240698833949863910675048828125,-73.9814999999999969304553815163671970367431640625,Entire home/apt,139,1
*PRIVATE* Studio 5 minutes from LGA/ US Open,65671256,Queens,Jackson Heights,40.75786000000000086629370343871414661407470703125,-73.8601000000000027512214728631079196929931640625,Entire home/apt,100,1
"Close2Manhattan,walk2Shops ferry&subway.Clean NYC!",59040996,Brooklyn,Sunset Park,40.6460799999999977671905071474611759185791015625,-74.014330000000001064108801074326038360595703125,Entire home/apt,86,1
Brooklyn sun kissed studio apartment!,242924411,Brooklyn,Bedford-Stuyvesant,40.68487999999999971123543218709528446197509765625,-73.9546600000000040608938434161245822906494140625,Entire home/apt,119,1
1 Bedroom Oasis,8978839,Bronx,Pelham Gardens,40.8633999999999986130205797962844371795654296875,-73.847409999999996443875716067850589752197265625,Entire home/apt,140,1
Sunny St. Mark's Place Oasis,16222762,Manhattan,East Village,40.726529999999996789483702741563320159912109375,-73.9845499999999987039700499735772609710693359375,Entire home/apt,199,1
Cozy  space apartment & confortable in Brooklyn,103841276,Brooklyn,Williamsburg,40.7012399999999985311660566367208957672119140625,-73.9429899999999946658135741017758846282958984375,Entire home/apt,349,1
Newly Renovated Carriage House,51716739,Brooklyn,Bedford-Stuyvesant,40.6901399999999995316102285869419574737548828125,-73.929429999999996425685822032392024993896484375,Entire home/apt,174,1
Great Space,52539349,Queens,Springfield Gardens,40.6704399999999992587618180550634860992431640625,-73.7545499999999947249307297170162200927734375,Entire home/apt,85,1
☆Renovated whole 2BR floor in Jackson Heights☆,19303369,Queens,Jackson Heights,40.74918999999999869032762944698333740234375,-73.8956199999999938654582365415990352630615234375,Entire home/apt,139,1
Classic Brooklyn Brownstone,29466025,Brooklyn,Park Slope,40.67757000000000289219315163791179656982421875,-73.976460000000002992237568832933902740478515625,Entire home/apt,325,1
Full apartmen,383480316,Bronx,Wakefield,40.89162999999999925648808130063116550445556640625,-73.8505200000000030513547244481742382049560546875,Entire home/apt,160,1
CLZY  JFK•Casino•Beach,133197429,Queens,Ozone Park,40.6716899999999981218934408389031887054443359375,-73.8423499999999961573848850093781948089599609375,Entire home/apt,116,1
A+ Location Classic Queen Studio,348619646,Manhattan,Midtown,40.74783000000000043883119360543787479400634765625,-73.9887800000000055433702073059976100921630859375,Entire home/apt,180,1
Best Private Studio In East Flatbush Brooklyn Gem,386139674,Brooklyn,Brownsville,40.65565000000000139834810397587716579437255859375,-73.9130899999999968486008583568036556243896484375,Entire home/apt,73,1
Private 1 bed. Luxury Getaway!,200426688,Brooklyn,Canarsie,40.635030000000000427462509833276271820068359375,-73.8942799999999948568074614740908145904541015625,Entire home/apt,115,1
Historic Gem Close to SI Ferry,80470317,Staten Island,Stapleton,40.62534000000000133923094836063683032989501953125,-74.0770499999999998408384271897375583648681640625,Entire home/apt,175,1
1BR. SugarHill. 15 Min Midtown.,51093380,Manhattan,Harlem,40.822980000000001155058271251618862152099609375,-73.9430799999999948113327263854444026947021484375,Entire home/apt,500,1
"Cozy Garden-level Studio, Bklyn-Subway 2mins away🚇",27867038,Brooklyn,East New York,40.67540999999999939973349682986736297607421875,-73.873819999999994934114511124789714813232421875,Entire home/apt,70,1
♥️🏆🦜TwiceAsBetterHome Inn 1BR3GUESTS JFK7-LGA15 MIN,227872371,Queens,Springfield Gardens,40.663516226117479845925117842853069305419921875,-73.7694114139049617051568930037319660186767578125,Entire home/apt,90,1
Cozy Studio in Queens,18957069,Queens,Woodside,40.74857999999999691453922423534095287322998046875,-73.89857000000000653017195872962474822998046875,Entire home/apt,120,1
Great Apartment in Luxury Wall St. Building,169505313,Manhattan,Financial District,40.7053599999999988767740433104336261749267578125,-74.00664000000000442014425061643123626708984375,Entire home/apt,348,1
"3 Bedroom Apt in Brooklyn, NY",382918364,Brooklyn,Bath Beach,40.60636000000000223053575609810650348663330078125,-74.00745000000000572981662116944789886474609375,Entire home/apt,115,1
Mini Condo/VIP/Lounge Yacht,54384811,Queens,Arverne,40.59611000000000302634362014941871166229248046875,-73.7886799999999993815436027944087982177734375,Entire home/apt,59,1
"Cozy Bed-Stuy brownstone apt,5 mins from A/C Train",105144312,Brooklyn,Bedford-Stuyvesant,40.679879999999997153281583450734615325927734375,-73.935980000000000700310920365154743194580078125,Entire home/apt,168,1
Cozy Private 1Bdr 1Ba with Full Kitchen,55826318,Queens,Springfield Gardens,40.66282000000000351747075910679996013641357421875,-73.767030000000005429683369584381580352783203125,Entire home/apt,94,1
Sun drenched modern stylish 2 bedroom apt near all,241945355,Brooklyn,Flatlands,40.632689999999996643964550457894802093505859375,-73.928169999999994388417690061032772064208984375,Entire home/apt,120,1
Loft at the Flatiron,109270187,Manhattan,Flatiron District,40.7409499999999979991116560995578765869140625,-73.991230000000001609805622138082981109619140625,Entire home/apt,1800,1
Two Bedroom Apartment in Sunset Park - Brooklyn,382749079,Brooklyn,Sunset Park,40.6470699999999993679011822678148746490478515625,-74.0183899999999965757524478249251842498779296875,Entire home/apt,105,1
FAB Studio W/Private Garden near Central Park !,39603281,Manhattan,Upper West Side,40.79426000000000129830368678085505962371826171875,-73.97100000000000363797880709171295166015625,Entire home/apt,265,1
Heart of Manhattan Midtown!!(Herald Square),382617662,Manhattan,Midtown,40.74662000000000006139089236967265605926513671875,-73.9868000000000023419488570652902126312255859375,Entire home/apt,182,1
Heart of Manhattan Midtown!!(Herald Square),382617662,Manhattan,Midtown,40.74768000000000256477505899965763092041015625,-73.986930000000000973159330897033214569091796875,Entire home/apt,195,1
Heart of Manhattan Midtown!!(Herald Square),382617662,Manhattan,Midtown,40.7460999999999984311216394416987895965576171875,-73.9881599999999934880179353058338165283203125,Entire home/apt,189,1
Heart of Manhattan Midtown!!(Herald Square),382617662,Manhattan,Midtown,40.7474399999999974397724145092070102691650390625,-73.9887700000000023692336981184780597686767578125,Entire home/apt,195,1
Crown Heights 3BR Newly Renovated w/ Central Air!,3672774,Brooklyn,Crown Heights,40.6729399999999969850250636227428913116455078125,-73.9520299999999934925654088146984577178955078125,Entire home/apt,249,1
1st floor Private Apt near Ferry to NYC and Park,32162495,Staten Island,Silver Lake,40.63132999999999839246811461634933948516845703125,-74.0955900000000013960743672214448451995849609375,Entire home/apt,86,1
Lovely Back Studio,275800186,Brooklyn,Bedford-Stuyvesant,40.68341000000000207137418328784406185150146484375,-73.9304599999999965120878187008202075958251953125,Entire home/apt,65,1
Brownstone beautiful Garden Studio,275800186,Brooklyn,Bedford-Stuyvesant,40.683480000000002974047674797475337982177734375,-73.9316400000000015779733075760304927825927734375,Entire home/apt,82,1
Beautiful entire Apartment for the family,382191358,Bronx,Tremont,40.84602000000000288082446786575019359588623046875,-73.8927900000000050795279094018042087554931640625,Entire home/apt,350,1
A+ Location Comfort Lofty & Bright Queen Studio,348619646,Manhattan,Midtown,40.7482600000000019235812942497432231903076171875,-73.9870800000000059526428231038153171539306640625,Entire home/apt,180,1
Da James Franco Award Winning Floating Surf Safari,9040879,Queens,Arverne,40.593670000000003028617356903851032257080078125,-73.78870000000000572981662116944789886474609375,Entire home/apt,250,1
Heart of Manhattan Midtown!!(Herald Square),382617662,Manhattan,Midtown,40.74757000000000317641024594195187091827392578125,-73.9888700000000056888893595896661281585693359375,Entire home/apt,195,1
Large Cozy 2 Bedrooms,377934109,Manhattan,Harlem,40.8182199999999966166797094047069549560546875,-73.9473200000000048248693929053843021392822265625,Entire home/apt,178,1
Bright and Beautiful,53100200,Brooklyn,Columbia St,40.68547000000000224417817662470042705535888671875,-74.002350000000006957634468562901020050048828125,Entire home/apt,454,1
Spacious 2BR apt with deck,768181,Brooklyn,Williamsburg,40.7137000000000028876456781290471553802490234375,-73.9399499999999960664354148320853710174560546875,Entire home/apt,120,1
1600ft TriBeCa Townhouse | Luxury & Spacious,11454384,Manhattan,Tribeca,40.71878000000000241698216996155679225921630859375,-74.009129999999998972270986996591091156005859375,Entire home/apt,519,1
Apartment with basement private entrance,290200406,Brooklyn,Canarsie,40.6468899999999990768628777004778385162353515625,-73.8921500000000008867573342286050319671630859375,Entire home/apt,162,1
The Center Suites,86887132,Queens,St. Albans,40.6949299999999993815436027944087982177734375,-73.78170000000000072759576141834259033203125,Entire home/apt,123,1
Exlusive & NEW Luxury apart with private backyard,305327549,Manhattan,Upper East Side,40.77417731521106958325617597438395023345947265625,-73.9525994557826464870231575332581996917724609375,Entire home/apt,248,1
Queens Village Vacation Getaway,86209218,Queens,Queens Village,40.7097499999999996589394868351519107818603515625,-73.739630000000005338733899407088756561279296875,Entire home/apt,149,1
Spacious Bushwick 1 bedroom 3 blocks from L Train,64480098,Brooklyn,Bushwick,40.7071600000000017871570889838039875030517578125,-73.9203499999999991132426657713949680328369140625,Entire home/apt,286,1
Williamsburg Brooklyn NY Entire Condo Waterfront,73428135,Brooklyn,Williamsburg,40.71974999999999766941982670687139034271240234375,-73.9628799999999984038367983885109424591064453125,Entire home/apt,106,1
Surfside Studio,10910171,Queens,Rockaway Beach,40.5861799999999988131094141863286495208740234375,-73.8167399999999958026819513179361820220947265625,Entire home/apt,107,1
Neve recording studio,229693987,Manhattan,Lower East Side,40.71517999999999659621607861481606960296630859375,-73.9863399999999984402165864594280719757080078125,Entire home/apt,600,1
NYC nook,42814202,Queens,Fresh Meadows,40.7422499999999985220711096189916133880615234375,-73.7867499999999978399500832892954349517822265625,Entire home/apt,111,1
Modern Spacious Private One bedroom Free Parking.,48630747,Queens,Flushing,40.7248799999999988585841492749750614166259765625,-73.803889999999995552570908330380916595458984375,Entire home/apt,119,1
Private Ground Floor 1 Bedroom Unit Near JFK/LGA,66949758,Queens,Jamaica,40.69915999999999911551640252582728862762451171875,-73.814130000000005793481250293552875518798828125,Entire home/apt,89,1
Peaceful private apartment on 2nd floor near JFK,92892590,Queens,St. Albans,40.6952899999999999636202119290828704833984375,-73.7802199999999999135980033315718173980712890625,Entire home/apt,120,1
Luxury New York City Westside Suite,92067070,Manhattan,Midtown,40.76556000000000068439476308412849903106689453125,-73.981819999999999026840669102966785430908203125,Entire home/apt,632,1
THE PRIVACY DEN ~ 5 MINUTES TO JFK,97086824,Queens,Jamaica,40.6694600000000008321876521222293376922607421875,-73.7667900000000003046807250939309597015380859375,Entire home/apt,66,1
Authentic Living in Manhattan,6250141,Manhattan,Upper West Side,40.77935999999999694409780204296112060546875,-73.9772300000000058162186178378760814666748046875,Entire home/apt,126,1
Cozy New York Apartment. Amazing Location!,35179914,Manhattan,Harlem,40.82468999999999681449480704031884670257568359375,-73.93918999999999641659087501466274261474609375,Entire home/apt,200,1
Huge bohemian loft apartment with garden vibes,157302498,Brooklyn,Williamsburg,40.7071600000000017871570889838039875030517578125,-73.9281500000000022509993868879973888397216796875,Entire home/apt,154,1
Historic Townhome for Shoots/Videos,7850260,Manhattan,Harlem,40.80635000000000189857018995098769664764404296875,-73.94679999999999608917278237640857696533203125,Entire home/apt,821,1
Heart of Harlem Living - NYC to it's fullest!,1215853,Manhattan,East Harlem,40.80837999999999965439201332628726959228515625,-73.9388100000000036970959627069532871246337890625,Entire home/apt,135,1
Modern Brooklyn Duplex Is An Urban Hideaway,63616247,Brooklyn,Crown Heights,40.6775794344203092123279930092394351959228515625,-73.9376706795411990924549172632396221160888671875,Entire home/apt,132,1
Newly Renovated Duplex Apartment 2,51716739,Brooklyn,Bedford-Stuyvesant,40.68883000000000293994162348099052906036376953125,-73.9312400000000025102053768932819366455078125,Entire home/apt,266,1
Modern 1 Bedroom Escape with River Views,65294078,Manhattan,Hell's Kitchen,40.7676900000000017598722479306161403656005859375,-73.985129999999998062776285223662853240966796875,Entire home/apt,175,1
"2 Bedroom Apartment in Park Slope, Brooklyn",5851913,Brooklyn,South Slope,40.665829999999999699866748414933681488037109375,-73.9818700000000006866684998385608196258544921875,Entire home/apt,225,1
Heart of Jamaica Queens,81146418,Queens,Jamaica,40.68473999999999790588844916783273220062255859375,-73.797830000000004702087608166038990020751953125,Entire home/apt,83,1
Prospect Heights - Large Sunny Apt,345252,Brooklyn,Clinton Hill,40.6807500000000032969182939268648624420166015625,-73.9622800000000069076122599653899669647216796875,Entire home/apt,200,1
Bushwick Bklyn Sunny Apt,131476075,Brooklyn,Bushwick,40.6863799999999997680788510479032993316650390625,-73.9137099999999946930984151549637317657470703125,Entire home/apt,187,1
Rare Gem in Astoria - 30 minutes to Manhattan,80958853,Queens,Ditmars Steinway,40.77539999999999764668245916254818439483642578125,-73.9188999999999936107997200451791286468505859375,Entire home/apt,200,1
Private 2bd apt 20min from airport 20min from NYC,85281944,Brooklyn,East Flatbush,40.66105999999999909277903498150408267974853515625,-73.9227699999999998681232682429254055023193359375,Entire home/apt,119,1
Spanish Villa in Queens.,140981137,Queens,College Point,40.79144000000000147565515362657606601715087890625,-73.8431599999999974670572555623948574066162109375,Entire home/apt,380,1
Brooklyn artistic studio apartment!,242924411,Brooklyn,Bedford-Stuyvesant,40.68357999999999918827597866766154766082763671875,-73.9528399999999948022377793677151203155517578125,Entire home/apt,103,1
Heart of Manhattan Midtown!!(Herald Square),382617662,Manhattan,Midtown,40.74799999999999755573298898525536060333251953125,-73.9885199999999940700945444405078887939453125,Entire home/apt,220,1
Charming Oasis in Manhattan,51446803,Manhattan,Harlem,40.8312600000000003319655661471188068389892578125,-73.9431000000000011596057447604835033416748046875,Entire home/apt,111,1
Apartment close to Manhattan,175088896,Queens,Woodside,40.74916999999999944748196867294609546661376953125,-73.9105799999999959482011036016047000885009765625,Entire home/apt,130,1
Beautiful Apartment at the heart of HK Manhattan,103737324,Manhattan,Hell's Kitchen,40.76498000000000132558852783404290676116943359375,-73.9876699999999942747308523394167423248291015625,Entire home/apt,286,1
Modern 2 Bedroom Walk in. 3 min from Subway !,9289171,Brooklyn,Crown Heights,40.6711600000000004229150363244116306304931640625,-73.93292999999999892679625190794467926025390625,Entire home/apt,111,1
LARGE 2 Bedroom Midtown Manhattan Apartment!,242622786,Manhattan,Hell's Kitchen,40.7623200000000025511326384730637073516845703125,-73.9889299999999963119989843107759952545166015625,Entire home/apt,124,1
Spacious Newly Renovated Brooklyn Apartment,28012130,Brooklyn,Crown Heights,40.66705999999999932015271042473614215850830078125,-73.9345200000000062345861806534230709075927734375,Entire home/apt,110,1
Cozy Sweet Suite,374105886,Queens,Ozone Park,40.68677000000000276713763014413416385650634765625,-73.8415499999999980218490236438810825347900390625,Entire home/apt,40,1
Bohemian NYC Apt w Parking 20m to Penn Station,379993600,Queens,Bayside,40.76216000000000150293999467976391315460205078125,-73.775610000000000354702933691442012786865234375,Entire home/apt,216,1
Loft like Chelsea apartment near Highline,280749450,Manhattan,Chelsea,40.74739000000000288537194137461483478546142578125,-74.002219999999994115569279529154300689697265625,Entire home/apt,181,1
Luxury Studio - Heart of TriBeCa,8078460,Manhattan,Civic Center,40.7148600000000016052581486292183399200439453125,-74.0040900000000050340531743131577968597412109375,Entire home/apt,179,1
Cozy,75881392,Brooklyn,Sheepshead Bay,40.59924000000000177124093170277774333953857421875,-73.9620100000000064710548031143844127655029296875,Entire home/apt,956,1
"A+ Location Duplex Suite Nest ""City Cottage Alike""",348619646,Manhattan,Midtown,40.74786999999999892452251515351235866546630859375,-73.988470000000006621121428906917572021484375,Entire home/apt,203,1
Luxurious apartment with backyard and jacuzzi,344525630,Brooklyn,Kensington,40.6283600000000006957634468562901020050048828125,-73.9755799999999936744643491692841053009033203125,Entire home/apt,283,1
Luxurious Boutique Studio Red Hook Brooklyn,1499484,Brooklyn,Red Hook,40.6779099999999971259967423975467681884765625,-74.0134599999999949204720905981957912445068359375,Entire home/apt,157,1
Your Home Away from Home,378995497,Queens,Rosedale,40.656444198451282545647700317203998565673828125,-73.73484073321634468811680562794208526611328125,Entire home/apt,119,1
Cozy Lower East Side/EV Home,61800014,Manhattan,Lower East Side,40.72115000000000151203494169749319553375244140625,-73.98345000000000482032191939651966094970703125,Entire home/apt,140,1
Stylish and Cozy 1 Bedroom Condo with Private Balcony at Synergy Chelsea,490798197,Manhattan,Chelsea,40.74455979999999755136741441674530506134033203125,-73.9956093999999922061761026270687580108642578125,Entire home/apt,304,1
"Private & Spacious 2 Bdrm Apt, Douglaston Queens",153513107,Queens,Douglaston,40.7667799999999971305442159064114093780517578125,-73.74813000000000329237082041800022125244140625,Entire home/apt,120,1
Brooklyn Apt with 360 Views!,73957466,Brooklyn,Williamsburg,40.7128909999999990532160154543817043304443359375,-73.941393099999999094507074914872646331787109375,Entire home/apt,240,1
East Village Artist Loft,274590847,Manhattan,East Village,40.726586983483429094121675007045269012451171875,-73.9884850118434087562491185963153839111328125,Entire home/apt,311,1
Spacious Cottage in Harlem!,204855081,Manhattan,East Harlem,40.79966999999999899273461778648197650909423828125,-73.9422699999999935016603558324277400970458984375,Entire home/apt,180,1
2-bedroom apt. in prime location ft. views!,28642235,Staten Island,St. George,40.64614999999999866986399865709245204925537109375,-74.081829999999996516635292209684848785400390625,Entire home/apt,239,1
Cozy Queens Retreat w/ Family Amenities & Parking,288162140,Queens,Springfield Gardens,40.66369999999999862438926356844604015350341796875,-73.7505799999999993588062352500855922698974609375,Entire home/apt,300,1
Modern Minimalistic 1 Bedroom Apartment In NYC,29358602,Manhattan,Harlem,40.8072700000000025966073735617101192474365234375,-73.9498999999999995225152815692126750946044921875,Entire home/apt,133,1
Stylish Sun-filled Townhouse | Steps to Subway,466454290,Brooklyn,Crown Heights,40.6702599999999989677235134877264499664306640625,-73.9297499999999985220711096189916133880615234375,Entire home/apt,182,1
Luxurious 6BD duplex in Bushwick,26349246,Brooklyn,Bushwick,40.69135440153986138511754688806831836700439453125,-73.918091990053653717041015625,Entire home/apt,320,1
| Uptown One Bedroom Bungalow with Garden View |,95284964,Bronx,Allerton,40.8682299999999969486452755518257617950439453125,-73.862200000000001409716787748038768768310546875,Entire home/apt,122,1
Backyard Space for events.,216140317,Brooklyn,Canarsie,40.6351700000000022328094928525388240814208984375,-73.898200000000002773958840407431125640869140625,Entire home/apt,1050,1
"UBS Suites  Luxury 
2 bedroom
Queens Village",436048247,Queens,Queens Village,40.7039520000000010213625500909984111785888671875,-73.7282713000000029524017008952796459197998046875,Entire home/apt,199,1
Spacious 1 Bedroom on prime East Village corner,22447518,Manhattan,East Village,40.72842200000000190129867405630648136138916015625,-73.9831310000000001991793396882712841033935546875,Entire home/apt,168,1
Spacious first floor 2Bath 2Bedrooms in park slope,88381792,Brooklyn,South Slope,40.66291820000000001300577423535287380218505859375,-73.986182399999989911520970053970813751220703125,Entire home/apt,286,1
Gorgeous 3 Bedrooms Penthouse with Private Outdoor,468873647,Manhattan,Chelsea,40.75063999999999708734321757219731807708740234375,-73.9967999999999932470018393360078334808349609375,Entire home/apt,729,1
Modern Uptown Oasis by Presbyterian/Riverside Park,344320464,Manhattan,Washington Heights,40.8406499999999965666575008071959018707275390625,-73.9423100000000061982063925825059413909912109375,Entire home/apt,240,1
VIP Modern Lounge,303320919,Brooklyn,Bedford-Stuyvesant,40.68381000000000113914211397059261798858642578125,-73.9503399999999970759745338000357151031494140625,Entire home/apt,146,1
One Bedroom King Bed at Hampton Inn Times Square,452868879,Manhattan,Hell's Kitchen,40.76230000000000330828697769902646541595458984375,-73.986660000000000536601874046027660369873046875,Entire home/apt,191,1
Spend a night on a boat for unforgettable memories,435341575,Brooklyn,Greenpoint,40.7284300000000030195224098861217498779296875,-73.96075999999999339706846512854099273681640625,Entire home/apt,3000,1
Lovely 1 bedroom vacation smart home in Brooklyn,387806257,Brooklyn,Crown Heights,40.671289999999999054125510156154632568359375,-73.924700000000001409716787748038768768310546875,Entire home/apt,88,1
Enhanced 2Bedroom in perfect location,436579802,Bronx,Williamsbridge,40.8740999999999985448084771633148193359375,-73.857650000000006684786058031022548675537109375,Entire home/apt,110,1
Luxury one bedroom apartment with shared backyard,469539619,Queens,Astoria,40.75520999999999816054696566425263881683349609375,-73.915400000000005320544005371630191802978515625,Entire home/apt,214,1
Lovely 1 bedroom in charming Upper East Side,15980538,Manhattan,Upper East Side,40.76884369999999790934452903456985950469970703125,-73.954908399999993662277120165526866912841796875,Entire home/apt,181,1
Lovely 1 bedroom condo with Patio. CPW 5mins.,444425761,Manhattan,Upper West Side,40.782921478329399178619496524333953857421875,-73.97784523665904998779296875,Entire home/apt,216,1
"Sunny-Surprise 2 bedrooms, newly renovated apartme",462939017,Brooklyn,Prospect-Lefferts Gardens,40.66082000000000107320374809205532073974609375,-73.9460700000000059617377701215445995330810546875,Entire home/apt,130,1
Lovely one bedroom unit apartment,466889396,Brooklyn,East New York,40.6616599999999976944309310056269168853759765625,-73.8877600000000001045918907038867473602294921875,Entire home/apt,156,1
Shoreham Hotel - Petite Unit near Central Park,423873487,Manhattan,Midtown,40.76330999999999704641595599241554737091064453125,-73.9773799999999965848473948426544666290283203125,Entire home/apt,210,1
2 Bedroom apt in the Bronx,347719349,Bronx,Van Nest,40.84800432388659174876011093147099018096923828125,-73.86349998414516448974609375,Entire home/apt,165,1
Gorgeous Brownstone Gem,2590006,Brooklyn,Bedford-Stuyvesant,40.6841399999999993042365531437098979949951171875,-73.9391600000000011050360626541078090667724609375,Entire home/apt,244,1
Modern Luxury  Apt | Hotel Amenities | 24hr Gym❤️,163841098,Bronx,Port Morris,40.8050700000000006184563972055912017822265625,-73.926230000000003883542376570403575897216796875,Entire home/apt,141,1
Lovely 2 bedroom apartment with free parking,465597368,Queens,Richmond Hill,40.69447000000000258523868978954851627349853515625,-73.8327900000000028057911549694836139678955078125,Entire home/apt,190,1
"LEWA ""The Beautiful""  Brooklyn Studio",448129815,Brooklyn,Bedford-Stuyvesant,40.6811000000000007048583938740193843841552734375,-73.9404300000000063164407038129866123199462890625,Entire home/apt,135,1
Warm Contemporary Penthouse with Rooftop,465579714,Brooklyn,Greenpoint,40.72565999999999775127434986643493175506591796875,-73.951380000000000336513039655983448028564453125,Entire home/apt,3600,1
"Jfk Suites with Office, Entmt room, Bedroom",185224678,Brooklyn,Canarsie,40.63721000000000316276782541535794734954833984375,-73.89154999999999517967808060348033905029296875,Entire home/apt,108,1
Spacious 1 Bedroom w/parking in Canarsie Brooklyn,465545416,Brooklyn,Canarsie,40.63033999999999679175743949599564075469970703125,-73.90366000000000212821760214865207672119140625,Entire home/apt,108,1
FREE Laundry* At Sunny Full Floor Garden Home,3603284,Brooklyn,East New York,40.6745599999999996043698047287762165069580078125,-73.9007100000000036743585951626300811767578125,Entire home/apt,101,1
Cozy Brooklyn Studio Overlooking Prospect Park,63731117,Brooklyn,Flatbush,40.65262730000001312191670876927673816680908203125,-73.96392059999999446517904289066791534423828125,Entire home/apt,186,1
Entire Studio apartment near 55th st & 8 ave,469970638,Manhattan,Hell's Kitchen,40.759039999999998826751834712922573089599609375,-73.9898299999999977671905071474611759185791015625,Entire home/apt,144,1
Cozy 2-bedroom suite in the heart of Brooklyn,465479887,Brooklyn,East Flatbush,40.65115999999999729652699897997081279754638671875,-73.93554000000000314685166813433170318603515625,Entire home/apt,199,1
Stylish 2 Bedroom Apartment near Malls,334611519,Queens,Elmhurst,40.73686000000000007048583938740193843841552734375,-73.87076999999999316059984266757965087890625,Entire home/apt,139,1
"Airy, sunny, cute-as-heck studio in Clinton Hill",145262656,Brooklyn,Clinton Hill,40.68355999999999994543031789362430572509765625,-73.966669999999993478922988288104534149169921875,Entire home/apt,126,1
Centrally Located in East Village+Private Rooftop!,452957673,Manhattan,Lower East Side,40.7218500000000034333424991928040981292724609375,-73.9863399999999984402165864594280719757080078125,Entire home/apt,541,1
Cozy Luxury Studio Staycation,446908191,Brooklyn,Cypress Hills,40.6873575999999985697286319918930530548095703125,-73.872217199999994363679434172809123992919921875,Entire home/apt,78,1
Loft,438014463,Queens,Jamaica,40.6933099999999967621988616883754730224609375,-73.7969800000000049067239160649478435516357421875,Entire home/apt,417,1
2BR@ Queens! Enjoy with your family/Friends♪,204704622,Queens,Elmhurst,40.7385799999999989040588843636214733123779296875,-73.8762899999999973488229443319141864776611328125,Entire home/apt,139,1
Clean Mod Apt close to Manhattan,441489344,Queens,Jackson Heights,40.75571000000000054797055781818926334381103515625,-73.8814699999999930923877400346100330352783203125,Entire home/apt,102,1
"Lovely 2 bedroom condo, newly renovated!",171168334,Brooklyn,Flatlands,40.62776000000000209411155083216726779937744140625,-73.919129999999995561665855348110198974609375,Entire home/apt,149,1
Lovely Apartmen with view to the city,384584994,Queens,Ridgewood,40.71127086943905482030459097586572170257568359375,-73.916677124798297882080078125,Entire home/apt,250,1
Shoreham Hotel - Touchless Chic Room,423873487,Manhattan,Midtown,40.7613199999999977762854541651904582977294921875,-73.977159999999997808117768727242946624755859375,Entire home/apt,196,1
Luxury/Sunny 1 Bd Condo in Brooklyn w/ Rooftop,259616851,Brooklyn,Bedford-Stuyvesant,40.67880000000000251247911364771425724029541015625,-73.9082599999999985129761626012623310089111328125,Entire home/apt,220,1
"Two floor, Penthouse caffe with Stunning Art",330679892,Brooklyn,Manhattan Beach,40.57864000000000004320099833421409130096435546875,-73.9372699999999980491338646970689296722412109375,Entire home/apt,900,1
3 bedroom/4 beds in the heart of Sunset Brooklyn,8259529,Brooklyn,Sunset Park,40.6498100000000022191670723259449005126953125,-74.003839999999996734914020635187625885009765625,Entire home/apt,250,1
Spacious 2 bed room apartment in Brooklyn,6781477,Brooklyn,Bedford-Stuyvesant,40.693500000000000227373675443232059478759765625,-73.9323299999999932197169982828199863433837890625,Entire home/apt,163,1
Stylish 2 Bedroom Looking Over Manhattan,307197943,Manhattan,Hell's Kitchen,40.762529999999998153725755400955677032470703125,-73.99738999999999577994458377361297607421875,Entire home/apt,620,1
Beautiful apartment in Fortgreene Brooklyn,398614581,Brooklyn,Fort Greene,40.6865662924806628097940119914710521697998046875,-73.975058756768703460693359375,Entire home/apt,119,1
Amazing 1 BR unit West Village -Christopher Street,41399494,Manhattan,West Village,40.73341880000000259087755694054067134857177734375,-74.0052520999999927653334452770650386810302734375,Entire home/apt,228,1
"Cozy lovely 2 bedroom apt, 5 mins from JFK",217834192,Queens,Howard Beach,40.6697180999999972073055687360465526580810546875,-73.850658299999992095763445831835269927978515625,Entire home/apt,313,1
Lovely 1 bedroom in Landmark Townhouse,466989452,Bronx,Longwood,40.8137600000000020372681319713592529296875,-73.899349999999998317434801720082759857177734375,Entire home/apt,100,1
Comfy & Cozy 4 BR Apartment,366154108,Queens,Jamaica,40.67739000000000260115484707057476043701171875,-73.7898500000000012732925824820995330810546875,Entire home/apt,104,1
Brooklyn lovely studio apartment!,402187116,Brooklyn,Bedford-Stuyvesant,40.68276999999999787860360811464488506317138671875,-73.9414100000000047430148697458207607269287109375,Entire home/apt,108,1
Brooklyn alluring studio apartment!,402187116,Brooklyn,Bedford-Stuyvesant,40.68321999999999860619936953298747539520263671875,-73.9399599999999992405719240196049213409423828125,Entire home/apt,105,1
Big City Views 2 bedroom in Manhattan,90154348,Manhattan,Hell's Kitchen,40.7580999999999988858689903281629085540771484375,-73.9957500000000010231815394945442676544189453125,Entire home/apt,570,1
Lovely room in New York,467064305,Manhattan,Upper West Side,40.77705712628239353989556548185646533966064453125,-73.980046324431896209716796875,Entire home/apt,211,1
Summer Summer time!!! Sit back relax and unwind!!!,392591606,Queens,Far Rockaway,40.5933983200222172627036343328654766082763671875,-73.7576573774978641040434013120830059051513671875,Entire home/apt,495,1
Lovely 2 bedroom in Landmark Townhouse,466989452,Bronx,Longwood,40.81586999999999676447259844280779361724853515625,-73.900520000000000209183781407773494720458984375,Entire home/apt,175,1
Standard 1 King Bed at Holiday Inn Express Times Square South,426490985,Manhattan,Midtown,40.74965999999999866076905163936316967010498046875,-73.986570000000000391082721762359142303466796875,Entire home/apt,185,1
An Artist’s Apartment in Brooklyn.,440447377,Brooklyn,Crown Heights,40.6738500000000016143530956469476222991943359375,-73.9608199999999982310328050516545772552490234375,Entire home/apt,265,1
Lovely apartment in the Upper West Side,170568130,Manhattan,Upper West Side,40.79203480000000325844666804186999797821044921875,-73.9662094999999908395693637430667877197265625,Entire home/apt,85,1
Cozy & spacious apartment in UWS,170568130,Manhattan,Upper West Side,40.79305000000000092086338554508984088897705078125,-73.966710000000006175469025038182735443115234375,Entire home/apt,90,1
Sunny entire apartment in Manhattan,96589640,Manhattan,Inwood,40.86516000000000303771230392158031463623046875,-73.9288399999999938927430775947868824005126953125,Entire home/apt,148,1
Gorgeous and comfortable unit next to Manhattan!,468511305,Queens,Astoria,40.7680500000000023419488570652902126312255859375,-73.9340700000000055069904192350804805755615234375,Entire home/apt,199,1
Lovely 1 bedroom apt with private patio!,170568130,Manhattan,Upper West Side,40.79203480000000325844666804186999797821044921875,-73.9662094999999908395693637430667877197265625,Entire home/apt,123,1
Brooklyn shoebox studio apartment!,402187116,Brooklyn,Bedford-Stuyvesant,40.681680000000000063664629124104976654052734375,-73.941699999999997316990629769861698150634765625,Entire home/apt,115,1
Lovely 1 bedroom in Flatbush Brooklyn,26901061,Brooklyn,East Flatbush,40.65064000000000277168510365299880504608154296875,-73.9485800000000068621375248767435550689697265625,Entire home/apt,169,1
(LGA)Adorable 1 Bedroom unit with private entrance,306592549,Queens,East Elmhurst,40.76402999999999821056917426176369190216064453125,-73.864810000000005629772203974425792694091796875,Entire home/apt,89,1
4BR 10 mins walk to Central Park! A+ Location!,470526779,Manhattan,Upper East Side,40.76411999999999835608832654543220996856689453125,-73.96616000000000212821760214865207672119140625,Entire home/apt,478,1
Cheerful 2 Bedroom Home in the Bronx,59795431,Bronx,Williamsbridge,40.8837299999999999045030563138425350189208984375,-73.86218999999999823558027856051921844482421875,Entire home/apt,185,1
Cute & Flexible Rustic Upper East Side Apartment,75574602,Manhattan,Upper East Side,40.78383999999999787178239785134792327880859375,-73.9469600000000042427927837707102298736572265625,Entire home/apt,207,1
Quiet 2bedroom apt ideal for families in Downtown,10594253,Manhattan,East Village,40.7291816104786477126253885217010974884033203125,-73.9781101047992706298828125,Entire home/apt,300,1
A curated (tiny) home in SOHO/LES,66464301,Manhattan,Lower East Side,40.72106999999999743522494100034236907958984375,-73.985759999999999081410351209342479705810546875,Entire home/apt,156,1
Lovely studio rental unit in BK,52725589,Brooklyn,Downtown Brooklyn,40.694130000000001246007741428911685943603515625,-73.984319999999996753103914670646190643310546875,Entire home/apt,299,1
Spacious studio in downtown Manhattan,103999478,Manhattan,Financial District,40.70597000000000065256244852207601070404052734375,-74.0073699999999945475792628712952136993408203125,Entire home/apt,303,1
☀Bright Designer Oasis in the ❤ of Historic Harlem,469822760,Manhattan,Harlem,40.80733000000000032514435588382184505462646484375,-73.942170000000004392859409563243389129638671875,Entire home/apt,314,1
Chic City Abode | 2BR/2BA in Midtown,4399322,Manhattan,Hell's Kitchen,40.75860999999999734200173406861722469329833984375,-73.9945500000000038198777474462985992431640625,Entire home/apt,642,1
Luxury Penthouse in Mnhtn Thtre Dist w Outdr patio,454333811,Manhattan,Hell's Kitchen,40.7626914891477696301080868579447269439697265625,-73.98617349565029144287109375,Entire home/apt,392,1
Spacious 5BR/3BA in Midtown East NYC!,470530282,Manhattan,Midtown,40.7595900000000028740032576024532318115234375,-73.9647499999999951114659779705107212066650390625,Entire home/apt,785,1
Cosy Apt in Springfield Gardens,470171461,Queens,Springfield Gardens,40.65719900000001274520400329492986202239990234375,-73.7533039999999999736246536485850811004638671875,Entire home/apt,170,1
Lovely 1-bedroom rental unit - 5 mins from LGA,464780709,Queens,East Elmhurst,40.76192999999999955207385937683284282684326171875,-73.884219999999999117790139280259609222412109375,Entire home/apt,110,1
🅒🅔🅝🅣🅡🅐🅛 🅟🅐🅡🅚 - Spacious 2 BDRM + W/Dryer,407479321,Manhattan,Upper West Side,40.78356000000000136651578941382467746734619140625,-73.9730100000000021509549696929752826690673828125,Entire home/apt,403,1
Elegant 4BR Crown Heights Home | Steps to Subway!,466454290,Brooklyn,Brownsville,40.668149999999997135091689415276050567626953125,-73.92549999999999954525264911353588104248046875,Entire home/apt,274,1
Cheerful  Private 1 Bedroom Apt,461053338,Bronx,Pelham Bay,40.8481000000000022964741219766438007354736328125,-73.83192999999999983629095368087291717529296875,Entire home/apt,91,1
Spacious & Cheerful  2BR/2BA - LGA FREE PARKING,392217081,Queens,East Elmhurst,40.762259999999997717168298549950122833251953125,-73.863190000000003010427462868392467498779296875,Entire home/apt,153,1
Cosy Two Bedroom Apartment,324599806,Brooklyn,Flatlands,40.6293500000000022964741219766438007354736328125,-73.9347000000000065256244852207601070404052734375,Entire home/apt,200,1
Private Cheerful 3br 30 min to JFK + Free Parking,333057838,Brooklyn,Bergen Beach,40.62660440251593030325238942168653011322021484375,-73.91454982302519738368573598563671112060546875,Entire home/apt,5500,1
5K sqft Huge Luxury 3 bedroom apartment +parking,371098672,Bronx,Pelham Gardens,40.86207999999999884721546550281345844268798828125,-73.8351200000000034151526051573455333709716796875,Entire home/apt,164,1
Cheerful 2BR | Walk to Medical Centers w/ Parking,471508880,Brooklyn,East Flatbush,40.65787999999999868805389269255101680755615234375,-73.936000000000007048583938740193843841552734375,Entire home/apt,140,1
DesignerApartment in center of residential Astoria,300450208,Queens,Astoria,40.76791999999999660531102563254535198211669921875,-73.9245599999999996043698047287762165069580078125,Entire home/apt,90,1
Beautiful 2 Bedroom home with street parking,220415923,Queens,Hollis,40.71705999999999647798176738433539867401123046875,-73.7627499999999969304553815163671970367431640625,Entire home/apt,125,1
"Private 1 Bedroom Apt in Ridgewood, Queens GF-B",467996701,Queens,Ridgewood,40.7113194999999876699803280644118785858154296875,-73.90820139999999582869349978864192962646484375,Entire home/apt,159,1
"Private 1 Bedroom Apt in Ridgewood, Queens GF-A",467996701,Queens,Ridgewood,40.7113194999999876699803280644118785858154296875,-73.90820139999999582869349978864192962646484375,Entire home/apt,123,1
5BR Crown Heights Home | Steps to Subway | Parking,472043490,Brooklyn,Crown Heights,40.67020000000000123918653116561472415924072265625,-73.92468999999999823558027856051921844482421875,Entire home/apt,341,1
Cozy Sub-Level Two Beds 15 Minutes to Times Square,251455701,Queens,Sunnyside,40.74739000000000288537194137461483478546142578125,-73.9133000000000066620486904866993427276611328125,Entire home/apt,285,1
Brooklyn home away from home- Two Bedroom Rental,27895636,Brooklyn,Brownsville,40.66826999999999969759301166050136089324951171875,-73.92423999999999750798451714217662811279296875,Entire home/apt,229,1
Charming apartment near Brooklyn Museum,467718253,Brooklyn,Flatbush,40.6531700000000029149305191822350025177001953125,-73.961240000000003647073754109442234039306640625,Entire home/apt,150,1
Private Outdoor Paradise near the Prospect Park,303867618,Brooklyn,Park Slope,40.66897999999999768760972074232995510101318359375,-73.976979999999997517079464159905910491943359375,Entire home/apt,161,1
Nice 1 bedroom apartment near JFK & LGA,403063206,Queens,Forest Hills,40.7142887371721684530712082050740718841552734375,-73.832766227424144744873046875,Entire home/apt,185,1
Cozy East Village 1 Bedroom,12533228,Manhattan,East Village,40.72570999999999941110218060202896595001220703125,-73.984239999999999781721271574497222900390625,Entire home/apt,255,1
Your Romantic Escape: Ultimate NYC love spot!,57690761,Brooklyn,Bath Beach,40.61012000000000199406713363714516162872314453125,-74.0095000000000027284841053187847137451171875,Entire home/apt,439,1
My heart belong in Brooklyn,450443676,Brooklyn,Flatbush,40.654460000000000263753463514149188995361328125,-73.9543000000000034788172342814505100250244140625,Entire home/apt,200,1
Chelsea 1br GEM!  - sunfilled! outdoor terrace,97788223,Manhattan,Chelsea,40.744098642522658337838947772979736328125,-74.0032409169189264730448485352098941802978515625,Entire home/apt,500,1
SoHo View Room; Full Size Bed in Hotel Comfort,470859718,Manhattan,Chinatown,40.71809999999999973852027324028313159942626953125,-74.001589999999993096935213543474674224853515625,Entire home/apt,184,1
A Hidden speakeasy style event venue.,466450403,Brooklyn,Bedford-Stuyvesant,40.6963099999999968758856994099915027618408203125,-73.946269999999998390194377861917018890380859375,Entire home/apt,1321,1
SoHo View Deluxe King Room in Hotel Comfort (ADA),470859718,Manhattan,Chinatown,40.7185199999999980491338646970689296722412109375,-74.00081000000000130967237055301666259765625,Entire home/apt,140,1
SoHo View Room with Two Beds in Hotel Comfort,470859718,Manhattan,Tribeca,40.719369999999997844497556798160076141357421875,-74.0027999999999934743755147792398929595947265625,Entire home/apt,155,1
Bright artist studio 8 min walk from central park,324273359,Manhattan,East Harlem,40.79326970000000329719114233739674091339111328125,-73.945290900000003375680535100400447845458984375,Entire home/apt,105,1
Standard Room with 2 Double Beds at Holiday Inn Express New York City Chelsea,472615050,Manhattan,Chelsea,40.7488900000000029422153602354228496551513671875,-73.99533999999999878127709962427616119384765625,Entire home/apt,179,1
"Charming 2 bedroom apartment in Astoria, New York",163094301,Queens,Ditmars Steinway,40.774923408612920638915966264903545379638671875,-73.913614042103290557861328125,Entire home/apt,335,1
Modern 2 bedroom condo w/ private backyard & grill,140623121,Manhattan,East Harlem,40.807850000000001955413608811795711517333984375,-73.940709999999995716279954649507999420166015625,Entire home/apt,200,1
SoHo View Queen Room in Hotel Comfort x1,470859718,Manhattan,Tribeca,40.7188900000000018053469830192625522613525390625,-74.002870000000001482476363889873027801513671875,Entire home/apt,139,1
Luxury 2 Bed/2 Bath- In Heart Of Chelsea NYC,257982308,Manhattan,Chelsea,40.74352999999999980218490236438810825347900390625,-73.9951899999999938017936074174940586090087890625,Entire home/apt,410,1
Chill spot,475341168,Bronx,Mott Haven,40.81761999999999801502781338058412075042724609375,-73.9287900000000064437699620611965656280517578125,Entire home/apt,444,1
"Spacious 1 bedroom in Rosedale, Queens",314302433,Queens,Rosedale,40.65599999999999880628820392303168773651123046875,-73.737719999999995934558683075010776519775390625,Entire home/apt,92,1
Stylish & Central 3BR Apt | Walk to Bars & Cafes,474973421,Brooklyn,Crown Heights,40.674250000000000682121026329696178436279296875,-73.957840000000004465618985705077648162841796875,Entire home/apt,230,1
Beautiful 1 Bedroom apartment in the UWS.,170568130,Manhattan,Upper West Side,40.7810300000000012232703738845884799957275390625,-73.97912999999999783540260978043079376220703125,Entire home/apt,95,1
"Lovely 2- Bedroom Apartment in Parkslope, Brooklyn",368010652,Brooklyn,Park Slope,40.6814499999999981127984938211739063262939453125,-73.9778900000000021464074961841106414794921875,Entire home/apt,228,1
Beautiful apartment with private rooftop terrace,196064709,Brooklyn,East Flatbush,40.6465299999999984947862685658037662506103515625,-73.95112000000000307409209199249744415283203125,Entire home/apt,185,1
Lovely duplex in South Brooklyn,474238830,Brooklyn,East New York,40.66341249999999973852027324028313159942626953125,-73.8870091000000002168235369026660919189453125,Entire home/apt,124,1
Lovely & comfortable 3 bed 2-bath unit top floor,66451125,Queens,Elmhurst,40.7348300000000023146640160121023654937744140625,-73.865489999999994097379385493695735931396484375,Entire home/apt,421,1
Cozy comfy 2 Bedroom with a free parking spot.,325629958,Brooklyn,Sheepshead Bay,40.5879699999999985493559506721794605255126953125,-73.9444400000000001682565198279917240142822265625,Entire home/apt,195,1
"Snug, Cozy & Tranquil Oasis near Prospect Park!",477167456,Brooklyn,Flatbush,40.64668000000000347426976077258586883544921875,-73.9633900000000039653968997299671173095703125,Entire home/apt,125,1
Zona central del bronx  con seguridad y elevador,167598053,Bronx,Fordham,40.865690000000000736690708436071872711181640625,-73.89051000000000612999428994953632354736328125,Entire home/apt,200,1
Stunning 1-bedroom flat in the upper west side,457352598,Manhattan,Upper West Side,40.80205000000000126192389870993793010711669921875,-73.9623299999999943565853754989802837371826171875,Entire home/apt,258,1
Contemporary Condo in the Harlem Neighborhood!,94684854,Manhattan,Harlem,40.80704829999999816436684341169893741607666015625,-73.9421128999999979214408085681498050689697265625,Entire home/apt,250,1
Incredibly Spacious 2-Bedroom Brooklyn Apartment,11027691,Brooklyn,Bensonhurst,40.6146576000000010253643267787992954254150390625,-74.0016083000000008951246854849159717559814453125,Entire home/apt,255,1
Luxury Brooklyn Hideaway condo,447189172,Brooklyn,Williamsburg,40.69883999999999701913111493922770023345947265625,-73.958560000000005629772203974425792694091796875,Entire home/apt,200,1
Polly's Cozy Suite (LLC),477481580,Brooklyn,East New York,40.674739700000003495006239973008632659912109375,-73.8843446999999997615304891951382160186767578125,Entire home/apt,149,1
SoHo Penthouse View Room;Two Beds in Hotel Comfort,470859718,Manhattan,Chinatown,40.7182600000000007867129170335829257965087890625,-74.001519999999999299689079634845256805419921875,Entire home/apt,177,1
Large Three Bedroom Apartment near subway Brooklyn,44926625,Brooklyn,East Flatbush,40.6626899999999977808329276740550994873046875,-73.935259999999999536157702095806598663330078125,Entire home/apt,150,1
Amazing Location - Close to it all - King Bed,212164658,Queens,Flushing,40.75688000000000243971953750587999820709228515625,-73.8245600000000052887116908095777034759521484375,Entire home/apt,156,1
"New, Modern Apartment in Brooklyn *Hidden Gem*",365295082,Brooklyn,Cypress Hills,40.683549999999996771293808706104755401611328125,-73.8843700000000040972736314870417118072509765625,Entire home/apt,200,1
Lovely 1BD in Queens 5mins from JFK 20mins LGA,36573096,Queens,Howard Beach,40.6672879999999992151060723699629306793212890625,-73.852229999999991605363902635872364044189453125,Entire home/apt,96,1
Inspirational Creative Space,239351588,Brooklyn,Crown Heights,40.6676700000000010959411156363785266876220703125,-73.9318700000000035288394428789615631103515625,Entire home/apt,345,1
"Cheerful-1-Bedroom home, 7 min-JFK / 16 min-LGA",425941907,Queens,Springfield Gardens,40.66257999999999839246811461634933948516845703125,-73.764319999999997889972291886806488037109375,Entire home/apt,100,1
Cozy 1 Bedroom walking distance to Yankee Stadium,438883913,Bronx,Morrisania,40.82419999999999760120772407390177249908447265625,-73.9133000000000066620486904866993427276611328125,Entire home/apt,151,1
Luxury 1 Bedroom Suite with Private Outdoor Space,375394646,Queens,Rosedale,40.667743999999999005012796260416507720947265625,-73.7368949999999898636815487407147884368896484375,Entire home/apt,185,1
"spacious, lovely one bedroom",462518756,Queens,Astoria,40.76570000000000248974174610339105129241943359375,-73.920919999999995297912391833961009979248046875,Entire home/apt,150,1
Chic Upper East Side Studio Apartment,106282931,Manhattan,Upper East Side,40.77698000000000178033587872050702571868896484375,-73.9483800000000002228262019343674182891845703125,Entire home/apt,275,1
Floh: The epic boathouse experience (JFK),476379144,Queens,Howard Beach,40.652119999999996480255504138767719268798828125,-73.8385200000000025966073735617101192474365234375,Entire home/apt,607,1
Royalty place near JFK/LGA airport,48771484,Queens,Cambria Heights,40.68813000000000101863406598567962646484375,-73.7454800000000005866240826435387134552001953125,Entire home/apt,129,1
SoHo New Artist Loft w 15 Windows & Chefs Kitchen!,4132784,Manhattan,SoHo,40.7238100000000002864908310584723949432373046875,-74.0024599999999992405719240196049213409423828125,Entire home/apt,906,1
A lovely 2BR apt in a bright Soho townhouse.,48721735,Manhattan,SoHo,40.7253400000000027603164198808372020721435546875,-74.00384999999999990905052982270717620849609375,Entire home/apt,295,1
Entire Cozy Astoria Apartment,41185455,Queens,Astoria,40.76216294277391938294385909102857112884521484375,-73.924761690260339719316107220947742462158203125,Entire home/apt,116,1
Brooklyn sun drenched studio apartment!,402187116,Brooklyn,Bedford-Stuyvesant,40.6811900000000008503775461576879024505615234375,-73.9412999999999982492226990871131420135498046875,Entire home/apt,96,1
"3 Bedroom, Modern, Spacious, Prospect Park Apt",160882703,Brooklyn,Prospect-Lefferts Gardens,40.655868900000001531225279904901981353759765625,-73.9532834999999977299012243747711181640625,Entire home/apt,165,1
"The Hangar Suites 
Min to Jfk/LGA/UBS Arena/Casino",436048247,Queens,Jamaica,40.6716531000000003359673428349196910858154296875,-73.7762953999999950838173390366137027740478515625,Entire home/apt,172,1
Penthouse Living: Deluxe Duplex in the Sky,12639098,Brooklyn,South Slope,40.66495140000000674262992106378078460693359375,-73.987640099999993026358424685895442962646484375,Entire home/apt,375,1
Lovely 3 bedroom Garden apartment in a townhouse,466989452,Bronx,Longwood,40.81580999999999903593561612069606781005859375,-73.8988800000000054524207371287047863006591796875,Entire home/apt,204,1
Modern | Cozy | Stunning location,79923089,Brooklyn,Williamsburg,40.71225650000000229056240641511976718902587890625,-73.9662501999999904001015238463878631591796875,Entire home/apt,376,1
Cozy private studio with a gorgeous backyard,134599908,Queens,Kew Gardens Hills,40.72247999999999734654920757748186588287353515625,-73.8137200000000035515768104232847690582275390625,Entire home/apt,119,1
Beautiful 3-Bedroom Home In Brooklyn With Parking,367705043,Brooklyn,East Flatbush,40.6407999999999987039700499735772609710693359375,-73.9386300000000034060576581396162509918212890625,Entire home/apt,255,1
Lovely entire house across to Astoria park.,356380817,Queens,Ditmars Steinway,40.780958033337896040393388830125331878662109375,-73.918418549001216888427734375,Entire home/apt,229,1
Bright & Specious Apt close to Manhattan and LGA,457594429,Queens,East Elmhurst,40.762439999999998008206603117287158966064453125,-73.8851700000000022328094928525388240814208984375,Entire home/apt,172,1
Cozy 1-bedroom rental unit great getaway,445356945,Manhattan,Inwood,40.86740999999999957026375341229140758514404296875,-73.923799999999999954525264911353588104248046875,Entire home/apt,130,1
The Hill. Garden apt Near R.U.M.C,24580977,Staten Island,Tompkinsville,40.63439000000000334011929226107895374298095703125,-74.0892400000000037607605918310582637786865234375,Entire home/apt,140,1
CHEERFUL 1 BEDROOM WITH BACKYARD BBQ GRILL,27648573,Queens,Forest Hills,40.73370511283724937356964801438152790069580078125,-73.849409359748960923752747476100921630859375,Entire home/apt,168,1
Corner 1 - bedroom in tribeca,4335192,Manhattan,Civic Center,40.7153100000000023328539100475609302520751953125,-74.0048000000000030240698833949863910675048828125,Entire home/apt,471,1
C & J Blessed Family Nest,467903463,Brooklyn,Crown Heights,40.67947000000000201680450118146836757659912109375,-73.960070000000001755324774421751499176025390625,Entire home/apt,250,1
A tourist's dream! Sunny condo in the heart of NY,467596753,Manhattan,Chelsea,40.74925999999999959300112095661461353302001953125,-73.9952100000000001500666257925331592559814453125,Entire home/apt,167,1
Lovely 2 bedroom apartment with large balcony.,54122907,Queens,Maspeth,40.72272000000000247155185206793248653411865234375,-73.892930000000006884874892421066761016845703125,Entire home/apt,192,1
Lovely 1-bedroom in the heart of West Village,370170848,Manhattan,West Village,40.73700000000000187583282240666449069976806640625,-74.0022900000000021236701286397874355316162109375,Entire home/apt,350,1
Adorable 1bedroom cottage in Forest Hills,14368288,Queens,Forest Hills,40.71012999999999948386175674386322498321533203125,-73.845920000000006666596163995563983917236328125,Entire home/apt,200,1
Stylish and cozy 1BR in great Midtown location,433965914,Manhattan,Midtown,40.75636630163108264923721435479819774627685546875,-73.96774156508178066360414959490299224853515625,Entire home/apt,228,1
Lovely Studio next to Marine Park,30001439,Brooklyn,Midwood,40.6131280999999972891600918956100940704345703125,-73.9445697999999964622475090436637401580810546875,Entire home/apt,125,1
Lovely One Bedroom Apartment Rental in Queens NY,468146584,Queens,Flushing,40.7273526999999972986188367940485477447509765625,-73.81068329999999377832864411175251007080078125,Entire home/apt,84,1
Lovely studio in New York City,467064305,Manhattan,Upper West Side,40.77742582020670880638135713525116443634033203125,-73.978621676658377737112459726631641387939453125,Entire home/apt,279,1
1 Modern One Bedroom suite in Queens near all !,180277260,Queens,Ozone Park,40.68272999999999939291228656657040119171142578125,-73.8369200000000063255356508307158946990966796875,Entire home/apt,73,1
Entire Apartment Bright & Beautiful Brooklyn 1 Bed,328859297,Brooklyn,Flatbush,40.64448999999999756482793600298464298248291015625,-73.9646900000000044883563532494008541107177734375,Entire home/apt,183,1
Sun drenched 1B/1B in the heart of Williamsburg,3887151,Brooklyn,Williamsburg,40.71832763778240149576959083788096904754638671875,-73.961739759690317441709339618682861328125,Entire home/apt,250,1
Lovely 1 bedroom apartment with cozy bed near JFK,467008899,Queens,Jamaica,40.681896899999998140629031695425510406494140625,-73.799872399999998151542968116700649261474609375,Entire home/apt,101,1
Stylish hip 1 bed in Wlmsbrg 1 stop to Manhttn,454333811,Brooklyn,Williamsburg,40.71795999999999793317329022102057933807373046875,-73.95720000000000027284841053187847137451171875,Entire home/apt,499,1
Central & Stylish 3BR | Steps to Subway & Cafes!,475785151,Brooklyn,Crown Heights,40.67128000000000298541635856963694095611572265625,-73.944580000000001973603502847254276275634765625,Entire home/apt,270,1
"Modern 1BR, Prime Location, Laundry in-unit (free)",9525999,Manhattan,Chinatown,40.71515000000000128466126625426113605499267578125,-73.9974500000000006139089236967265605926513671875,Entire home/apt,179,1
Lovely 2bed Apt 10 Minutes From Time Square,166286543,Queens,Sunnyside,40.739699999999999135980033315718173980712890625,-73.9152600000000035151970223523676395416259765625,Entire home/apt,105,1
Luxury 1 bedroom Jacuzzi with TV and pool table,476302196,Bronx,Wakefield,40.89574999999999960209606797434389591217041015625,-73.8417500000000046611603465862572193145751953125,Entire home/apt,199,1
Charming duplex mins from UBS Arena - King Bed,38555920,Queens,Bellerose,40.72952310000000153422661242075264453887939453125,-73.7327305000000023937900550663471221923828125,Entire home/apt,245,1
New Listing! Cozy Modern 1br Apartment - Just 10 Mins from Jfk Airport,414646580,Queens,Springfield Gardens,40.6662000000000034560798667371273040771484375,-73.76519999999999299689079634845256805419921875,Entire home/apt,156,1
Crown Heights Luxe | 5BR Duplex | Steps to Subway!,475785151,Brooklyn,Crown Heights,40.66944000000000158934199134819209575653076171875,-73.943319999999999936335370875895023345947265625,Entire home/apt,300,1
Cozy 1BR rental in NYC! Lenox Hill!,346223188,Manhattan,Upper East Side,40.76028000000000162117430591024458408355712890625,-73.9609999999999985220711096189916133880615234375,Entire home/apt,350,1
Spacious 1-bedroom urban oasis with study,54433895,Manhattan,Washington Heights,40.849750000000000227373675443232059478759765625,-73.939490000000006375557859428226947784423828125,Entire home/apt,248,1
Stylish Designer! One Of A Kind Themed Fun House!,130186976,Queens,St. Albans,40.692509999999998626663000322878360748291015625,-73.756519999999994752215570770204067230224609375,Entire home/apt,134,1
Luxury loft in Brooklyn,468078621,Brooklyn,Greenpoint,40.73702999999999718738763476721942424774169921875,-73.9575399999999945066520012915134429931640625,Entire home/apt,300,1
Lovely one bedroom apartment in Brooklyn.,444413982,Brooklyn,East New York,40.6644399999999990313881426118314266204833984375,-73.896850000000000591171556152403354644775390625,Entire home/apt,152,1
⭐️ ⭐️ ⭐️ ⭐️ ⭐️ Standard One bedroom apartment in Queens,26585911,Queens,Jamaica,40.6836899999999985766407917253673076629638671875,-73.7639099999999956480678520165383815765380859375,Entire home/apt,75,1
Lovely 2 bedroom near JFK w/ private parking,18511925,Queens,Jamaica,40.67996000000000123009158414788544178009033203125,-73.7896700000000009822542779147624969482421875,Entire home/apt,175,1
2 bedroom w/balcony. 3 min walk to train,81015025,Brooklyn,Bedford-Stuyvesant,40.68008999999999986130205797962844371795654296875,-73.9480800000000044747139327228069305419921875,Entire home/apt,129,1
Spacious Lovely 1 Bedroom In Brooklyn!,467087651,Brooklyn,Gravesend,40.59602000000000288082446786575019359588623046875,-73.9948399999999963938535074703395366668701171875,Entire home/apt,154,1
Super-modern Work/Relax Apt with luxury amenities,315952485,Manhattan,Upper East Side,40.773110000000002628439688123762607574462890625,-73.94859999999999899955582804977893829345703125,Entire home/apt,149,1
1-Bedroom apartment in Queens / private entrance,461257467,Queens,Forest Hills,40.7293700000000029604052542708814144134521484375,-73.851370000000002846718416549265384674072265625,Entire home/apt,169,1
Lovely cellar studio apartment at the Bronx,454029808,Bronx,Baychester,40.87027519999998759203663212247192859649658203125,-73.8386785999999943896909826435148715972900390625,Entire home/apt,116,1
Cozy ENTIRe apartment-up to 8ppl-Manhattan/NYC/TSQ,16480700,Manhattan,Harlem,40.8194404460138002832536585628986358642578125,-73.953902162611484527587890625,Entire home/apt,249,1
Lovely Studio w/ Petit Balcony.,466726792,Brooklyn,Williamsburg,40.7089797000000004345565685071051120758056640625,-73.960435300000000324871507473289966583251953125,Entire home/apt,161,1
"Cheerful 2Bd  Minutes to JFK ,LGA/City/shopp/HWays",467249780,Queens,Richmond Hill,40.6814200000000028012436814606189727783203125,-73.823250000000001591615728102624416351318359375,Entire home/apt,136,1
Cozy studio apartment in BedStuy,9787976,Brooklyn,Bedford-Stuyvesant,40.68712000000000017507773009128868579864501953125,-73.922830000000004702087608166038990020751953125,Entire home/apt,150,1
Lovely 2-bedroom - Cozy - Modern,79923089,Brooklyn,Williamsburg,40.71312999999999959754859446547925472259521484375,-73.967389999999994643076206557452678680419921875,Entire home/apt,267,1
Brooklyn bright studio apartment!,402187116,Brooklyn,Bedford-Stuyvesant,40.68124999999999857891452847979962825775146484375,-73.9393199999999950478013488464057445526123046875,Entire home/apt,116,1
3-Bedroom in Central Flushing. Spacious Exquisite,45400201,Queens,Flushing,40.7580200000000019144863472320139408111572265625,-73.816339999999996734914020635187625885009765625,Entire home/apt,316,1
Shoreham Hotel - Hip Unit right in heart of NYC!,423873487,Manhattan,Midtown,40.76169999999999760120772407390177249908447265625,-73.975269999999994752215570770204067230224609375,Entire home/apt,193,1
Lovely Unshared 1 bedroom Canopy with BBQ Grill,424446457,Manhattan,Harlem,40.81638000000000232603269978426396846771240234375,-73.9377999999999957481122692115604877471923828125,Entire home/apt,174,1
Beautiful Manhattan Studio  Walking Time Square#56,345231956,Manhattan,Midtown,40.7476199999999977308107190765440464019775390625,-73.988730000000003883542376570403575897216796875,Entire home/apt,102,1
Shoreham Hotel - Chic Unit near Central Park,423873487,Manhattan,Midtown,40.76183999999999940655470709316432476043701171875,-73.97575000000000500222085975110530853271484375,Entire home/apt,197,1
2021 built 1 bedroom condo in Greenpoint/Brooklyn.,24740457,Brooklyn,Greenpoint,40.73261000000000109366737888194620609283447265625,-73.9566200000000009140421752817928791046142578125,Entire home/apt,172,1
"Modern 2BR Apt - 10 to LGA, Wi-Fi & Amenities",420975523,Queens,Maspeth,40.73564999999999969304553815163671970367431640625,-73.8951100000000025147528504021465778350830078125,Entire home/apt,86,1
Cozy Private Suite in Brooklyn,170482956,Brooklyn,Sunset Park,40.66056999999999987949195201508700847625732421875,-73.993210000000004811226972378790378570556640625,Entire home/apt,265,1
My cozy place on Franklin,19306238,Brooklyn,Crown Heights,40.6709000000000031604940886609256267547607421875,-73.9567100000000010595613275654613971710205078125,Entire home/apt,175,1
Artsy 2 BR in Brownstone. w large yard w/fire pit,192425097,Brooklyn,Crown Heights,40.6724200000000024601831682957708835601806640625,-73.953890000000001236912794411182403564453125,Entire home/apt,193,1
Love SUITE & SPA | HOT TUB next to JFK,92900025,Queens,Laurelton,40.68395000000000294448909698985517024993896484375,-73.746319999999997207851265557110309600830078125,Entire home/apt,118,1
The Gardens Inn,329967443,Queens,Springfield Gardens,40.66915999999999797864802530966699123382568359375,-73.7645700000000061891114455647766590118408203125,Entire home/apt,97,1
A Stone’s Throw Bungalow,308692530,Queens,Rockaway Beach,40.5851499999999987267074175179004669189453125,-73.81517999999999801730155013501644134521484375,Entire home/apt,239,1
Spacious  Apartment With City Views for 7 ppl # 10,345231956,Manhattan,Midtown,40.74652999999999991587174008600413799285888671875,-73.9887800000000055433702073059976100921630859375,Entire home/apt,140,1
Exquisite Duplex by the Beach,423653399,Queens,Far Rockaway,40.59729999999999705551090301014482975006103515625,-73.747119999999995343387126922607421875,Entire home/apt,157,1
1 bedroom apartment in Harlem near Central Park,423206065,Manhattan,Harlem,40.80194000000000187355908565223217010498046875,-73.9522300000000001318767317570745944976806640625,Entire home/apt,162,1
"Whitestone, NYC- suite with private kitchen & bath",173999598,Queens,Whitestone,40.78654999999999830606611794792115688323974609375,-73.82432000000000016370904631912708282470703125,Entire home/apt,108,1
Charming /Pet Friendly  Studio Next To 5th Ave #54,343450886,Manhattan,Midtown,40.74680000000000035242919693700969219207763671875,-73.988640000000003738023224286735057830810546875,Entire home/apt,101,1
Cozy Studio in New York’s Upper East,222232146,Manhattan,Upper East Side,40.76776000000000266254573944024741649627685546875,-73.9528499999999979763742885552346706390380859375,Entire home/apt,150,1
Leave Earth and Sleep on the Surface of Mars!,33124160,Manhattan,West Village,40.73863000000000056388671509921550750732421875,-74.004130000000003519744495861232280731201171875,Entire home/apt,1000,1
Modern Midtown Studio,4039777,Manhattan,Kips Bay,40.7412800000000032696334528736770153045654296875,-73.979860000000002173692337237298488616943359375,Entire home/apt,110,1
2 Bedroom Close To Subway!,9289171,Brooklyn,Crown Heights,40.66615999999999786496118758805096149444580078125,-73.9328799999999972669684211723506450653076171875,Entire home/apt,110,1
Shoreham Hotel - Modern Unit right in NYC!,423873487,Manhattan,Midtown,40.76346000000000202589944819919764995574951171875,-73.9766699999999985948306857608258724212646484375,Entire home/apt,201,1
Shoreham Hotel - Petite King Room,423873487,Manhattan,Midtown,40.76310000000000144382283906452357769012451171875,-73.97723999999999477950041182339191436767578125,Entire home/apt,227,1
Shoreham Hotel - Petite Unit Close to Landmarks,423873487,Manhattan,Midtown,40.76350000000000051159076974727213382720947265625,-73.9753699999999980718712322413921356201171875,Entire home/apt,202,1
Shoreham Hotel - Chic Unit in Unrivaled Location,423873487,Manhattan,Midtown,40.7620500000000021145751816220581531524658203125,-73.9773100000000027876012609340250492095947265625,Entire home/apt,210,1
Shoreham Hotel - Amazing Room in an Unrivaled Loc,423873487,Manhattan,Midtown,40.76145000000000351292328559793531894683837890625,-73.9760700000000070986061473377048969268798828125,Entire home/apt,194,1
Shoreham Hotel -  Modern Unit in a Prime Location,423873487,Manhattan,Midtown,40.76346000000000202589944819919764995574951171875,-73.9768600000000020600054995156824588775634765625,Entire home/apt,199,1
Shoreham Hotel - Awesome Unit in the heart of NYC!,423873487,Manhattan,Midtown,40.761560000000002901288098655641078948974609375,-73.9756399999999985084286890923976898193359375,Entire home/apt,206,1
Shoreham Hotel - Cool Unit in Midtown Manhattan,423873487,Manhattan,Midtown,40.7634800000000012687451089732348918914794921875,-73.9754300000000029058355721645057201385498046875,Entire home/apt,199,1
National at 888 Sixth Avenue - Studio,425502493,Manhattan,Midtown,40.74730000000000273985278909094631671905517578125,-73.9892300000000062709659687243402004241943359375,Entire home/apt,123,1
Guest Bedroom Queen Bed at Courtyard New York Manhattan/Fifth Avenue,414221490,Manhattan,Murray Hill,40.75135999999999825149643584154546260833740234375,-73.9801700000000010959411156363785266876220703125,Entire home/apt,499,1
Shoreham Hotel - Hidden Retreat in Heart of NYC,423873487,Manhattan,Midtown,40.7614999999999980673237587325274944305419921875,-73.9775000000000062527760746888816356658935546875,Entire home/apt,203,1
Shoreham Hotel - Stylish Room in Midtown Manhattan,423873487,Manhattan,Midtown,40.76180000000000092086338554508984088897705078125,-73.9757900000000034879121812991797924041748046875,Entire home/apt,211,1
Shoreham Hotel - Petite Room in Midtown Manhattan,423873487,Manhattan,Midtown,40.76333000000000339468897436745464801788330078125,-73.9755300000000062254912336356937885284423828125,Entire home/apt,191,1
Shoreham Hotel - Stylish Unit in the Heart of NYC,423873487,Manhattan,Midtown,40.76192999999999955207385937683284282684326171875,-73.975539999999995188773027621209621429443359375,Entire home/apt,214,1
Superior King in downtown Manhattan,411740512,Manhattan,Lower East Side,40.71860769999999973833837429992854595184326171875,-73.989780400000000781801645644009113311767578125,Entire home/apt,156,1
Queens 2BR Apartment Wi-Fi & Balcony - 10 to LGA,420975523,Queens,Maspeth,40.73709000000000202135197469033300876617431640625,-73.8963700000000045520209823735058307647705078125,Entire home/apt,92,1
Shoreham Hotel - Modern Room in a Peaceful Oasis,423873487,Manhattan,Midtown,40.76272999999999768760972074232995510101318359375,-73.975200000000000954969436861574649810791015625,Entire home/apt,213,1
Shoreham Hotel - Petite Chic Unit in Manhattan,423873487,Manhattan,Midtown,40.76362000000000307409209199249744415283203125,-73.97660999999999376086634583771228790283203125,Entire home/apt,201,1
Shoreham Hotel - Petite Unit right in NYC!,423873487,Manhattan,Midtown,40.76272999999999768760972074232995510101318359375,-73.9774900000000030786395655013620853424072265625,Entire home/apt,219,1
Shoreham Hotel - Petite Touchless Unit,423873487,Manhattan,Midtown,40.76145000000000351292328559793531894683837890625,-73.977519999999998390194377861917018890380859375,Entire home/apt,195,1
Shoreham Hotel - Hip Boutique Hotel Petite Unit,423873487,Manhattan,Midtown,40.76223999999999847432263777591288089752197265625,-73.9772999999999996134647517465054988861083984375,Entire home/apt,195,1
Shoreham Hotel - Petite Unit near Iconic Landmarks,423873487,Manhattan,Midtown,40.761470000000002755768946371972560882568359375,-73.9772999999999996134647517465054988861083984375,Entire home/apt,226,1
Shoreham Hotel - Touchless Petite Unit in NYC,423873487,Manhattan,Midtown,40.7636499999999983856469043530523777008056640625,-73.9757000000000033423930290155112743377685546875,Entire home/apt,210,1
Shoreham Hotel - Touchless Petite Modern Unit,423873487,Manhattan,Midtown,40.7616900000000015324985724873840808868408203125,-73.975200000000000954969436861574649810791015625,Entire home/apt,194,1
Shoreham Hotel - Petite Room in Heart of Midtown!,423873487,Manhattan,Midtown,40.7622199999999992314769770018756389617919921875,-73.975359999999994897734723053872585296630859375,Entire home/apt,211,1
Shoreham Hotel - Petite Hip Unit near Central Park,423873487,Manhattan,Midtown,40.763519999999999754436430521309375762939453125,-73.975539999999995188773027621209621429443359375,Entire home/apt,215,1
Shoreham Hotel - Gorgeous Unit in Midtown,423873487,Manhattan,Midtown,40.7618700000000018235368770547211170196533203125,-73.9775599999999968758856994099915027618408203125,Entire home/apt,194,1
Shoreham Hotel - Comfortable Unit in Midtown,423873487,Manhattan,Midtown,40.763069999999999026840669102966785430908203125,-73.977540000000004738467396236956119537353515625,Entire home/apt,194,1
Superior King + S/Balcony in downtown Manhattan,411740512,Manhattan,Lower East Side,40.71860769999999973833837429992854595184326171875,-73.989780400000000781801645644009113311767578125,Entire home/apt,227,1
Entire basement to yourself!,27554902,Brooklyn,Flatlands,40.62169000000000096406438387930393218994140625,-73.9240999999999957026375341229140758514404296875,Entire home/apt,90,1
4 Bedroom...Close To Subway,9289171,Brooklyn,Crown Heights,40.67157999999999873352862778119742870330810546875,-73.929630000000003064997144974768161773681640625,Entire home/apt,251,1
Beautiful Redone 3 Bedroom.Close To Subway,9289171,Brooklyn,Crown Heights,40.671289999999999054125510156154632568359375,-73.9276799999999951751306070946156978607177734375,Entire home/apt,174,1
Eclectic Houseboat Minutes From the Beach,17412395,Queens,Arverne,40.59385999999999938836481305770576000213623046875,-73.788759999999996352926245890557765960693359375,Entire home/apt,146,1
Essex House - Central Park Condo,36793116,Manhattan,Midtown,40.76624000000000336285665980540215969085693359375,-73.97966999999999870851752348244190216064453125,Entire home/apt,325,1
NICE 1 BEDROOM IN FOREST HILLS UP TO 5 PEOPLE,91016269,Queens,Forest Hills,40.7324100000000015597834135405719280242919921875,-73.8490000000000037516656448133289813995361328125,Entire home/apt,108,1
Standard Apartment,247900596,Manhattan,Harlem,40.80548999999999892906998866237699985504150390625,-73.9481999999999999317878973670303821563720703125,Entire home/apt,295,1
Maurice & Julia Entire Guest House Near JFK & LGA,217621677,Queens,Jamaica,40.68707299999999804640538059175014495849609375,-73.7754900000000048976289690472185611724853515625,Entire home/apt,100,1
Explore Midtown Studio Near Empire State Building,341752262,Manhattan,Midtown,40.74822000000000343788997270166873931884765625,-73.987470000000001846274244599044322967529296875,Entire home/apt,991,1
NYC Style Superior Family Studio,341752262,Manhattan,Chelsea,40.748300000000000409272615797817707061767578125,-73.988910000000004174580681137740612030029296875,Entire home/apt,991,1
Broadway Location Midtown Studio,341752262,Manhattan,Midtown,40.74810999999999694409780204296112060546875,-73.986639999999994188328855670988559722900390625,Entire home/apt,991,1
Magnificent Location Midtown Studio,341752262,Manhattan,Midtown,40.74804999999999921556081972084939479827880859375,-73.9886699999999990495780366472899913787841796875,Entire home/apt,991,1
ENTIRE BEAUTIFUL FULLY FURNISHED 1 BRD,370972093,Brooklyn,Williamsburg,40.70682000000000044792614062316715717315673828125,-73.9601100000000002410160959698259830474853515625,Entire home/apt,195,1
2 bedroom basement by LaGuardia airport,404960164,Queens,East Elmhurst,40.76216000000000150293999467976391315460205078125,-73.8821899999999942565409583039581775665283203125,Entire home/apt,91,1
Bright & Cozy Basement space in Brooklyn🌃,405009589,Brooklyn,East Flatbush,40.64162999999999925648808130063116550445556640625,-73.930329999999997880877344869077205657958984375,Entire home/apt,100,1
"Modern, Cozy, Couple's Suite Near Bronx Zoo",342223816,Bronx,Van Nest,40.8431700000000006411937647499144077301025390625,-73.8657500000000055706550483591854572296142578125,Entire home/apt,105,1
Beautiful 3 Bedroom home with Decks front and  ba,27863482,Bronx,Mott Haven,40.8087900000000018962964531965553760528564453125,-73.9141300000000001091393642127513885498046875,Entire home/apt,380,1
"Lovely open concept loft near subway, restaurants.",249681695,Queens,Astoria,40.76809999999999689634933019988238811492919921875,-73.9198200000000014142642612569034099578857421875,Entire home/apt,150,1
1 Bedroom Apartment near Casino in Ozone Park NY.,298747627,Queens,Ozone Park,40.68263999999999924739313428290188312530517578125,-73.8522099999999994679455994628369808197021484375,Entire home/apt,121,1
Brownstone-Morningside Heights-Harlem,11369454,Manhattan,Harlem,40.81060000000000087538865045644342899322509765625,-73.953069999999996753103914670646190643310546875,Entire home/apt,172,1
Private home w/terrace near subway in Forest Hills,9041334,Queens,Forest Hills,40.7219199999999972305886331014335155487060546875,-73.85611000000000103682396002113819122314453125,Entire home/apt,224,1
CITY VIEWS +OUTDOOR SPACE/BREAKFAST/COFFEE/PEACE,3722715,Brooklyn,Bedford-Stuyvesant,40.690190000000001191438059322535991668701171875,-73.9532099999999985584508976899087429046630859375,Entire home/apt,300,1
Lovely Nolita flat steps from Soho,32924585,Manhattan,Little Italy,40.71697999999999950659912428818643093109130859375,-73.9979699999999951387508190236985683441162109375,Entire home/apt,436,1
"Quaint & Spacious Brooklyn, Greenpoint Apartment",406163945,Brooklyn,Greenpoint,40.72957000000000249428921961225569248199462890625,-73.957400000000006912159733474254608154296875,Entire home/apt,278,1
Nickie's Place: A comfy and chic studio for 2,180746404,Queens,Hollis,40.70579000000000036152414395473897457122802734375,-73.7723600000000061527316574938595294952392578125,Entire home/apt,120,1
Apartment in Queens near JFK,388071431,Queens,South Ozone Park,40.6714300000000008594724931754171848297119140625,-73.7903500000000036607161746360361576080322265625,Entire home/apt,115,1
New! Queen Suite | Kitchenette | Gym |near Stadium,30283594,Bronx,Mott Haven,40.81184799999999768260749988257884979248046875,-73.9296649999999999636202119290828704833984375,Entire home/apt,123,1
Lovely 1 bd highrise rental with gorgeous view,32159799,Brooklyn,Fort Greene,40.688659999999998717612470500171184539794921875,-73.9776800000000065438143792562186717987060546875,Entire home/apt,108,1
Condo in the heart of Harlem!,204855081,Manhattan,Harlem,40.8056600000000031513991416431963443756103515625,-73.9497899999999930287231109105050563812255859375,Entire home/apt,200,1
The Sunset Three,388575050,Brooklyn,Sunset Park,40.6456400000000002137312549166381359100341796875,-74.018640000000004874891601502895355224609375,Entire home/apt,164,1
Affordable stay w nearby st parking/transportation,425209831,Queens,Jamaica,40.70011000000000223053575609810650348663330078125,-73.7940100000000001045918907038867473602294921875,Entire home/apt,72,1
Lovely 1 Bedroom Apartment with Huge outdoor space,366337052,Brooklyn,Bedford-Stuyvesant,40.6801600000000007639755494892597198486328125,-73.9316900000000032378011383116245269775390625,Entire home/apt,157,1
The Bed-Stuy Suite,388575050,Brooklyn,Bedford-Stuyvesant,40.68650000000000233058017329312860965728759765625,-73.928799999999995407051756046712398529052734375,Entire home/apt,200,1
CHARM and COZY*5TH FLOOR*STUDIO FOR 6 PEOPLE,32908315,Manhattan,Midtown,40.7483399999999988949639373458921909332275390625,-73.98817999999999983629095368087291717529296875,Entire home/apt,183,1
1-bedroom rental unit in Maspeth Queens,424163498,Queens,Maspeth,40.71540999999999854708221391774713993072509765625,-73.912180000000006430127541534602642059326171875,Entire home/apt,122,1
Peace and Brooklyn,422978002,Brooklyn,Flatbush,40.65057999999999793772076372988522052764892578125,-73.9576699999999931378624751232564449310302734375,Entire home/apt,100,1
NEW LISTING! Airstream Forest with Hot Tub/BBQ,422581359,Brooklyn,Columbia St,40.68475000000000108002495835535228252410888671875,-74.0045199999999994133759173564612865447998046875,Entire home/apt,285,1
Centrally Located Spacious 3 Bed/ Uptown Manhattan,213012532,Manhattan,Washington Heights,40.850020000000000663931132294237613677978515625,-73.93936999999999670762917958199977874755859375,Entire home/apt,262,1
Great 1-bedroom with a private balcony,47653589,Brooklyn,Fort Greene,40.68712000000000017507773009128868579864501953125,-73.9791100000000056979843066073954105377197265625,Entire home/apt,175,1
The Healthy Creative's 2-bedroom in Brooklyn,170660006,Brooklyn,Crown Heights,40.6657799999999980400389176793396472930908203125,-73.9523899999999940746420179493725299835205078125,Entire home/apt,171,1
Queens 2BR Apartment Wi-Fi & Amenities - 10 to LGA,420975523,Queens,Maspeth,40.7350899999999995770849636755883693695068359375,-73.8953499999999934289007796905934810638427734375,Entire home/apt,89,1
Cozy luxury 1-bedroom New York apartment,425058817,Manhattan,East Harlem,40.80051999999999878809830988757312297821044921875,-73.9353100000000011959855328314006328582763671875,Entire home/apt,180,1
Duplex Event Loft | Celebration/Meeting/Photoshoot,348619646,Manhattan,Midtown,40.74627000000000265345079242251813411712646484375,-73.9874300000000033605829230509698390960693359375,Entire home/apt,750,1
Signature Lofty Studio in Prime Midtown Location,348619646,Manhattan,Midtown,40.74831999999999965211827657185494899749755859375,-73.9880399999999980309439706616103649139404296875,Entire home/apt,750,1
Untitled at Freeman - Untitled King,158969505,Manhattan,Lower East Side,40.72111000000000302634362014941871166229248046875,-73.9917099999999976489561959169805049896240234375,Entire home/apt,144,1
"3 Bedrooms - Spacious, Sunny Central Park North",402215343,Manhattan,Harlem,40.79967880249024148042735760100185871124267578125,-73.95464324951171875,Entire home/apt,300,1
Guest Bedroom 2 Double Beds at Courtyard New York Manhattan/Fifth Avenue,414221490,Manhattan,Midtown,40.751429999999999154169927351176738739013671875,-73.9804500000000047066350816749036312103271484375,Entire home/apt,499,1
Nice flat Grand Central Station,79060345,Manhattan,Midtown,40.7468999999999965666575008071959018707275390625,-73.986660000000000536601874046027660369873046875,Entire home/apt,137,1
Cozy East Village Studio,391267817,Manhattan,East Village,40.7275700000000000500222085975110530853271484375,-73.9810599999999993769961292855441570281982421875,Entire home/apt,180,1
"Lovely Event Space in Astoria, Queens.",415883533,Queens,Astoria,40.76295999999999963847585604526102542877197265625,-73.91590999999999667124939151108264923095703125,Entire home/apt,671,1
Shoreham Hotel - Modern Unit near Times Square,423873487,Manhattan,Midtown,40.76301000000000129830368678085505962371826171875,-73.977429999999998244675225578248500823974609375,Entire home/apt,211,1
Shoreham Hotel - Inclusive Unit in Manhattan,423873487,Manhattan,Midtown,40.76203000000000287172952084802091121673583984375,-73.9755200000000030513547244481742382049560546875,Entire home/apt,197,1
Luxury Family Suite with Patio,411740512,Manhattan,Lower East Side,40.719639999999998281055013649165630340576171875,-73.990669999999994388417690061032772064208984375,Entire home/apt,397,1
A+ Location Deluxe Family Studio (3 Beds),348619646,Manhattan,Midtown,40.74808999999999770125214126892387866973876953125,-73.9885199999999940700945444405078887939453125,Entire home/apt,158,1
Beautiful Studio Apt (your home away from home),420019170,Bronx,Morrisania,40.832210000000003446984919719398021697998046875,-73.900069999999999481588019989430904388427734375,Entire home/apt,111,1
Cobble hill 3 bedroom,21650611,Brooklyn,Carroll Gardens,40.6827614284026566338070551864802837371826171875,-73.9917984755608557634332100860774517059326171875,Entire home/apt,235,1
LUXURY Music Studio BNB,301831302,Manhattan,Washington Heights,40.8310000000000030695446184836328029632568359375,-73.94101000000000567524693906307220458984375,Entire home/apt,775,1
⭐️⭐️⭐️⭐️Modern Manhattan Flat Near Central Park,394880853,Manhattan,East Harlem,40.7975100000000026057023205794394016265869140625,-73.933279999999996334736351855099201202392578125,Entire home/apt,84,1
Entire 2 bedroom modern apt-4 min to Lga airport,342002500,Queens,East Elmhurst,40.76608999999999838337316759862005710601806640625,-73.875820000000004483808879740536212921142578125,Entire home/apt,96,1
Newly Renovated One Bedroom Apartment,180277260,Queens,Ozone Park,40.6842400000000026238922146148979663848876953125,-73.8375199999999978217601892538368701934814453125,Entire home/apt,100,1
"Spacious, Sunlit Limestone 1 br",25856942,Brooklyn,Bedford-Stuyvesant,40.686340000000001282387529499828815460205078125,-73.932919999999995752659742720425128936767578125,Entire home/apt,160,1
Modern waterfront apartment,6702683,Brooklyn,Williamsburg,40.71065999999999718284016125835478305816650390625,-73.9675600000000059708327171392738819122314453125,Entire home/apt,399,1
Event Space for Rental,89113604,Manhattan,Chelsea,40.7491500000000002046363078989088535308837890625,-73.992379999999997153281583450734615325927734375,Entire home/apt,1450,1
♥ BEST PRICE ♥ Great Spot ♥ of Flushing | King Bed,212164658,Queens,Flushing,40.75636999999999687815943616442382335662841796875,-73.825860000000005811671144329011440277099609375,Entire home/apt,155,1
Lovely NYC Apt★LaGuardia ✈️ 15 min |♛King Bed,421638103,Manhattan,East Harlem,40.8003700000000009140421752817928791046142578125,-73.9433800000000047702997107990086078643798828125,Entire home/apt,237,1
Cozy pet-friendly one bedroom apartment.,314036011,Staten Island,Woodrow,40.53777000000000185764292837120592594146728515625,-74.206739999999996371116139926016330718994140625,Entire home/apt,109,1
Big two bedroom in South Brooklyn,394970040,Brooklyn,Gravesend,40.58999000000000023646862246096134185791015625,-73.9703300000000041336534195579588413238525390625,Entire home/apt,199,1
Queens 2BR Apartment Wi-Fi & Amenities - 10 to LGA,420975523,Queens,Maspeth,40.73729999999999762394509161822497844696044921875,-73.8962800000000044065018300898373126983642578125,Entire home/apt,86,1
Untitled at 3 Freeman - Large Freeman Queen (ADA),158969505,Manhattan,Nolita,40.72238999999999720103005529381334781646728515625,-73.9936100000000038789949030615389347076416015625,Entire home/apt,213,1
"Lovely petite studio, walk to  LIRR & Bell Blvd.",234572569,Queens,Bayside,40.761539999999996553015080280601978302001953125,-73.77384000000000696672941558063030242919921875,Entire home/apt,91,1
☀Bright & Modern | Rooftop w/ BBQ | ☀Sunny Balcony,419181958,Brooklyn,Prospect-Lefferts Gardens,40.660179999999996880433172918856143951416015625,-73.9399499999999960664354148320853710174560546875,Entire home/apt,177,1
"1 Bedroom Apt | Placemakr Wall Street, NYC",420415528,Manhattan,Financial District,40.7047079999999965593815431930124759674072265625,-74.0064239999999955443854560144245624542236328125,Entire home/apt,414,1
The posh family friendly and corporate getaway!,63103263,Manhattan,Washington Heights,40.84788999999999958845364744774997234344482421875,-73.9289399999999972123987390659749507904052734375,Entire home/apt,110,1
Deluxe Double Queen +Balcony in downtown Manhattan,411740512,Manhattan,Lower East Side,40.71860769999999973833837429992854595184326171875,-73.989780400000000781801645644009113311767578125,Entire home/apt,270,1
Deluxe King  in the heart of downtown Manhattan,411740512,Manhattan,Lower East Side,40.71860769999999973833837429992854595184326171875,-73.989780400000000781801645644009113311767578125,Entire home/apt,198,1
Quintessential King Suite with a Private Balcony,411740512,Manhattan,Lower East Side,40.71860769999999973833837429992854595184326171875,-73.989780400000000781801645644009113311767578125,Entire home/apt,386,1
Susanna's Suite Spot's C,173857407,Brooklyn,East New York,40.660777097626493059578933753073215484619140625,-73.86013661485623060798388905823230743408203125,Entire home/apt,150,1
Brooklyn sleek studio apartment!,402187116,Brooklyn,Bedford-Stuyvesant,40.6834300000000013142198440618813037872314453125,-73.9410299999999978126652422361075878143310546875,Entire home/apt,118,1
Beach oasis short walk from beach w/ new backyard,469110412,Queens,Arverne,40.59702099258617380428404430858790874481201171875,-73.79650607672118667323957197368144989013671875,Entire home/apt,129,1
Entire Second floor Apartment and backyard  in NYC,415537080,Queens,Jamaica,40.70273999999999858800947549752891063690185546875,-73.779439999999993915480445139110088348388671875,Entire home/apt,130,1
Cozy 2 bedroom,460132111,Bronx,Wakefield,40.8875699999999966394170769490301609039306640625,-73.8643799999999970395947457291185855865478515625,Entire home/apt,71,1
Lovely 1 bedroom unit,417740213,Brooklyn,Bedford-Stuyvesant,40.684899999999998954081092961132526397705078125,-73.920929999999998472048901021480560302734375,Entire home/apt,104,1
A peaceful get away to enjoy your time,459046645,Brooklyn,Bergen Beach,40.6222384000000005244146450422704219818115234375,-73.9117095999999946798197925090789794921875,Entire home/apt,194,1
Entire one bedroom apartment with private entrance,469272984,Queens,Richmond Hill,40.69279999999999830606611794792115688323974609375,-73.82747000000000525687937624752521514892578125,Entire home/apt,87,1
Unique gem in the Bronx!,468736006,Bronx,Mott Haven,40.81048539999999746896719443611800670623779296875,-73.9285828999999949928678688593208789825439453125,Entire home/apt,225,1
"Entire Apartment in Queens (JFK, Casino, Wi-Fi)",435821587,Queens,Jamaica,40.68413000000000323552740155719220638275146484375,-73.7964199999999976853359839878976345062255859375,Entire home/apt,63,1
Kosher apartment in Crown Height,279333303,Brooklyn,Crown Heights,40.66485636254140700884818215854465961456298828125,-73.9369990707433686338845291174948215484619140625,Entire home/apt,180,1
Untitled at 3 Freeman  - Studio Queen,158969505,Manhattan,Lower East Side,40.72082000000000334694050252437591552734375,-73.9915199999999941837813821621239185333251953125,Entire home/apt,121,1
Backyard Individule 2 Bedroom15 mins toTimesSquare,469080688,Queens,Maspeth,40.73812000000000210775397135876119136810302734375,-73.9015700000000066438587964512407779693603515625,Entire home/apt,165,1
Stuyvesant Heights Lovely 2 Bedroom Rental,380391096,Brooklyn,Bedford-Stuyvesant,40.68528520000000270329110207967460155487060546875,-73.93099929999999631036189384758472442626953125,Entire home/apt,500,1
Beautiful spacious studio apartment in Queens,19688038,Queens,Jackson Heights,40.75413999999999958845364744774997234344482421875,-73.8824599999999946930984151549637317657470703125,Entire home/apt,101,1
Cozy & Chic Upper Manhattan Retreat,74055474,Manhattan,Harlem,40.82543580000000105201252154074609279632568359375,-73.94543079999999690699041821062564849853515625,Entire home/apt,125,1
Comfy stay on Greene Ave,440143258,Brooklyn,Bedford-Stuyvesant,40.688223542588303871525567956268787384033203125,-73.95477178425647935000597499310970306396484375,Entire home/apt,147,1
Budget garage studio near metro plus JFK airport,153340219,Brooklyn,East New York,40.6759100000000017871570889838039875030517578125,-73.8874799999999964938979246653616428375244140625,Entire home/apt,90,1
❤️ Entire Duplex House with Backyard. HOST HERE ❤️,407479321,Bronx,Allerton,40.8615199999999987312548910267651081085205078125,-73.8628800000000040881786844693124294281005859375,Entire home/apt,329,1
Amazing full equipped event space in ASTORIA,269263032,Queens,Ditmars Steinway,40.77022000000000190311766345985233783721923828125,-73.8976499999999987267074175179004669189453125,Entire home/apt,700,1
Historic 2 bedroom Bed- Stuy  Brownstone,419542964,Brooklyn,Bedford-Stuyvesant,40.683210000000002537490217946469783782958984375,-73.9451399999999949841367197223007678985595703125,Entire home/apt,140,1
Charming 3 Bedroom Apartment in Brooklyn Townhome,2587748,Brooklyn,Bedford-Stuyvesant,40.68435000000000201225702767260372638702392578125,-73.9160499999999984765963745303452014923095703125,Entire home/apt,180,1
West Village Best Foodie Location w View,23566374,Manhattan,West Village,40.734340000000003101376933045685291290283203125,-74.0037999999999982492226990871131420135498046875,Entire home/apt,749,1
Lovely Studio Apartment,469054694,Queens,Jamaica,40.70452999999999832425601198337972164154052734375,-73.803730000000001609805622138082981109619140625,Entire home/apt,125,1
Shoreham Hotel - Contemporary Room in Midtown,423873487,Manhattan,Midtown,40.76344999999999885176293901167809963226318359375,-73.9772600000000011277734301984310150146484375,Entire home/apt,198,1
Luxury Junior Suite +Balcony in Downtown Manhattan,411740512,Manhattan,Lower East Side,40.71860769999999973833837429992854595184326171875,-73.989780400000000781801645644009113311767578125,Entire home/apt,320,1
Lovely 1 studio apartment in Harlem New York City,250585210,Manhattan,Harlem,40.824579999999997426129993982613086700439453125,-73.9496299999999990859578247182071208953857421875,Entire home/apt,78,1
Brooklyn Royal Huge most stylish next level Loft,270554496,Brooklyn,Crown Heights,40.6775499999999965439201332628726959228515625,-73.945120000000002846718416549265384674072265625,Entire home/apt,560,1
Spacious Gem - 1 Bedroom in Hell's Kitchen,170568130,Manhattan,Hell's Kitchen,40.7644700000000028694557840935885906219482421875,-73.992490000000003647073754109442234039306640625,Entire home/apt,90,1
Lovely 4 Bedroom duplex in BROOKLYN,418755715,Brooklyn,Bushwick,40.69639000000000095269570010714232921600341796875,-73.9169200000000046202330850064754486083984375,Entire home/apt,357,1
"Modern, Private and Spacious Airbnb. No Fees.",284818503,Queens,Arverne,40.59738999999999720103005529381334781646728515625,-73.798980000000000245563569478690624237060546875,Entire home/apt,117,1
One King room at Brooklyn,399379000,Brooklyn,Downtown Brooklyn,40.69026000000000209411155083216726779937744140625,-73.9888600000000025147528504021465778350830078125,Entire home/apt,273,1
Brooklyn stay in,256972139,Brooklyn,Crown Heights,40.66552999999999684632712160237133502960205078125,-73.956379999999995789039530791342258453369140625,Entire home/apt,204,1
Lovely 1bedroom rental unit with a cozy  patio,118419433,Queens,Jackson Heights,40.74920999999999793317329022102057933807373046875,-73.8758700000000061436367104761302471160888671875,Entire home/apt,579,1
Cozy Modern Studio near UBS Arena,92900025,Queens,Laurelton,40.68265000000000242152964347042143344879150390625,-73.74831000000000358340912498533725738525390625,Entire home/apt,96,1
3 Bedroom unit For large groups,418613898,Brooklyn,East Flatbush,40.63490999999999786496118758805096149444580078125,-73.9475800000000020872903405688703060150146484375,Entire home/apt,400,1
2br Oasis in the Heart of Ridgewood,163058941,Queens,Ridgewood,40.6945199999999971396391629241406917572021484375,-73.902050000000002683009370230138301849365234375,Entire home/apt,151,1
Luxury 2 bedrooms apartment with balcony,207762040,Queens,Jamaica,40.707279999999997244231053628027439117431640625,-73.800759999999996807673596777021884918212890625,Entire home/apt,257,1
Cozy Lower East Side 1br w/ patio. GREAT LOCATION!,398214275,Manhattan,Lower East Side,40.7192900000000008731149137020111083984375,-73.9861800000000044974513002671301364898681640625,Entire home/apt,128,1
Enjoy Sunrises @Fully Equipped 1BR Apt in Brooklyn,11181551,Brooklyn,Flatbush,40.64283999999999963392838253639638423919677734375,-73.9559799999999967212716001085937023162841796875,Entire home/apt,135,1
Petite flat in Grand central Station,372755385,Manhattan,Midtown,40.74808999999999770125214126892387866973876953125,-73.9874999999999971578290569595992565155029296875,Entire home/apt,121,1
A+ Location Deluxe Corner Studio #7,348619646,Manhattan,Midtown,40.74602999999999752844814793206751346588134765625,-73.988910000000004174580681137740612030029296875,Entire home/apt,200,1
"3BR Apt in Queens - 15Min to Manhattan, 10 to LGA",227037845,Queens,Maspeth,40.74004000000000047521098167635500431060791015625,-73.9051099999999934198058326728641986846923828125,Entire home/apt,186,1
2 bedroom apartment near Central Park.,422737259,Manhattan,Upper East Side,40.76223999999999847432263777591288089752197265625,-73.9584799999999944475348456762731075286865234375,Entire home/apt,215,1
Charming 2-Bedroom with Work Space in Bushwick,52942822,Brooklyn,Bushwick,40.69281000000000148020262713544070720672607421875,-73.9152700000000066893335315398871898651123046875,Entire home/apt,125,1
Deluxe Double Queen in lively downtown Manhattan,411740512,Manhattan,Lower East Side,40.71860769999999973833837429992854595184326171875,-73.989780400000000781801645644009113311767578125,Entire home/apt,260,1
Shoreham Hotel - Petite Room with Queen Bed,423873487,Manhattan,Midtown,40.7633799999999979490894475020468235015869140625,-73.9758000000000066620486904866993427276611328125,Entire home/apt,201,1
Shoreham Hotel - Cool Boutique Hotel Petite Unit,423873487,Manhattan,Midtown,40.76346000000000202589944819919764995574951171875,-73.9768399999999957117324811406433582305908203125,Entire home/apt,201,1
★Spacious & Modern★ | Near Subway | Patio with BBQ,419181958,Brooklyn,Crown Heights,40.66908000000000100726538221351802349090576171875,-73.9319600000000036743585951626300811767578125,Entire home/apt,244,1
"Luxury 1 bedroom with games, gym and pool table",234641474,Brooklyn,Crown Heights,40.6765199999999964575181365944445133209228515625,-73.9359500000000053887561080045998096466064453125,Entire home/apt,179,1
A Gorgeous 1-Bedroom Apt with a Fireplace!,418043689,Brooklyn,Flatbush,40.638609999999999899955582804977893829345703125,-73.951629999999994424797478131949901580810546875,Entire home/apt,208,1
Modern Cozy 3br Home Just 10 Mins from Jfk,373042041,Queens,Springfield Gardens,40.66619899999999887540980125777423381805419921875,-73.76519799999999804640538059175014495849609375,Entire home/apt,286,1
"Comfy condo ,street and paid parking on premises.",355686828,Manhattan,Upper West Side,40.7970600000000018781065591610968112945556640625,-73.9618899999999968031261232681572437286376953125,Entire home/apt,50,1
adorable studio apartment.,420261624,Queens,Sunnyside,40.7354500000000001591615728102624416351318359375,-73.921660000000002810338628478348255157470703125,Entire home/apt,139,1
Luxury 1 bedroom apartment near JFK,420148935,Queens,Jamaica,40.673439999999999372448655776679515838623046875,-73.7819999999999964757080306299030780792236328125,Entire home/apt,104,1
Untitled at 3 Freeman - Large Freeman King (ADA),158969505,Manhattan,Lower East Side,40.7207599999999985129761626012623310089111328125,-73.991320000000001755324774421751499176025390625,Entire home/apt,223,1
Large Clean King Size NYC PrivateApt Next To Train,2339049,Queens,Ridgewood,40.6959200000000009822542779147624969482421875,-73.90435999999999694409780204296112060546875,Entire home/apt,151,1
"Cute and Cozy 2 Bedroom Home in Brooklyn, NY",398408597,Brooklyn,East New York,40.6659599999999983310772222466766834259033203125,-73.87205000000000154614099301397800445556640625,Entire home/apt,215,1
Lovely entire  lower level apartment,137129564,Queens,Flushing,40.7555991918838316223627771250903606414794921875,-73.801064193248748779296875,Entire home/apt,119,1
The Hippie Church,183198639,Manhattan,Chelsea,40.74669999999999703277353546582162380218505859375,-73.9903599999999954661689116619527339935302734375,Entire home/apt,280,1
Untitled at 3 Freeman - Untitled Queen,158969505,Manhattan,Lower East Side,40.7211199999999990950527717359364032745361328125,-73.9928900000000027148416847921907901763916015625,Entire home/apt,134,1
Cozy 2 Bedrooms Williamsburg Brooklyn Fast Wi-Fi,414139170,Brooklyn,Williamsburg,40.7104700000000008230927051045000553131103515625,-73.9415599999999955116436467505991458892822265625,Entire home/apt,179,1
Event Loft by Grand Central,421150536,Manhattan,Midtown,40.751879999999999881765688769519329071044921875,-73.970900000000000318323145620524883270263671875,Entire home/apt,2000,1
Modern warm & cozy 1 bedroom pad. 5 min from JFK,417077805,Queens,South Ozone Park,40.66854000000000013415046851150691509246826171875,-73.796570000000002664819476194679737091064453125,Entire home/apt,100,1
Basquiat’s hideaway,417740213,Brooklyn,Bedford-Stuyvesant,40.68482000000000198269844986498355865478515625,-73.919610000000005811671144329011440277099609375,Entire home/apt,66,1
New Your Brooklyn,416292655,Brooklyn,Bedford-Stuyvesant,40.6921200000000027330315788276493549346923828125,-73.9606600000000042882675188593566417694091796875,Entire home/apt,150,1
Carriage House Too (2),4524130,Brooklyn,Clinton Hill,40.68713000000000334921423927880823612213134765625,-73.9673599999999993315213941968977451324462890625,Entire home/apt,180,1
Adorable 2-bed 1-bth w/ free parking 3miles to JFK,149365996,Queens,Springfield Gardens,40.67365000000000208046913030557334423065185546875,-73.7601800000000054069460020400583744049072265625,Entire home/apt,150,1
Private 1 Bedroom Full Apartment with Good Commute,334611519,Queens,Flushing,40.756360000000000809450284577906131744384765625,-73.8036900000000031241143005900084972381591796875,Entire home/apt,99,1
Private house 5 minutes from AIRPORT JFK & CASINO,416179654,Queens,Jamaica,40.6794000000000011141310096718370914459228515625,-73.7965300000000041791281546466052532196044921875,Entire home/apt,159,1
No sharing/entire 3 bedroom Lga home sweet home,156948703,Queens,East Elmhurst,40.76941000000000059344529290683567523956298828125,-73.8713900000000052159521146677434444427490234375,Entire home/apt,132,1
Famous Manhattan Hamilton Heights  nice Apartment,87629139,Manhattan,Harlem,40.82484000000000179397829924710094928741455078125,-73.948970000000002755768946371972560882568359375,Entire home/apt,188,1
Dream DollHouse,359913981,Bronx,Parkchester,40.8330399999999968940755934454500675201416015625,-73.8690600000000046065906644798815250396728515625,Entire home/apt,180,1
Downtown with FREE parking/EV charging/JFK/LGA/UBS,162927656,Queens,Jamaica,40.69134999999999990905052982270717620849609375,-73.806700000000006411937647499144077301025390625,Entire home/apt,220,1
Lovely 1 Bedroom with Patio,50138907,Manhattan,Theater District,40.75903000000000275804268312640488147735595703125,-73.9842699999999950932760839350521564483642578125,Entire home/apt,350,1
Great One Bedroom  Apartment Next  Empire State #8,177174475,Manhattan,Midtown,40.74615000000000009094947017729282379150390625,-73.988820000000004029061528854072093963623046875,Entire home/apt,137,1
Studio w/ Great Location near train station,79923089,Brooklyn,Williamsburg,40.712029999999998608473106287419795989990234375,-73.9653200000000055069904192350804805755615234375,Entire home/apt,244,1
"Private, Amazing Studio Family Near 5th avenue # 3",48088611,Manhattan,Midtown,40.746319999999997207851265557110309600830078125,-73.987120000000004438334144651889801025390625,Entire home/apt,115,1
1 King Size BR/ Entire Apt,438474320,Brooklyn,Gravesend,40.58593745221315884919022209942340850830078125,-73.9688035021696350668207742273807525634765625,Entire home/apt,107,1
"GET THE WHOLE APARTMENT - FURNISHED, CLEAN, COZY",233434420,Bronx,Mount Eden,40.83809999999999718056642450392246246337890625,-73.9148500000000012732925824820995330810546875,Entire home/apt,120,1
"Apartamento en el BRONX. Buena zona TREN 4, D y B.",459915744,Bronx,Mount Hope,40.84665700000000043701220420189201831817626953125,-73.9110179999999985511749400757253170013427734375,Entire home/apt,249,1
Amazing 2BR in Midtown! Near Times Square!,345162226,Manhattan,Hell's Kitchen,40.76281999999999783312887302599847316741943359375,-73.990350000000006502887117676436901092529296875,Entire home/apt,350,1
Perfect Location 3BR Loft! Mins to Time Square!,285016445,Manhattan,Hell's Kitchen,40.7548900000000031695890356786549091339111328125,-73.9934400000000067620931076817214488983154296875,Entire home/apt,250,1
Lovely studio apartment,353975212,Queens,Long Island City,40.74635299999999915598891675472259521484375,-73.940483000000000401996658183634281158447265625,Entire home/apt,170,1
Rejuvenate House,365141716,Queens,Ozone Park,40.683999999999997498889570124447345733642578125,-73.8413599999999945566742098890244960784912109375,Entire home/apt,130,1
Luxury 1-bedroom condominium 10 mins away from JFK,346001746,Queens,Howard Beach,40.66407000000000238060238189063966274261474609375,-73.8550800000000009504219633527100086212158203125,Entire home/apt,139,1
Beautiful Loft Apartment in Brooklyn,84464154,Brooklyn,Prospect Heights,40.6779999999999972715158946812152862548828125,-73.9638499999999936562744551338255405426025390625,Entire home/apt,250,1
Studio 21,18057505,Brooklyn,East Flatbush,40.66071000000000168483893503434956073760986328125,-73.9271399999999943020156933926045894622802734375,Entire home/apt,126,1
Two bed room on 12th floor.,388603242,Manhattan,Midtown,40.74671000000000020691004465334117412567138671875,-73.986909999999994624886312521994113922119140625,Entire home/apt,350,1
Lovely one bedroom studio JFK 5mins / Laguardia 15,251772611,Queens,Jamaica,40.66958000000000339468897436745464801788330078125,-73.7712700000000012323653209023177623748779296875,Entire home/apt,86,1
Artists loft in Brooklyn's trendiest neighborhood,67258884,Brooklyn,Bushwick,40.70199000000000211230144486762583255767822265625,-73.9224200000000024601831682957708835601806640625,Entire home/apt,175,1
Private Rooftop Hidden Gem Studio,461252637,Manhattan,Midtown,40.7476199999999977308107190765440464019775390625,-73.9889299999999963119989843107759952545166015625,Entire home/apt,264,1
Newly Renovated Suite in BK. 20 Min from NYC!,20336287,Brooklyn,Bushwick,40.69955999999999818328433320857584476470947265625,-73.91798000000000001818989403545856475830078125,Entire home/apt,142,1
"Modern garden level duplex with patio, 2br, 1.5 ba",385859541,Brooklyn,Bedford-Stuyvesant,40.67976999999999776491677039302885532379150390625,-73.9095400000000068985173129476606845855712890625,Entire home/apt,200,1
Cozy home for visiting couples,81320394,Queens,Cambria Heights,40.6954300000000017689671949483454227447509765625,-73.7288199999999989131538313813507556915283203125,Entire home/apt,120,1
Lovely 2 bedroom Appartment in Brooklyn,231048960,Brooklyn,Bedford-Stuyvesant,40.6805599999999998317434801720082759857177734375,-73.9389400000000023283064365386962890625,Entire home/apt,269,1
Incredible Loft in Tribeca,12637244,Manhattan,Tribeca,40.7194199999999995043253875337541103363037109375,-74.009489999999999554347596131265163421630859375,Entire home/apt,600,1
Light & Airy 2 Bedroom Creative Apartment,19235293,Brooklyn,Williamsburg,40.707353204884014985509566031396389007568359375,-73.9604461520781484296094276942312717437744140625,Entire home/apt,230,1
Modern Midtown Apartment  With Nice View In NYC #8,343381111,Manhattan,Midtown,40.746049999999996771293808706104755401611328125,-73.988439999999997098711901344358921051025390625,Entire home/apt,120,1
2 bedroom home - 25 mins to Dumbo,365141716,Queens,Ozone Park,40.6825299999999998590283212251961231231689453125,-73.84329999999999927240423858165740966796875,Entire home/apt,170,1
Great Apartment for Rent in peaceful Location,460348862,Bronx,North Riverdale,40.90366000000000212821760214865207672119140625,-73.9067380000000042628016672097146511077880859375,Entire home/apt,110,1
McBee's Airbnb Queens,176850650,Queens,Cambria Heights,40.69951999999999969759301166050136089324951171875,-73.7412800000000032696334528736770153045654296875,Entire home/apt,140,1
PRIME Bushwick Location!  2 bedroom with backyard,252643530,Brooklyn,Bushwick,40.70038000000000266709321294911205768585205078125,-73.923550000000005866240826435387134552001953125,Entire home/apt,150,1
"NYC ""Friends"" Themed 4Bed 2Bath Close to Manhattan",441365757,Bronx,Mott Haven,40.81154000000000081627149484120309352874755859375,-73.9181899999999956207830109633505344390869140625,Entire home/apt,389,1
Ideal Home-Deluxe & Spacious Apt In Financial Hub,9750462,Manhattan,Financial District,40.70427000000000106183506431989371776580810546875,-74.0084499999999962938090902753174304962158203125,Entire home/apt,384,1
Modern Sanitized 1-bedroom w/ doorman & elevator,63311662,Manhattan,Upper East Side,40.7659323999999969601049087941646575927734375,-73.9550579999999939673216431401669979095458984375,Entire home/apt,215,1
New York City View 2 Bedroom APT in Midtown,341752262,Manhattan,Chelsea,40.74835999999999813780959811992943286895751953125,-73.98899000000000114596332423388957977294921875,Entire home/apt,991,1
Cozy Apartment Studio Near Times Square!,365589126,Manhattan,Hell's Kitchen,40.7536300000000011323209037072956562042236328125,-73.9957299999999946749085211195051670074462890625,Entire home/apt,125,1
"Qazaq Style 3 Bedroom apt.,15 Mins to Manhattan",455683614,Brooklyn,Bedford-Stuyvesant,40.67922999999999689180185669101774692535400390625,-73.9426500000000004320099833421409130096435546875,Entire home/apt,582,1
Peaceful 2 bedrooms  apartment in Forest Hills,157258551,Queens,Forest Hills,40.73295999999999850160747882910072803497314453125,-73.8472199999999929787009023129940032958984375,Entire home/apt,135,1
2BR Penthouse w/ pool&gym at the heart of Brooklyn,3961158,Brooklyn,Downtown Brooklyn,40.6958300000000008367351256310939788818359375,-73.9833100000000030149749363772571086883544921875,Entire home/apt,300,1
Lovely 2 Bedroom Lower lever Unit with cozy yard,463852482,Queens,South Ozone Park,40.67481000000000079808160080574452877044677734375,-73.8096100000000063801053329370915889739990234375,Entire home/apt,102,1
"Lovely, 1 bedroom apartment in the bronx.",375297023,Bronx,Wakefield,40.88353000000000037061909097246825695037841796875,-73.85160999999999376086634583771228790283203125,Entire home/apt,103,1
"Lovely 1-bedroom unit in Williamsburg, Brooklyn.",461850710,Brooklyn,Williamsburg,40.710070000000001755324774421751499176025390625,-73.9430799999999948113327263854444026947021484375,Entire home/apt,205,1
Modern Farmhouse 2-bedroom Home 10-min from JFK!,1565828,Queens,Laurelton,40.6830700000000007321432349272072315216064453125,-73.733969999999999345163814723491668701171875,Entire home/apt,175,1
Modern 1 BR Apartment w/ balcony in Astoria,3861392,Queens,Astoria,40.7671399999999977126208250410854816436767578125,-73.925340000000005602487362921237945556640625,Entire home/apt,222,1
"Sunny, quiet 2-bedroom with office in Park Slope",273792273,Brooklyn,Park Slope,40.66978000000000292857293970882892608642578125,-73.9825900000000018508217181079089641571044921875,Entire home/apt,250,1
Artist cove studio bedroom in Queens,461340832,Queens,Forest Hills,40.73539120000000224308678298257291316986083984375,-73.8552461999999962927176966331899166107177734375,Entire home/apt,75,1
NYC-Tiny Guest house with a Caribbean vibe.,200950980,Queens,Arverne,40.595269999999999299689079634845256805419921875,-73.7933000000000021145751816220581531524658203125,Entire home/apt,201,1
Freshly renovated 2-Bedroom Brooklyn vacation apt,461132126,Brooklyn,Prospect-Lefferts Gardens,40.6618799999999964711605571210384368896484375,-73.9412999999999982492226990871131420135498046875,Entire home/apt,220,1
Park Slope Townhouse: Private Full-Floor 2 Bedroom,1132121,Brooklyn,Park Slope,40.680689999999998462953954003751277923583984375,-73.9805900000000065119820646941661834716796875,Entire home/apt,338,1
Unique 1 bdrm with Huge Yard in Vinegar Hill/Dumbo,48880473,Brooklyn,Vinegar Hill,40.70380999999999716010279371403157711029052734375,-73.9798300000000068621375248767435550689697265625,Entire home/apt,137,1
Unforgettable 2BR apt with incredible selfie wall.,393283611,Brooklyn,East New York,40.67491499999999859937815926969051361083984375,-73.8784179999999963683876558206975460052490234375,Entire home/apt,130,1
Amazing NYC Themed Apartment,391622090,Brooklyn,Flatlands,40.6272799999999989495336194522678852081298828125,-73.9213500000000038880898500792682170867919921875,Entire home/apt,101,1
Luxury Penthouse Suite near Central Park,231281049,Manhattan,Midtown,40.764690000000001646185410209000110626220703125,-73.9812239999999974315869621932506561279296875,Entire home/apt,412,1
Lovely studio 5 minutes away from Lga airport.,464102537,Queens,East Elmhurst,40.76762999999999692590790800750255584716796875,-73.8758399999999966212271829135715961456298828125,Entire home/apt,100,1
Chelsea elegant two bedrooms private apartment,358288637,Manhattan,Chelsea,40.7504100000000022419044398702681064605712890625,-73.998230000000006612026481889188289642333984375,Entire home/apt,367,1
Private suite in Forest Hills,461340832,Queens,Forest Hills,40.73539000000000243062459048815071582794189453125,-73.8552470000000056415956350974738597869873046875,Entire home/apt,130,1
420 Friendly 3 bedroom space!,459578759,Brooklyn,Crown Heights,40.67609999999999814690454513765871524810791015625,-73.9172200000000003683453542180359363555908203125,Entire home/apt,227,1
Beautiful 4-bedroom rental unit in Bushwick,26349246,Brooklyn,Bushwick,40.69803999999999888359525357373058795928955078125,-73.9318200000000018690116121433675289154052734375,Entire home/apt,211,1
1 King Bed Suite at Holiday Inn Express Woodside,449205102,Queens,Woodside,40.74161000000000143472789204679429531097412109375,-73.9019200000000040517988963983952999114990234375,Entire home/apt,178,1
Great 2 bedroom in the heart of astoria,104277076,Queens,Astoria,40.75699999999999789679350215010344982147216796875,-73.9156799999999947203832562081515789031982421875,Entire home/apt,160,1
Spacious and serene one bedroom apartment,449600773,Bronx,Williamsbridge,40.87960000000000349018591805361211299896240234375,-73.8491700000000008685674401931464672088623046875,Entire home/apt,98,1
"Cozy, sunlit & spacious 3 bedroom Brooklyn gem.",449578174,Brooklyn,Bushwick,40.68816000000000343561623594723641872406005859375,-73.9117399999999946658135741017758846282958984375,Entire home/apt,184,1
Modern Prospect Garden Oasis,8792814,Brooklyn,Crown Heights,40.6638099999999980127540766261518001556396484375,-73.953429999999997335180523805320262908935546875,Entire home/apt,94,1
Pam’s Place,60351850,Queens,Springfield Gardens,40.689289999999999736246536485850811004638671875,-73.74912000000000489308149553835391998291015625,Entire home/apt,125,1
Private room for short stay NearJFK Airport queens,58118531,Queens,Laurelton,40.66819000000000272621036856435239315032958984375,-73.7426099999999991041477187536656856536865234375,Entire home/apt,75,1
Spectacular studio loft with breathtaking views!,435341575,Brooklyn,Greenpoint,40.72921000000000191221261047758162021636962890625,-73.9583300000000036789060686714947223663330078125,Entire home/apt,314,1
Guest Room with 1 King Bed at Aloft Long Island City,449162380,Queens,Long Island City,40.749200000000001864464138634502887725830078125,-73.9408800000000070440364652313292026519775390625,Entire home/apt,151,1
One Bedroom Queen at Times Square Central,415974026,Manhattan,Theater District,40.75437000000000153931978275068104267120361328125,-73.9846600000000051977622206322848796844482421875,Entire home/apt,236,1
Spacious 1 Bdrm Apt in the Heart of the Heights,77820704,Manhattan,Washington Heights,40.853690000000000281943357549607753753662109375,-73.9330499999999943838702165521681308746337890625,Entire home/apt,127,1
A+ Location Classic Queen Studio & Futon #4,348619646,Manhattan,Midtown,40.746859999999998080966179259121417999267578125,-73.988709999999997535269358195364475250244140625,Entire home/apt,185,1
"3 bed 1 bath, 10 min to Manhattan",230705060,Queens,Long Island City,40.75858000000000203044692170806229114532470703125,-73.9420300000000025875124265439808368682861328125,Entire home/apt,312,1
Best of both worlds! Studio w/ Backyard & Parking.,3272988,Queens,Ridgewood,40.70848000000000155296220327727496623992919921875,-73.9171999999999940200723358429968357086181640625,Entire home/apt,200,1
Upper East Side/ East Harlem 1 Bedroom,126473908,Manhattan,East Harlem,40.788600000000002410160959698259830474853515625,-73.947959999999994806785252876579761505126953125,Entire home/apt,214,1
3BDRM Apartment in Downtown Manhattan*Sleeps 6-7 *,435361795,Manhattan,East Village,40.7230100000000021509549696929752826690673828125,-73.9750099999999974897946231067180633544921875,Entire home/apt,263,1
Lovely rental unit with patio,11855185,Manhattan,Midtown,40.75896999999999792407834320329129695892333984375,-73.9656800000000060890670283697545528411865234375,Entire home/apt,210,1
Amazing 2 Bed Apart. with Beach and garden access,443464580,Bronx,Throgs Neck,40.81143999999999749661583337001502513885498046875,-73.8041199999999975034370436333119869232177734375,Entire home/apt,120,1
Budget studio in Brooklyn NY❤️near JFK✈️ & metro🚊,70959022,Brooklyn,East New York,40.67112999999999800593286636285483837127685546875,-73.871139999999996916812960989773273468017578125,Entire home/apt,102,1
Lovely 1-bedroom Rental Unit! Lenox Hill!,374032448,Manhattan,Upper East Side,40.76022999999999996134647517465054988861083984375,-73.96089000000000623913365416228771209716796875,Entire home/apt,125,1
2 Queen Beds Suite Bed at Holiday Inn Express Woodside,449205102,Queens,Maspeth,40.74128999999999933834260446019470691680908203125,-73.902479999999997062332113273441791534423828125,Entire home/apt,188,1
Lovely Short Stay Brooklyn - 1Bd/1Bth,303176278,Brooklyn,East Flatbush,40.64291999999999660531102563254535198211669921875,-73.9512399999999985311660566367208957672119140625,Entire home/apt,99,1
Amazing 5BD Duplex House w/ 1 free parking,26349246,Brooklyn,Bushwick,40.6884000000000014551915228366851806640625,-73.91689999999999827196006663143634796142578125,Entire home/apt,232,1
Entire house/single room/small gathering option,311794741,Queens,Rosedale,40.65619000000000227146301767788827419281005859375,-73.728939999999994370227796025574207305908203125,Entire home/apt,170,1
Villa Masino.,461263600,Staten Island,Tottenville,40.5071140000000013969838619232177734375,-74.2519070000000027675923774950206279754638671875,Entire home/apt,157,1
"2 Bedroom Beach House, Self Check In, Free Parking",288193483,Queens,Arverne,40.59461999999999903820935287512838840484619140625,-73.7911600000000049703885451890528202056884765625,Entire home/apt,130,1
Adorable 2-bedroom place with free parking,455130272,Queens,Laurelton,40.6675699999999977762854541651904582977294921875,-73.74115000000000463842297904193401336669921875,Entire home/apt,176,1
SUITE APARTMENT NEAR LGA,388759271,Queens,East Elmhurst,40.764149000000003297827788628637790679931640625,-73.862166999999999461579136550426483154296875,Entire home/apt,135,1
Fabulous February Stay,56775629,Queens,Bellerose,40.7275599999999968758856994099915027618408203125,-73.7298700000000053478288464248180389404296875,Entire home/apt,83,1
"Cozy Harlem apartment, close to trains and buses.",355804818,Manhattan,Harlem,40.8250699999999966394170769490301609039306640625,-73.9415099999999938518158160150051116943359375,Entire home/apt,140,1
2 Bedroom Apartment with Good Commute,334611519,Queens,Flushing,40.7555899999999979854692355729639530181884765625,-73.8029700000000019599610823206603527069091796875,Entire home/apt,140,1
Lovely 2 bedroom aparment in queens,447733927,Queens,Elmhurst,40.74206000000000216232365346513688564300537109375,-73.8764699999999976398612488992512226104736328125,Entire home/apt,140,1
lovely 3br ground floor apt with outdoor space .,100107219,Brooklyn,Bedford-Stuyvesant,40.68390000000000128466126625426113605499267578125,-73.9458499999999929741534288041293621063232421875,Entire home/apt,203,1
"Queens 2BR Apartment- 10 to LGA, Wi-Fi & Amenities",420975523,Queens,Maspeth,40.7364400000000017598722479306161403656005859375,-73.895070000000004029061528854072093963623046875,Entire home/apt,90,1
Charming 3BR in Heart of Manhattan! A+ Location,286228252,Manhattan,Hell's Kitchen,40.7536300000000011323209037072956562042236328125,-73.9948200000000042564352042973041534423828125,Entire home/apt,250,1
Modern 2BR Apartment Wi-Fi & Amenities - 10 to LGA,420975523,Queens,Maspeth,40.73682000000000158479451783932745456695556640625,-73.896690000000006648406269960105419158935546875,Entire home/apt,91,1
Sun filled Brooklyn studio 2 min walk to A/C train,29583716,Brooklyn,Bedford-Stuyvesant,40.67999300000000317822923534549772739410400390625,-73.9522709999999960928107611835002899169921875,Entire home/apt,125,1
Cheerful Newly Renovated house for your family .,447898729,Brooklyn,Mill Basin,40.6108100000000007412381819449365139007568359375,-73.923079999999998790372046642005443572998046875,Entire home/apt,181,1
Private Parking+1 BedroomUnit,274604450,Queens,Rego Park,40.72921999999999798092176206409931182861328125,-73.8694600000000036743585951626300811767578125,Entire home/apt,116,1
Petite loft close to Penn Station,370725742,Manhattan,Midtown,40.747849999999999681676854379475116729736328125,-73.9887499999999960209606797434389591217041015625,Entire home/apt,115,1
2bd 2.5 bth duplex off Queens Blvd in Jamaica,111723789,Queens,Briarwood,40.71589000000000169166014529764652252197265625,-73.823499999999995679900166578590869903564453125,Entire home/apt,265,1
HUGE Luxury Studio S. Cellar,93382182,Brooklyn,East Flatbush,40.6419599999999974215825204737484455108642578125,-73.92883000000000492946128360927104949951171875,Entire home/apt,500,1
"Adorable studio, cozy & newly renovated",447283837,Brooklyn,East Flatbush,40.6555790000000030204319045878946781158447265625,-73.9315030000000064092091633938252925872802734375,Entire home/apt,103,1
Lovely 1 bedroom apartment in queens,415122602,Queens,Whitestone,40.78352000000000288082446786575019359588623046875,-73.814089999999993096935213543474674224853515625,Entire home/apt,128,1
Lovely 1 Bedroom Apartment in Whitestone/Queens,448183921,Queens,Whitestone,40.776960000000002537490217946469783782958984375,-73.8122900000000043974068830721080303192138671875,Entire home/apt,112,1
Lovely 1-bedroom condo in NY,449410335,Manhattan,Washington Heights,40.85867999999999966576069709844887256622314453125,-73.925579999999996516635292209684848785400390625,Entire home/apt,220,1
Cheerful One Bedroom.  420 Friendly,447616717,Bronx,Parkchester,40.83357000000000169848135556094348430633544921875,-73.85827000000000452928361482918262481689453125,Entire home/apt,71,1
Best corner in williamsburg by Art & Maria,126503835,Brooklyn,Williamsburg,40.716419999999999390638549812138080596923828125,-73.9659099999999938290784484706819057464599609375,Entire home/apt,414,1
Lovely 1 bedroom with indoor fireplace,463941003,Queens,Forest Hills,40.72259999999999990905052982270717620849609375,-73.854680000000001882654032669961452484130859375,Entire home/apt,179,1
SPACIOUS 3 BEDROOM DUPLEX FOR 10 PEOPLE,464258563,Brooklyn,Bedford-Stuyvesant,40.679090000000002191882231272757053375244140625,-73.944040000000001100488589145243167877197265625,Entire home/apt,448,1
Amazing Studio- Upper East Site Manhattan,434407568,Manhattan,Upper East Side,40.774079999999997880877344869077205657958984375,-73.950839999999999463398125953972339630126953125,Entire home/apt,300,1
Wonderful Getaway in Bedford-Stuyvesant Brooklyn,18397763,Brooklyn,Bedford-Stuyvesant,40.68482000000000198269844986498355865478515625,-73.9407599999999973761077853851020336151123046875,Entire home/apt,172,1
One of a kind loft like space Manhattan. Sleeps 9,459478010,Manhattan,Chelsea,40.75222999999999728970578871667385101318359375,-74.00249999999999772626324556767940521240234375,Entire home/apt,1216,1
Stylish Loft in East Midtown NYC! #4402,458591926,Manhattan,Midtown,40.7507599999999996498445398174226284027099609375,-73.9697699999999969122654874809086322784423828125,Entire home/apt,152,1
Cozy and Chic Studio Loft in Midtown NYC! #3302,458591926,Manhattan,Midtown,40.75238999999999833789843250997364521026611328125,-73.9700100000000020372681319713592529296875,Entire home/apt,154,1
Manhattan loft Studio located Midtown NYC! #3303,458591926,Manhattan,Midtown,40.75247999999999848341758479364216327667236328125,-73.97007999999999583451426587998867034912109375,Entire home/apt,160,1
Chic Midtown Studio with Patio #2203,458591926,Manhattan,Midtown,40.75254000000000331738192471675574779510498046875,-73.971190000000007103153620846569538116455078125,Entire home/apt,154,1
Sunny Loft located in Midtown-East #4403,458591926,Manhattan,Midtown,40.75262000000000028876456781290471553802490234375,-73.9695099999999996498445398174226284027099609375,Entire home/apt,146,1
Cozy and Chic 2BD Loft in Midtown NY! #3301,458591926,Manhattan,Midtown,40.75079000000000206682670977897942066192626953125,-73.96962999999999510691850446164608001708984375,Entire home/apt,283,1
Stylish 2BD Apartment in NYC #4401,458591926,Manhattan,Midtown,40.75036999999999665078576072119176387786865234375,-73.970990000000000463842297904193401336669921875,Entire home/apt,234,1
Beautiful Studio with Patio in Midtown NYC! #2202,458591926,Manhattan,Midtown,40.75043000000000148475010064430534839630126953125,-73.969930000000005065885488875210285186767578125,Entire home/apt,166,1
Nice and cozy place to stay.,345861676,Brooklyn,Canarsie,40.6360499999999973397279973141849040985107421875,-73.8881300000000038608050090260803699493408203125,Entire home/apt,88,1
Beautiful Newly Renovated One Family House,119645121,Brooklyn,East New York,40.65991000000000354930307366885244846343994140625,-73.8952599999999932833816274069249629974365234375,Entire home/apt,357,1
NY Brooklyn Modern new apartment,77063818,Brooklyn,Sunset Park,40.6481500000000011141310096718370914459228515625,-74.0079700000000002546585164964199066162109375,Entire home/apt,108,1
Stylish & Spacious 2Bedrooms Duplex in Brooklyn NY,440921674,Brooklyn,East New York,40.6654199999999974579623085446655750274658203125,-73.8868400000000065119820646941661834716796875,Entire home/apt,213,1
Home Away From Home,62627585,Queens,Jamaica,40.6815610000000020818333723582327365875244140625,-73.77487899999999854117049835622310638427734375,Entire home/apt,136,1
Lovely 1 bedroom apartment with  outdoor balcony,455637441,Brooklyn,Gravesend,40.5909400000000033514879760332405567169189453125,-73.988619999999997389750205911695957183837890625,Entire home/apt,112,1
Private 2 bedroom apartment.,246923606,Queens,Jamaica,40.677649999999999863575794734060764312744140625,-73.7980400000000003046807250939309597015380859375,Entire home/apt,122,1
Stunning 2-Bedrooms Duplex Apt in Brooklyn NY,440921674,Brooklyn,East New York,40.6665119999999973288140608929097652435302734375,-73.8876039999999960627974360249936580657958984375,Entire home/apt,208,1
Cozy 1bd/1ba apartment in the heart of Bay Ridge!,321874163,Brooklyn,Bay Ridge,40.62731999999999743522494100034236907958984375,-74.0279599999999931014826870523393154144287109375,Entire home/apt,115,1
Private Studio with 24-hour Free Street Parking,454300308,Bronx,Pelham Bay,40.8506000000000000227373675443232059478759765625,-73.836870000000004665707820095121860504150390625,Entire home/apt,102,1
2 BR Suite near JFK w. Keyless entry.,174197082,Queens,Rosedale,40.65785000000000337649908033199608325958251953125,-73.7272600000000011277734301984310150146484375,Entire home/apt,170,1
Lovely Fully Renovated 2BR Loft Near Prospect Park,459605511,Brooklyn,Kensington,40.63378999999999763304003863595426082611083984375,-73.9676199999999965939423418603837490081787109375,Entire home/apt,206,1
Stylish and Cozy Apartment,77063818,Brooklyn,Bay Ridge,40.63362099999999799138095113448798656463623046875,-74.0182340000000067448127083480358123779296875,Entire home/apt,85,1
Big Apt Central ♥️ Astoria near LaGuardia Airport,432811481,Queens,Ditmars Steinway,40.78155000000000285353962681256234645843505859375,-73.916259999999994079189491458237171173095703125,Entire home/apt,125,1
Luxurious free st parkng king bed  central smartTV,489804886,Manhattan,Upper East Side,40.7732077400744827855305629782378673553466796875,-73.95052804929611056650173850357532501220703125,Entire home/apt,381,1
My heart belongs in Brooklyn cozy home,450443676,Brooklyn,Bedford-Stuyvesant,40.68632000000000203954186872579157352447509765625,-73.9230199999999939564077067188918590545654296875,Entire home/apt,200,1
Luxury Apt in NYC/NJ | Free Parking | Near Train,458447508,Staten Island,Prince's Bay,40.524979999999999336068867705762386322021484375,-74.2151400000000052159521146677434444427490234375,Entire home/apt,171,1
Apartamento completo cómodo y moderno,150551412,Queens,Howard Beach,40.66165910204787081738686538301408290863037109375,-73.83774665991091978867189027369022369384765625,Entire home/apt,108,1
Spacious Apt in Historic Brooklyn Neighborhood,68296703,Brooklyn,Crown Heights,40.67372999999999905185177340172231197357177734375,-73.9272500000000007958078640513122081756591796875,Entire home/apt,104,1
Lovely apartment in heart of super safe Astoria,300441683,Queens,Astoria,40.76662999999999925648808130063116550445556640625,-73.925420000000002573870006017386913299560546875,Entire home/apt,97,1
The Gwendolyn - Luxury Oasis Stay - UBS/ JFK/ LGA,457438946,Queens,Hollis,40.70955000000000012505552149377763271331787109375,-73.7626699999999999590727384202182292938232421875,Entire home/apt,114,1
Newly Renovated 2 bedrooms home with backyard,447898729,Brooklyn,Mill Basin,40.6112940000000008922143024392426013946533203125,-73.922156999999998561179381795227527618408203125,Entire home/apt,219,1
Lovely 2-Bedroom Apartment near MTA Bus,334611519,Queens,Flushing,40.7559499999999985675458447076380252838134765625,-73.805149999999997589839040301740169525146484375,Entire home/apt,137,1
It is a cozy apartment,450345002,Brooklyn,Brighton Beach,40.57939999999999969304553815163671970367431640625,-73.959149999999993951860233210027217864990234375,Entire home/apt,132,1
Cozy and stylish studio semi-basement apartment,19418202,Bronx,Van Nest,40.8453200000000009595169103704392910003662109375,-73.8658999999999963392838253639638423919677734375,Entire home/apt,93,1
A One Bedroom Suite with Kitchen & Backyard,405671301,Bronx,Eastchester,40.88763999999999754209056845866143703460693359375,-73.8161199999999979581843945197761058807373046875,Entire home/apt,88,1
Lovely 2 bedroom apartment with deck and pool,447895924,Brooklyn,Crown Heights,40.67266000000000047975845518521964550018310546875,-73.9148100000000027876012609340250492095947265625,Entire home/apt,599,1
2-Bedroom Private Condo close to JFK/LGA/NYC,457467711,Queens,Richmond Hill,40.68350000000000221689333557151257991790771484375,-73.82985999999999648935045115649700164794921875,Entire home/apt,172,1
Lovely and cozy 2-bedroom unit in Brooklyn,66765288,Brooklyn,Sunset Park,40.6515399999999971214492688886821269989013671875,-74.0098200000000048248693929053843021392822265625,Entire home/apt,150,1
Urban Sanctuary with views near Barclay Ctr,457200545,Brooklyn,Prospect Heights,40.680631966764821072501945309340953826904296875,-73.9697830686126991395212826319038867950439453125,Entire home/apt,300,1
Amazing 3BR/1BA rental unit! Near Central Park!,390588257,Manhattan,Midtown,40.76084999999999780584403197281062602996826171875,-73.9690700000000020963852875865995883941650390625,Entire home/apt,250,1
Central 5BR Duplex w/ Patio for 14 guests,26349246,Brooklyn,Bushwick,40.689357999999998583007254637777805328369140625,-73.9195399999999978035702952183783054351806640625,Entire home/apt,364,1
"Private Home - Queens, NY",459316327,Queens,Ozone Park,40.67448999999999870169631321914494037628173828125,-73.8435699999999997089616954326629638671875,Entire home/apt,200,1
Beautiful 2 beds Apt in Midtown NYC #2201,458591926,Manhattan,Midtown,40.75070000000000192130755749531090259552001953125,-73.971100000000006957634468562901020050048828125,Entire home/apt,224,1
Lovely 2 bedrooms rental unit,459645051,Brooklyn,Bergen Beach,40.62527800000000155478119268082082271575927734375,-73.9114000000000004320099833421409130096435546875,Entire home/apt,187,1
The hideaway hangout and guest room,284603393,Brooklyn,Bedford-Stuyvesant,40.68796999999999997044142219237983226776123046875,-73.9429999999999978399500832892954349517822265625,Entire home/apt,453,1
BROOKLYN NIGHTS WITH PRIVATE PATIO AND BBQ GRILL,52403444,Brooklyn,Bedford-Stuyvesant,40.68972000000000122099663713015615940093994140625,-73.946110000000004447429091669619083404541015625,Entire home/apt,99,1
"NYC Living - Close to all, comfy, cozy and fun!",6337952,Staten Island,Dongan Hills,40.58379000000000047521098167635500431060791015625,-74.106999999999999317878973670303821563720703125,Entire home/apt,102,1
Exclusive Private Studio 536 | Private Bathroom,401202937,Manhattan,Midtown,40.74605999999999994543031789362430572509765625,-73.988020000000005893525667488574981689453125,Entire home/apt,94,1
Lovely 2 bedroom apartment for 4 people,455504362,Manhattan,East Harlem,40.78828821468528786908791516907513141632080078125,-73.939620922003342684547533281147480010986328125,Entire home/apt,114,1
STUDIO IN CENTRE OF MANHATTAN! CENTRAL LOCATION !!,266800860,Manhattan,Murray Hill,40.747478000000000974978320300579071044921875,-73.9745410000000021000232663936913013458251953125,Entire home/apt,199,1
Spacious 2 Bedroom Apartment On Secluded Street,451356592,Queens,Jamaica,40.68247999999999819920049048960208892822265625,-73.775949999999994588506524451076984405517578125,Entire home/apt,131,1
"The Gio Suite 10 mins to LGA, 18 to US Open",19536409,Queens,East Elmhurst,40.75846109999999811179804964922368526458740234375,-73.898523299999993696474120952188968658447265625,Entire home/apt,93,1
Luxury 2 Bed - 2 Bath in Sunnyside Queens,69399723,Queens,Sunnyside,40.74252120196174331567817716859281063079833984375,-73.9173957460327102353403461165726184844970703125,Entire home/apt,250,1
Spacious apt in historic Bklyn,5318185,Brooklyn,Flatbush,40.6377600000000001045918907038867473602294921875,-73.9650400000000018962964531965553760528564453125,Entire home/apt,183,1
Lovely 1-Bedroom Rental Unit Close to Everything,65283625,Queens,Ridgewood,40.707414499999998724888428114354610443115234375,-73.90794329999999945357558317482471466064453125,Entire home/apt,140,1
Modern 1 Bedroom Apartment - Kew Garden Hills,71478600,Queens,Kew Gardens Hills,40.72402000000000299451130558736622333526611328125,-73.825199999999995270627550780773162841796875,Entire home/apt,212,1
2-BEDROOMS BEST LOCATION / HARLEM,247900596,Manhattan,Harlem,40.80626000000000175305103766731917858123779296875,-73.9466800000000006320988177321851253509521484375,Entire home/apt,295,1
Queens airbnb with free parking,383615076,Queens,Springfield Gardens,40.68981999999999743522494100034236907958984375,-73.751879999999999881765688769519329071044921875,Entire home/apt,161,1
Peaceful 1 bedroom in the heart of Williamsburg,3259724,Brooklyn,Williamsburg,40.71558999999999883812051848508417606353759765625,-73.9522199999999969577402225695550441741943359375,Entire home/apt,243,1
"Private 2nd Floor near Park and Ferry to NYC, RUMC",32162495,Staten Island,Tompkinsville,40.6316599999999965575625537894666194915771484375,-74.0948800000000034060576581396162509918212890625,Entire home/apt,129,1
"Cozy 1 bedroom unit w/2 Queen beds, close to all",300095703,Queens,Flushing,40.75744999999999862438926356844604015350341796875,-73.80783999999999878127709962427616119384765625,Entire home/apt,131,1
The Fulton - MInutes from Manhattan and Airports,71009894,Brooklyn,Cypress Hills,40.6767200000000030968294595368206501007080078125,-73.8981600000000042882675188593566417694091796875,Entire home/apt,74,1
Warm and cozy home sleep 4 near JFK & LGA airport,454216204,Queens,Queens Village,40.72317000000000319914761348627507686614990234375,-73.7396899999999959618435241281986236572265625,Entire home/apt,175,1
Beautiful Luxe Cozy Studio Unit,368998469,Bronx,Norwood,40.87763069999999743231455795466899871826171875,-73.8746407000000004927642294205725193023681640625,Entire home/apt,94,1
Cozy Space with Backyard & Kitchen,454216204,Queens,Queens Village,40.72200000000000130739863379858434200286865234375,-73.7407199999999960482455207966268062591552734375,Entire home/apt,1250,1
Historic 3BR Brownstone Carriage House in Brooklyn,462218955,Brooklyn,Bedford-Stuyvesant,40.687269757605690756463445723056793212890625,-73.9464754611253880511867464520037174224853515625,Entire home/apt,743,1
Apartment Deluxe #5,177174475,Manhattan,Midtown,40.74596999999999979991116560995578765869140625,-73.9888799999999946521711535751819610595703125,Entire home/apt,136,1
Stylish 1 Bedroom Apartment in a brownstone house,446908191,Brooklyn,Cypress Hills,40.68618000000000023419488570652902126312255859375,-73.877219999999994115569279529154300689697265625,Entire home/apt,91,1
Designer Brighton Beach Pad,1121064,Brooklyn,Brighton Beach,40.5772400000000033060132409445941448211669921875,-73.9646000000000043428372009657323360443115234375,Entire home/apt,285,1
Artist's Den in the Heart of NYC (34th st/5th ave),463759573,Manhattan,Midtown,40.75374000000000052068571676500141620635986328125,-73.9904999999999972715158946812152862548828125,Entire home/apt,166,1
Cozy 1-Bedroom Rental Unit,210287939,Brooklyn,East New York,40.6629999999999967030817060731351375579833984375,-73.8908100000000018781065591610968112945556640625,Entire home/apt,104,1
420 friendly 1 bedroom apartment,254335433,Bronx,Parkchester,40.83415600000000011959855328314006328582763671875,-73.85741400000000567160896025598049163818359375,Entire home/apt,85,1
Beautiful Duplex with Additional One Bedroom Apt.,128823061,Manhattan,Kips Bay,40.74074999999999846522769075818359851837158203125,-73.9783699999999981855580699630081653594970703125,Entire home/apt,800,1
Lovely 3 bedroom apartment in Brooklyn Sunset Park,8259529,Brooklyn,Sunset Park,40.649979999999999336068867705762386322021484375,-74.0040000000000048885340220294892787933349609375,Entire home/apt,205,1
Charming Easy 1 bedroom 1 block from Fort Greene,2329909,Brooklyn,Fort Greene,40.69131999999999749206835986115038394927978515625,-73.9732499999999930651028989814221858978271484375,Entire home/apt,210,1
Newly Renovated 1-Bedroom Home With Free Parking.,454168664,Bronx,Van Nest,40.84212000000000131194610730744898319244384765625,-73.8685600000000022191670723259449005126953125,Entire home/apt,72,1
lovely 3 bedroom unit w\ walking distance to LGA,390384656,Queens,East Elmhurst,40.76735699999999695819496992044150829315185546875,-73.8720249999999936107997200451791286468505859375,Entire home/apt,151,1
Studio Apartment #2,48088611,Manhattan,Midtown,40.74813000000000329237082041800022125244140625,-73.986850000000004001776687800884246826171875,Entire home/apt,112,1
LanaLew coZy stay,130755514,Brooklyn,Brownsville,40.6564800000000019508661353029310703277587890625,-73.90552999999999883584678173065185546875,Entire home/apt,82,1
꧁15 🅼🅸🅽 🆃🅾 🅼🅰🅽🅷🅰🆃🆃🅰🅽꧂FREE street PARKING,455683614,Brooklyn,Bedford-Stuyvesant,40.67933000000000021145751816220581531524658203125,-73.9423599999999936471795081160962581634521484375,Entire home/apt,236,1
Exquisite 5BR in Prime Midtown! A+ Location!,391616930,Manhattan,Hell's Kitchen,40.7625000000000028421709430404007434844970703125,-73.991860000000002628439688123762607574462890625,Entire home/apt,650,1
Jay & Jo AirBNB,391168473,Brooklyn,Bushwick,40.68388999999999811052475706674158573150634765625,-73.9095099999999973761077853851020336151123046875,Entire home/apt,250,1
2L Unique Studio + Loft Artistic Trendy Brooklyn,45735004,Brooklyn,Bushwick,40.6977600000000023783286451362073421478271484375,-73.930170000000003938112058676779270172119140625,Entire home/apt,86,1
Private 1BR 2ndFl Unit Entire Space for Rent NYC,152599955,Queens,Richmond Hill,40.691789999999997462509782053530216217041015625,-73.834509999999994533936842344701290130615234375,Entire home/apt,81,1
💙⭐️ BLUE COOL CONDO ENTIRE 2BR w/ BACKYARD ⭐️💙,374576747,Bronx,Mott Haven,40.8054699999999996862243278883397579193115234375,-73.9192900000000037152858567424118518829345703125,Entire home/apt,193,1
"New 2 bedroom apartment 
5min from jfk airport",368465567,Queens,Jamaica,40.673000000000001818989403545856475830078125,-73.7813000000000016598278307355940341949462890625,Entire home/apt,180,1
Beautiful 1bedroom apartment 5min from jfk airport,368465567,Queens,Jamaica,40.6716100000000011505107977427542209625244140625,-73.780270000000001573425834067165851593017578125,Entire home/apt,145,1
1 bedroom apartment 2 full size bed available,368465567,Queens,Jamaica,40.671840000000003101376933045685291290283203125,-73.7806800000000038153302739374339580535888671875,Entire home/apt,150,1
Astoria Gem /Two baths/  Newly renovated / Wi-Fi,32087888,Queens,Astoria,40.77474000000000131649358081631362438201904296875,-73.9265299999999996316546457819640636444091796875,Entire home/apt,169,1
Lovely 2 bedroom apartment/near hospital,260808690,Bronx,Claremont Village,40.843213138843708520653308369219303131103515625,-73.9068187669291916108704754151403903961181640625,Entire home/apt,250,1
Quaint BlueRoom. For Personal Comfort.,448112944,Brooklyn,Canarsie,40.64303000000000309910319629125297069549560546875,-73.8920800000000070895112003199756145477294921875,Entire home/apt,120,1
"The  Retreat 2.0- Modern home, Heart of Brooklyn",192390368,Brooklyn,East Flatbush,40.642189999999999372448655776679515838623046875,-73.9515099999999989677235134877264499664306640625,Entire home/apt,219,1
Large family style 3 bedroom apartment near subway,13768808,Brooklyn,Midwood,40.6097400000000021691448637284338474273681640625,-73.9693199999999961846697260625660419464111328125,Entire home/apt,145,1
3 Bedroom Apt in the heart of Astoria,415121156,Queens,Astoria,40.7641100000000022873791749589145183563232421875,-73.9090699999999998226485331542789936065673828125,Entire home/apt,229,1
Lrg apt big house priv community,455808073,Brooklyn,Sea Gate,40.57898300000000091358742793090641498565673828125,-74.00488300000000663203536532819271087646484375,Entire home/apt,196,1
The Flatbush Flat,388575050,Brooklyn,Prospect-Lefferts Gardens,40.65710800000000091358742793090641498565673828125,-73.9594120000000003756213118322193622589111328125,Entire home/apt,102,1
3-bedroom central Flushing Spacious Light-filled,45400201,Queens,Flushing,40.75867000000000217596607399173080921173095703125,-73.8169999999999930651028989814221858978271484375,Entire home/apt,408,1
Studio Loft in Artist's Building,23510890,Bronx,Port Morris,40.80933999999999883812051848508417606353759765625,-73.9298900000000003274180926382541656494140625,Entire home/apt,120,1
"Lotus Flower-Lovely 3-Bedroom Apt, Flatbush Bklyn",444659093,Brooklyn,Flatbush,40.6445599999999984675014275126159191131591796875,-73.955119999999993751771398819983005523681640625,Entire home/apt,215,1
SUITE APARMENT WITH G,388759271,Queens,East Elmhurst,40.76304999999999978399500832892954349517822265625,-73.8619499999999931105776340700685977935791015625,Entire home/apt,125,1
2 Bedroom on Tree-lined Street in NYC,181499542,Bronx,Schuylerville,40.83720696816512685245470493100583553314208984375,-73.83603207172694737892015837132930755615234375,Entire home/apt,125,1
Lrg Modern Newly Furbished Well Lit Private Studio,465532852,Queens,Maspeth,40.73872999999999677811501896940171718597412109375,-73.90649999999999408828443847596645355224609375,Entire home/apt,200,1
"Penthouse Recording Studio, Roofdeck & Views",20290799,Manhattan,Flatiron District,40.7413499999999970668795867823064327239990234375,-73.98989000000000260115484707057476043701171875,Entire home/apt,750,1
Staycation- 30min to NYC Airports+Locals Welcome,333057838,Brooklyn,Flatlands,40.63157000000000351747075910679996013641357421875,-73.921639999999996462065610103309154510498046875,Entire home/apt,145,1
Luxury 5 bedroom upper west side townhouse,37735129,Manhattan,Upper West Side,40.78428000000000253066900768317282199859619140625,-73.9745400000000046247805585153400897979736328125,Entire home/apt,4000,1
Sleeps 4 * FREE Breakfast * Whole Apartment,27325352,Manhattan,Harlem,40.82504000000000132786226458847522735595703125,-73.9462099999999935562300379388034343719482421875,Entire home/apt,158,1
3 Bedroom w/private bath in flushing,475832490,Queens,Flushing,40.75539207003286179542556055821478366851806640625,-73.817163665779929715426987968385219573974609375,Entire home/apt,217,1
Spacious 1 Bedroom in Trendy Chelsea,314253814,Manhattan,Chelsea,40.74842000000000297177393804304301738739013671875,-74.0019999999999953388396534137427806854248046875,Entire home/apt,180,1
Lovely cozy studio.,90632607,Brooklyn,Sunset Park,40.65615999999999985448084771633148193359375,-73.999539999999996098267729394137859344482421875,Entire home/apt,101,1
Lovely Studio condo in parkchester Bronx,473676042,Bronx,Parkchester,40.83872999999999819920049048960208892822265625,-73.8612499999999982946974341757595539093017578125,Entire home/apt,100,1
SoHo View Room; Two Beds in Hotel Comfort #2,470859718,Manhattan,Tribeca,40.71882000000000090267349150963127613067626953125,-74.0030100000000032878233469091355800628662109375,Entire home/apt,206,1
SoHo View Premier Room; 2 Beds in Hotel Comfort #2,470859718,Manhattan,SoHo,40.71967000000000069803718361072242259979248046875,-74.0006800000000026784618967212736606597900390625,Entire home/apt,272,1
Tangerine's Place in BK - Spacious & luxurious,5092111,Brooklyn,Crown Heights,40.672989999999998644852894358336925506591796875,-73.9291400000000038517100620083510875701904296875,Entire home/apt,200,1
"Huge 3 Bedroom, 2 Bath + Washer/Dryer and Patio",203169632,Manhattan,Upper East Side,40.76324000000000324916982208378612995147705078125,-73.9637900000000030331648304127156734466552734375,Entire home/apt,578,1
Williamsburg getaway,197753492,Brooklyn,Williamsburg,40.7118808999999970410499372519552707672119140625,-73.9538802999999944631781545467674732208251953125,Entire home/apt,121,1
Homely 1-bedroom apartment,251217819,Brooklyn,East Flatbush,40.657330000000001746229827404022216796875,-73.91897000000000161890056915581226348876953125,Entire home/apt,130,1
3BR Apt | Walk to Bars & Cafes | Steps to Subway,474973421,Brooklyn,Crown Heights,40.67204000000000263526089838705956935882568359375,-73.957750000000004320099833421409130096435546875,Entire home/apt,220,1
Lovely 1-bedroom apartment one stop from Manhattan,39449252,Brooklyn,Williamsburg,40.713215600000012273085303604602813720703125,-73.956323099999991654840414412319660186767578125,Entire home/apt,100,1
SoHo View Room (Full-Size Bed) in Hotel Comfort,470859718,Manhattan,Chinatown,40.71806000000000125282895169220864772796630859375,-74.0009500000000031150193535722792148590087890625,Entire home/apt,122,1
Cozy 3 bedrooms Apartment in quiet neighborhood!,472794721,Queens,Briarwood,40.70741000000000298086888506077229976654052734375,-73.8085999999999984311216394416987895965576171875,Entire home/apt,263,1
"Modern 1BR Apt. in NYC, 15 min. to Times Square",469261629,Queens,Sunnyside,40.74016000000000303771230392158031463623046875,-73.919749999999993406163412146270275115966796875,Entire home/apt,124,1
Exquisite Couples Suite,304559935,Brooklyn,Bensonhurst,40.6099099999999992860466591082513332366943359375,-74.006090000000000372892827726900577545166015625,Entire home/apt,108,1
East River Bliss,110367811,Queens,Whitestone,40.79885999999999768306224723346531391143798828125,-73.8199699999999978672349243424832820892333984375,Entire home/apt,200,1
Modern 2 bed in Brooklyn,419834692,Brooklyn,East New York,40.66326000000000107093001133762300014495849609375,-73.8795899999999932106220512650907039642333984375,Entire home/apt,189,1
Private 2 Bedroom in Brooklyn 20 mins to Manhattan,444607348,Brooklyn,Flatbush,40.63359719999999697392922826111316680908203125,-73.964679399999994302561390213668346405029296875,Entire home/apt,101,1
Queens 2BR Apartment Wi-Fi & Amenities - 10 to LGA,420975523,Queens,Maspeth,40.73508000000000350837581208907067775726318359375,-73.8969699999999960482455207966268062591552734375,Entire home/apt,91,1
浪漫情怀整套三房一厅2卫,107183778,Queens,Flushing,40.76899999999999835154085303656756877899169921875,-73.8307099999999962847141432575881481170654296875,Entire home/apt,232,1
温馨舒适整套房4房2卫一厅,107183778,Queens,Flushing,40.76828400000000129921318148262798786163330078125,-73.831322000000000116415321826934814453125,Entire home/apt,266,1
Entire apartment•Brooklyn•8 ave,82363341,Brooklyn,Sunset Park,40.6359700000000003683453542180359363555908203125,-74.0093600000000009231371222995221614837646484375,Entire home/apt,108,1
"Clean, Cozy & Stylish 2-Bedroom walkup rental unit",89162637,Manhattan,Harlem,40.81537999999999755118551547639071941375732421875,-73.9447200000000037789504858665168285369873046875,Entire home/apt,325,1
Luxury and Lavish Studio Apartment In Throggs Neck,451983217,Bronx,Throgs Neck,40.82957999999999998408384271897375583648681640625,-73.8259599999999949204720905981957912445068359375,Entire home/apt,88,1
Lovely unit W Washer & dryer/garage. 12 min to JFK,179622857,Queens,Jamaica,40.6845799999999968576958053745329380035400390625,-73.7619600000000019690560293383896350860595703125,Entire home/apt,117,1
Entire basement Apt very large and Fully furnished,464578626,Bronx,Tremont,40.8433500000000009322320693172514438629150390625,-73.887169999999997571649146266281604766845703125,Entire home/apt,88,1
Basement Apartment & Gym (485 sq feet),17498682,Brooklyn,Crown Heights,40.6754499999999978854248183779418468475341796875,-73.908310000000000172803993336856365203857421875,Entire home/apt,63,1
Lovely 2-bedroom apartment in Ozone park queens,438014463,Queens,Ozone Park,40.686791999999996960468706674873828887939453125,-73.8391151000000007798007573001086711883544921875,Entire home/apt,104,1
Brooklyn garden studio apartment,199011457,Brooklyn,Cypress Hills,40.68744000000000227146301767788827419281005859375,-73.8772100000000051522874855436384677886962890625,Entire home/apt,129,1
SoHo View Premier Corner Room in Hotel Comfort,470859718,Manhattan,SoHo,40.7186999999999983401721692644059658050537109375,-74.0008299999999934470906737260520458221435546875,Entire home/apt,166,1
Lovely open 1-Bedroom unit in the heart of Queens,473978913,Queens,East Elmhurst,40.76470195003744123596334247849881649017333984375,-73.882025666534900665283203125,Entire home/apt,111,1
3 Bedrm penthouse w huge kitchen/living rm & patio,454333811,Brooklyn,Williamsburg,40.707279999999997244231053628027439117431640625,-73.9569099999999934880179353058338165283203125,Entire home/apt,238,1
The Best the Bronx has to offer Luxury Studio,193626078,Bronx,Clason Point,40.81636999999999915189619059674441814422607421875,-73.86336000000000012732925824820995330810546875,Entire home/apt,125,1
Brand NEW Garden view Studio with work station,193626078,Bronx,Clason Point,40.81687000000000153931978275068104267120361328125,-73.8637800000000055433702073059976100921630859375,Entire home/apt,185,1
Flushing市中心，走路3分鐘到地鐵站。乾淨舒適2間臥房，環境安靜，大陽台。4C,466634879,Queens,Flushing,40.7578400000000016234480426646769046783447265625,-73.8330299999999937199390842579305171966552734375,Entire home/apt,149,1
*No Ex FEES* The Private Gated Sailor HOUSE! w/GYM,187176491,Brooklyn,Greenpoint,40.72263000000000232603269978426396846771240234375,-73.9410599999999931242200545966625213623046875,Entire home/apt,153,1
Spacious 3 bedroom home right by JFK airport,381610034,Queens,Howard Beach,40.66185999999999722831489634700119495391845703125,-73.85575000000000045474735088646411895751953125,Entire home/apt,254,1
Cozy 2-Bedroom Rental Unit in Queens,473870007,Queens,Bayswater,40.60309000000000168029146152548491954803466796875,-73.7589100000000001955413608811795711517333984375,Entire home/apt,126,1
Two bedrooms unit in the heart of old mill basin,267369381,Brooklyn,Flatlands,40.61234999999999928377292235381901264190673828125,-73.923360000000002401066012680530548095703125,Entire home/apt,141,1
Peaceful 2 bedrooms apartment in Queens at NYC,474215514,Queens,Forest Hills,40.7328600000000022873791749589145183563232421875,-73.8484499999999997044142219237983226776123046875,Entire home/apt,166,1
Lovely #4 studio in a private house close to JFK,330196322,Queens,Richmond Hill,40.687579999999996971382643096148967742919921875,-73.8138900000000006684786058031022548675537109375,Entire home/apt,137,1
"Lovely 3bdrm, 2baths with balcony in living area!!",402052525,Brooklyn,Bushwick,40.69342999999999932470018393360078334808349609375,-73.9176499999999947476680972613394260406494140625,Entire home/apt,250,1
Bright Multi-Studio Loft in Chinatown,465579714,Manhattan,Chinatown,40.7180800000000004956746124662458896636962890625,-73.9960899999999952569851302541792392730712890625,Entire home/apt,1850,1
Large 3 Bedroom/2 Bath High-Rise Condo,284563606,Manhattan,Kips Bay,40.74320999999999770579961477778851985931396484375,-73.9730899999999991223376127891242504119873046875,Entire home/apt,356,1
Entire Guest Suite near JFK/LaGuardia/Casino/UBS,473378930,Queens,South Ozone Park,40.68033170865201242349940002895891666412353515625,-73.8094747666363701910086092539131641387939453125,Entire home/apt,78,1
Studio apartment in beautiful historic Brownstone,51468488,Bronx,Concourse,40.8200599999999980127540766261518001556396484375,-73.927269999999992933226167224347591400146484375,Entire home/apt,92,1
About last night in Brooklyn Crown Heights 😎,396622736,Brooklyn,Crown Heights,40.673079999999998790372046642005443572998046875,-73.93266099999999596548150293529033660888671875,Entire home/apt,151,1
Perfect 2BR/1BA! Upper East Side Central Park!,470533537,Manhattan,Upper East Side,40.7708200000000005047695594839751720428466796875,-73.953260000000000218278728425502777099609375,Entire home/apt,200,1
Sun-soaked 1BR  in heart of Ft. Greene w/ office,10716114,Brooklyn,Fort Greene,40.68903000000000247382558882236480712890625,-73.9714500000000043655745685100555419921875,Entire home/apt,313,1
Flushing市中心，走路3分鐘到地鐵站。乾淨舒適2間臥房，環境安靜，大陽台。4B,466634879,Queens,Flushing,40.757305000000002337401383556425571441650390625,-73.8320179999999908204699750058352947235107421875,Entire home/apt,158,1
Lovely 1 bedroom Casa beauty in the Bronx,459355799,Bronx,Allerton,40.868369999999998753992258571088314056396484375,-73.8533900000000045338310883380472660064697265625,Entire home/apt,85,1
Entire Apartment in Clinton Hill,7877504,Brooklyn,Clinton Hill,40.68321999999999860619936953298747539520263671875,-73.9647800000000046338755055330693721771240234375,Entire home/apt,300,1
Artists’ loft in the heart of Greenpoint.,385166054,Brooklyn,Greenpoint,40.7266800000000017689671949483454227447509765625,-73.944760000000002264641807414591312408447265625,Entire home/apt,117,1
Cozy 2BR rental in NYC! Hell's Kitchen!,387986500,Manhattan,Hell's Kitchen,40.7596800000000030195224098861217498779296875,-73.9908599999999978535925038158893585205078125,Entire home/apt,275,1
"Luxury 3 Bed - 1.5 Bath in Astoria, Queens",135095966,Queens,Ditmars Steinway,40.770139999999997826307662762701511383056640625,-73.9087799999999930378180579282343387603759765625,Entire home/apt,260,1
Cozy two bed room rental- 5 minutes from jfk,230022745,Queens,Rosedale,40.65856000000000136651578941382467746734619140625,-73.7492600000000066984284785576164722442626953125,Entire home/apt,149,1
Lounge + Modern Apartment,303320919,Brooklyn,Bedford-Stuyvesant,40.6840499999999991587174008600413799285888671875,-73.949420000000003483364707790315151214599609375,Entire home/apt,1169,1
Adorable One Bedroom place with a grill,476708855,Queens,Springfield Gardens,40.664749999999997953636921010911464691162109375,-73.7846200000000038698999560438096523284912109375,Entire home/apt,269,1
Relaxed & Cozy Bohemian 3BR APT + Close Transport,107187341,Brooklyn,Bedford-Stuyvesant,40.67745000000000032969182939268648624420166015625,-73.92144999999999299689079634845256805419921875,Entire home/apt,214,1
Lovely 1BR unit! Amazing Upper W Side!,433615899,Manhattan,Upper West Side,40.784120000000001482476363889873027801513671875,-73.975539999999995188773027621209621429443359375,Entire home/apt,125,1
Splendid Entire Apartment,413543496,Bronx,Fordham,40.85282000000000124373400467447936534881591796875,-73.9003000000000014324541552923619747161865234375,Entire home/apt,90,1
Beautiful 1-Bedroom (Mins Away From JFK and LGA),256664689,Queens,Cambria Heights,40.69265209999999655110514140687882900238037109375,-73.735029099999991331060300581157207489013671875,Entire home/apt,129,1
Hidden speakeasy style event venue 1st floor,466450403,Brooklyn,Bedford-Stuyvesant,40.69599000000000188492776942439377307891845703125,-73.945189999999996643964550457894802093505859375,Entire home/apt,1071,1
Nice Paradise 2,274452385,Bronx,Belmont,40.85531999999999896999725024215877056121826171875,-73.8895299999999934925654088146984577178955078125,Entire home/apt,125,1
Apartment with a view in the heart of Queens,96143211,Queens,Jamaica Estates,40.71106999999999942474460112862288951873779296875,-73.7927600000000012414602679200470447540283203125,Entire home/apt,119,1
Entire Guest Suite near JFK/LaGuardia/Casino/UBS,473378930,Queens,South Ozone Park,40.68019679999999738129190518520772457122802734375,-73.8091635999999908790414338000118732452392578125,Entire home/apt,96,1
Artsy 1 bedroom apartment in the heart of Nolita!,57935592,Manhattan,Nolita,40.72096239999999767178451293148100376129150390625,-73.9962939999999917972672847099602222442626953125,Entire home/apt,199,1
Colorful Multi-Studio Loft with Rooftop,465579714,Manhattan,Chinatown,40.7166500000000013415046851150691509246826171875,-73.997669999999999390638549812138080596923828125,Entire home/apt,1850,1
Soho Apartment Prime Location,30751774,Manhattan,Nolita,40.72277070000001231164787895977497100830078125,-73.9940252999999898975147516466677188873291015625,Entire home/apt,260,1
Modern 2 BR Apartment Balcony & Wi-Fi - 10 to LGA,420975523,Queens,Maspeth,40.73507000000000033423930290155112743377685546875,-73.896670000000000300133251585066318511962890625,Entire home/apt,96,1
Lovely 2 bedroom Apartment in Queens.,471850331,Queens,St. Albans,40.70524999999999948840923025272786617279052734375,-73.750820000000004483808879740536212921142578125,Entire home/apt,158,1
Cheerful 6Bd BK Town Home 30 min. to Manhattan,471303517,Brooklyn,East New York,40.6663199999999989131538313813507556915283203125,-73.8811400000000020327206584624946117401123046875,Entire home/apt,569,1
Sun drenched 2 bed in amazing location,12639098,Brooklyn,Park Slope,40.68030999999999863803168409503996372222900390625,-73.98048000000000001818989403545856475830078125,Entire home/apt,171,1
Lovely apartment 2bedrooms for up to 6 in Brooklyn,89158311,Brooklyn,Crown Heights,40.67609716267590869165360345505177974700927734375,-73.955904548494203254449530504643917083740234375,Entire home/apt,282,1
Open floor plan loft in Williamsburg,100497914,Brooklyn,Williamsburg,40.7060800000000000409272615797817707061767578125,-73.953170000000000072759576141834259033203125,Entire home/apt,300,1
Lovely event space in Brooklyn,471710658,Brooklyn,Cypress Hills,40.67986210000000113495843834243714809417724609375,-73.8926632000000012112650438211858272552490234375,Entire home/apt,800,1
Private 1 Bed Garden Apartment Close to Everything,471710575,Staten Island,St. George,40.64638039999999818974174559116363525390625,-74.08203489999999646897776983678340911865234375,Entire home/apt,136,1
Lovely 3 bedroom apartment w/Balcony and BBQ Grill,26349246,Brooklyn,Williamsburg,40.71426000000000300360625260509550571441650390625,-73.9504299999999972214936860837042331695556640625,Entire home/apt,296,1
Beautifully renovated studio,385558721,Queens,Arverne,40.59293000000000262161847786046564579010009765625,-73.798509999999993169694789685308933258056640625,Entire home/apt,98,1
Delight 2bdrm tiny with FREE parking on premises,241697765,Brooklyn,East New York,40.671120000000001937223714776337146759033203125,-73.8602499999999935198502498678863048553466796875,Entire home/apt,157,1
Perfect 1 bedroom with living room COZY!!!,471204759,Brooklyn,Bedford-Stuyvesant,40.6817300000000017234924598596990108489990234375,-73.9368199999999973215381032787263393402099609375,Entire home/apt,99,1
Adorable 2 bedroom place near water activities.,471301818,Queens,Arverne,40.59613999999999833789843250997364521026611328125,-73.7942000000000035697667044587433338165283203125,Entire home/apt,77,1
Modern / Cozy / Stunning location,79923089,Brooklyn,Williamsburg,40.7124900000000025102053768932819366455078125,-73.967230000000000700310920365154743194580078125,Entire home/apt,288,1
Stylish apartment in the heart of the West Village,135550138,Manhattan,West Village,40.7372354290463789538989658467471599578857421875,-74.002670170369810875854454934597015380859375,Entire home/apt,790,1
Beautiful Renovated 1BR APT w/ King Bed & Kitchen,101776118,Brooklyn,Fort Hamilton,40.6226199999999977308107190765440464019775390625,-74.0294999999999987494447850622236728668212890625,Entire home/apt,134,1
Brand new 2bdrm apartment in the heart of Brooklyn,366337052,Brooklyn,Bedford-Stuyvesant,40.68060270000000144818841363303363323211669921875,-73.9326410999999978912455844692885875701904296875,Entire home/apt,211,1
Stylish & Cozy | ♛ King Bed | In the ♥ of Flushing,212164658,Queens,Flushing,40.75607000000000113004716695286333560943603515625,-73.8258799999999979490894475020468235015869140625,Entire home/apt,156,1
Lovely 2 Bedroom Apartment,434697141,Queens,Flushing,40.767730000000000245563569478690624237060546875,-73.8171300000000059071680880151689052581787109375,Entire home/apt,121,1
Perfect Times Square / Theater District Getaway,473152486,Manhattan,Hell's Kitchen,40.76122000000000156205715029500424861907958984375,-73.991479999999995698090060614049434661865234375,Entire home/apt,257,1
"Elegant, Spacious & Awe Inspiring Ditmas Park 1 BR",85140494,Brooklyn,Flatbush,40.642020000000002255546860396862030029296875,-73.9599099999999936017047730274498462677001953125,Entire home/apt,150,1
"3 Bedroom Bathed in sunlight, Free Street Parking",36741644,Brooklyn,Crown Heights,40.67808000000000134832589537836611270904541015625,-73.9444799999999986539478413760662078857421875,Entire home/apt,300,1
Lovely 1- bedroom rental unit in Brooklyn,471182640,Brooklyn,Midwood,40.61245999999999867213773541152477264404296875,-73.9453199999999952751750242896378040313720703125,Entire home/apt,151,1
"4540 Hoxie st, Bronx, NY. 1-Bedroom Apartment- A1",239431510,Bronx,Wakefield,40.902050000000002683009370230138301849365234375,-73.84750999999999976353137753903865814208984375,Entire home/apt,130,1
Midtown Two-Bedrooms,388603242,Manhattan,Midtown,40.74721100000000006957634468562901020050048828125,-73.987808000000001129592419601976871490478515625,Entire home/apt,219,1
Spacious 2 bed apt in Hell’s kitchen NYC 5 ppl,35412557,Manhattan,Hell's Kitchen,40.76290000000000190993887372314929962158203125,-73.9895999999999958163243718445301055908203125,Entire home/apt,294,1
STUNNING Luxury NYC Experience w/o NYC Prices!!!,71333426,Manhattan,Midtown,40.7533499999999975216269376687705516815185546875,-73.9718299999999970850694808177649974822998046875,Entire home/apt,450,1
#3 Perfect 1-Bedroom Patio Bright Artsy Brooklyn,45735004,Brooklyn,Bushwick,40.69832999999999856299837119877338409423828125,-73.9299400000000019872459233738481998443603515625,Entire home/apt,131,1
Rumble Suite - Master 3 Bedroom with Huge Patio,230947125,Brooklyn,Bedford-Stuyvesant,40.69082999999999827878127689473330974578857421875,-73.933930000000003701643436215817928314208984375,Entire home/apt,499,1
Conveniently Located LL Studio in Bensonhurst Area,31895696,Brooklyn,Bath Beach,40.60323120000000329810063703916966915130615234375,-74.003639800000001969237928278744220733642578125,Entire home/apt,110,1
Harlem Elegance,449756091,Manhattan,Harlem,40.8186699999999973442754708230495452880859375,-73.94513000000000602085492573678493499755859375,Entire home/apt,225,1
THE EXPERIENCE AT JFK. BRAND NEW ECLECTIC AIRBNB.,304726994,Queens,Jamaica,40.66884999999999905639924691058695316314697265625,-73.7720699999999993679011822678148746490478515625,Entire home/apt,123,1
The Cana Cabana,388575050,Brooklyn,Canarsie,40.6453599999999966030372888781130313873291015625,-73.9050399999999996225596987642347812652587890625,Entire home/apt,500,1
We like pink and we like glitter,453271960,Queens,St. Albans,40.698790000000002464730641804635524749755859375,-73.754760000000004538378561846911907196044921875,Entire home/apt,102,1
"42 W 58th Street,  Spacious Accessible Apt",176950173,Manhattan,Midtown,40.764690000000001646185410209000110626220703125,-73.9767800000000050886228564195334911346435546875,Entire home/apt,444,1
"Accessible Studio, 24/7 Onsite Team",176950173,Manhattan,Midtown,40.76550999999999902456693234853446483612060546875,-73.976100000000002410160959698259830474853515625,Entire home/apt,268,1
One Bedroom King Bed at Hampton Inn Times Square,452868879,Manhattan,Theater District,40.7624100000000026966517907567322254180908203125,-73.98475999999999430656316690146923065185546875,Entire home/apt,799,1
Guest Room with 2 Queen Beds at Hilton Garden Inn Times Square,452868279,Manhattan,Theater District,40.76019999999999754436430521309375762939453125,-73.987210000000004583853296935558319091796875,Entire home/apt,699,1
Bushwick townhouse apartment for 9 guests,452371640,Brooklyn,Bushwick,40.68918000000000034788172342814505100250244140625,-73.9110600000000061982063925825059413909912109375,Entire home/apt,352,1
Guest Room with 1 King Bed at Hilton Garden Inn Times Square,452868279,Manhattan,Theater District,40.76012999999999664169081370346248149871826171875,-73.9869800000000026329871616326272487640380859375,Entire home/apt,699,1
Midtown 2 beds rooms / APT,388603242,Manhattan,Midtown,40.74721100000000006957634468562901020050048828125,-73.987808000000001129592419601976871490478515625,Entire home/apt,246,1
Midtown 1double 1 bunk bed Studio,388603242,Manhattan,Midtown,40.74721100000000006957634468562901020050048828125,-73.987808000000001129592419601976871490478515625,Entire home/apt,198,1
Midtwon 3double beds Studio,388603242,Manhattan,Midtown,40.74721100000000006957634468562901020050048828125,-73.987808000000001129592419601976871490478515625,Entire home/apt,203,1
Modern Lounge,48194192,Brooklyn,Bedford-Stuyvesant,40.685620000000000118234311230480670928955078125,-73.9493800000000049976733862422406673431396484375,Entire home/apt,310,1
RareFind Midtown Location Studio with full kitchen,388603242,Manhattan,Midtown,40.74721100000000006957634468562901020050048828125,-73.987808000000001129592419601976871490478515625,Entire home/apt,159,1
2-bedroom beach house with backyard and hot tub,380729610,Queens,Edgemere,40.59599999999999653255144949071109294891357421875,-73.77114000000000260115484707057476043701171875,Entire home/apt,380,1
1-bedroom 2-bathroom beach house with backyard,380729610,Queens,Edgemere,40.5952199999999976398612488992512226104736328125,-73.77168000000000347426976077258586883544921875,Entire home/apt,290,1
Peace and quiet in the hustle and bustle.,189075482,Brooklyn,Cypress Hills,40.67940999999999718284016125835478305816650390625,-73.8907999999999987039700499735772609710693359375,Entire home/apt,135,1
Lovely 1 bedroom in Hell's Kitchen,170568130,Manhattan,Hell's Kitchen,40.7660800000000023146640160121023654937744140625,-73.99371999999999616193235851824283599853515625,Entire home/apt,80,1
Lovely Studio in Murray Hill NYC,170568130,Manhattan,Midtown,40.7450299999999998590283212251961231231689453125,-73.98138000000000147338141687214374542236328125,Entire home/apt,80,1
Spacious private room in a private rental #7,433145666,Manhattan,Midtown,40.74636000000000279896994470618665218353271484375,-73.9885000000000019326762412674725055694580078125,Entire home/apt,186,1
420 - for your smoking pleasure,53877127,Brooklyn,Bensonhurst,40.6087399999999973942976794205605983734130859375,-73.9987399999999979627318680286407470703125,Entire home/apt,119,1
Pelham pkwy Posh Pad. 1br mins away from Bronx zoo,346723005,Bronx,Bronxdale,40.85416000000000025238477974198758602142333984375,-73.86907999999999674400896765291690826416015625,Entire home/apt,254,1
Modern 1 bedroom and bath condo in Brooklyn,63813702,Brooklyn,Bedford-Stuyvesant,40.681049999999999045030563138425350189208984375,-73.9452399999999983037923811934888362884521484375,Entire home/apt,200,1
Luxe King Bachelor Pad In Heart Of NY . NYC 10 min,444548081,Queens,Maspeth,40.72414152062849979074599104933440685272216796875,-73.901050796895361827409942634403705596923828125,Entire home/apt,280,1
Lovely 1 bd apt in the heart of New York City!,37044025,Manhattan,Hell's Kitchen,40.75704999999999955662133288569748401641845703125,-73.9914700000000067348082666285336017608642578125,Entire home/apt,214,1
Cute 1BR in Williamsburg,6980995,Brooklyn,Williamsburg,40.70927999999999968849806464277207851409912109375,-73.95368999999999459760147146880626678466796875,Entire home/apt,150,1
"The Papaya, Modern Studio with work station",378802243,Bronx,Olinville,40.87695000000000078443918027915060520172119140625,-73.867379999999997153281583450734615325927734375,Entire home/apt,175,1
Cheerful Studio in Queens next to Green Acres Mall,439436915,Queens,Rosedale,40.6647099999999994679455994628369808197021484375,-73.7298799999999943111106404103338718414306640625,Entire home/apt,79,1
Cheerful getaway by the beach,433324460,Queens,Edgemere,40.5946500000000014551915228366851806640625,-73.77496999999999616193235851824283599853515625,Entire home/apt,127,1
"The Tulum Experience JFK, LGA, Casino, UBS Arena",144688687,Queens,Springfield Gardens,40.6666799999999994952304405160248279571533203125,-73.763779999999997016857378184795379638671875,Entire home/apt,205,1
Right in the Heart of NYC West 57th Street-By Hilt,355450429,Manhattan,Midtown,40.7644039999999989731804816983640193939208984375,-73.97795899999999846841092221438884735107421875,Entire home/apt,115,1
🪴Cirilo's Home: Inspiring apartment in Brooklyn🪴,127983545,Brooklyn,Crown Heights,40.67309999999999803321770741604268550872802734375,-73.9168800000000061345417634584009647369384765625,Entire home/apt,363,1
Entire Apt. Near JFK & NYC.,93827372,Queens,Rosedale,40.6588739000000032319803722202777862548828125,-73.728651399999989735078997910022735595703125,Entire home/apt,169,1
AMAZING Location| King Bed | GREAT PRICE,212164658,Queens,Flushing,40.75601999999999947021933621726930141448974609375,-73.8258799999999979490894475020468235015869140625,Entire home/apt,123,1
Lovely 2 Bedroom Apartment in Elmhurst,334611519,Queens,Elmhurst,40.737650000000002137312549166381359100341796875,-73.8710999999999984311216394416987895965576171875,Entire home/apt,132,1
Lovely 2 bedroom unit with patio right by the park,31483029,Brooklyn,Prospect Heights,40.6758099999999984675014275126159191131591796875,-73.9641299999999972669684211723506450653076171875,Entire home/apt,115,1
Be on vacation feel home,104277076,Queens,Astoria,40.76550999999999902456693234853446483612060546875,-73.912430000000000518411980010569095611572265625,Entire home/apt,134,1
"Eclectic spacious 2 BR, perfect for work-from-home",81035627,Manhattan,Harlem,40.81523895263671875,-73.93898773193359375,Entire home/apt,136,1
Brooklyn Railroad Apartment,3931900,Brooklyn,Williamsburg,40.71300000000000096633812063373625278472900390625,-73.94162000000000034560798667371273040771484375,Entire home/apt,99,1
cozy and cute 420 friendly,53877127,Brooklyn,Bensonhurst,40.6076699999999988222043612040579319000244140625,-73.99714000000000169166014529764652252197265625,Entire home/apt,129,1
Cozy 2 Bedroom Apartment on Prospect Park,18712636,Brooklyn,Prospect-Lefferts Gardens,40.65697999999999723286236985586583614349365234375,-73.96129999999999427018337883055210113525390625,Entire home/apt,51,1
Family friendly 2-bedroom flat in Bed-Stuy,5719357,Brooklyn,Bedford-Stuyvesant,40.6827100000000001500666257925331592559814453125,-73.916480000000007066773832775652408599853515625,Entire home/apt,200,1
Comfy bright studio in a prime location near train,217821911,Manhattan,Upper East Side,40.77891000000000332192939822562038898468017578125,-73.95274000000000569343683309853076934814453125,Entire home/apt,250,1
The Franklin Lux Studio on Park Avenue,226931496,Bronx,Mount Hope,40.84855999999999909277903498150408267974853515625,-73.9007600000000053341864258982241153717041015625,Entire home/apt,135,1
Beautiful 3 bedroom 2 full baths near the beach,454319729,Queens,Belle Harbor,40.57953599999999738656697445549070835113525390625,-73.84985399999999344800016842782497406005859375,Entire home/apt,228,1
Gem. Williamsburg 2 bedroom 5 min to NYC.,376426580,Brooklyn,Williamsburg,40.70812000000000097088559414260089397430419921875,-73.9549099999999981491782818920910358428955078125,Entire home/apt,120,1
1-bedroom rental unit in Queens,169873853,Queens,Ridgewood,40.706220000000001846274244599044322967529296875,-73.9053799999999938563632895238697528839111328125,Entire home/apt,91,1
New York Great  Place To Stay Near Subway & Shops!,8997485,Brooklyn,Gravesend,40.5982249999999993406163412146270275115966796875,-73.9808809999999965612005325965583324432373046875,Entire home/apt,99,1
"lovely 3bedroom getaway w/ 2bath, private parking.",61693856,Brooklyn,East New York,40.66711000000000097998054116033017635345458984375,-73.883430000000004156390787102282047271728515625,Entire home/apt,169,1
浪漫风格整套房2房一厅2卫,107183778,Queens,Flushing,40.76928000000000196223481907509267330169677734375,-73.832130000000006475602276623249053955078125,Entire home/apt,128,1
The CoAir Suite,264393536,Brooklyn,Crown Heights,40.6738500000000016143530956469476222991943359375,-73.9538199999999932288119453005492687225341796875,Entire home/apt,107,1
*Modern 3 bedroom near Restaurants & Shopping!,428686533,Brooklyn,Bushwick,40.69153000000000020008883439004421234130859375,-73.9217799999999982674125931225717067718505859375,Entire home/apt,146,1
"1 bedroom NYC apartment, steps from Times Square",33128396,Manhattan,Hell's Kitchen,40.76068000000000068894223659299314022064208984375,-73.9882199999999983219822752289474010467529296875,Entire home/apt,329,1
Studio apartment  2BR Renovated 2022! House@Queens,200239515,Queens,Woodside,40.7427500000000009094947017729282379150390625,-73.8931400000000024874680093489587306976318359375,Entire home/apt,99,1
"Entire Rental Unit + Patio
Bedford-Stuy/Bushwick",327215025,Brooklyn,Bedford-Stuyvesant,40.6949800000000010413714335300028324127197265625,-73.9353100000000011959855328314006328582763671875,Entire home/apt,140,1
TheCrystalLight,180045980,Brooklyn,East New York,40.67392000000000251702658715657889842987060546875,-73.87283999999999650754034519195556640625,Entire home/apt,165,1
Relaxing 1 bedroom with indoor fireplace.,96889845,Queens,Queens Village,40.706553700000000617365003563463687896728515625,-73.7439012999999903286152402870357036590576171875,Entire home/apt,136,1
Cozy One bedroom Apartment in Brooklyn.,449903407,Brooklyn,East Flatbush,40.65064686501934687612447305582463741302490234375,-73.91889631748199462890625,Entire home/apt,87,1
Spacious 2BR in Queens NYC  Easy Access to JFK/LGA,152599955,Queens,Richmond Hill,40.6939399999999977808329276740550994873046875,-73.834530000000000882209860719740390777587890625,Entire home/apt,120,1
Lovely 1 bedroom in Brooklyn,142716783,Brooklyn,Canarsie,40.63257999999999725559973740018904209136962890625,-73.893100000000004001776687800884246826171875,Entire home/apt,92,1
Midtown Duplex Studio,388603242,Manhattan,Midtown,40.74721100000000006957634468562901020050048828125,-73.987808000000001129592419601976871490478515625,Entire home/apt,392,1
Midtown One-Bedroom,388603242,Manhattan,Midtown,40.74721100000000006957634468562901020050048828125,-73.987808000000001129592419601976871490478515625,Entire home/apt,370,1
Cheerful 1 Bedroom in Brooklyn!,452776580,Brooklyn,East Flatbush,40.6481399999999979399945004843175411224365234375,-73.9213199999999943656803225167095661163330078125,Entire home/apt,99,1
Spacious 6BD apartment near Prospect Park,26349246,Brooklyn,Crown Heights,40.672730000000001382431946694850921630859375,-73.9538500000000027512214728631079196929931640625,Entire home/apt,476,1
3-bedroom beach house with backyard and hot tub,380729610,Queens,Edgemere,40.59492900000000048521542339585721492767333984375,-73.7706989999999933615981717593967914581298828125,Entire home/apt,460,1
"Spectacular 2 Bedrooms Apt 1st FL in Elmhurst, NY",440921674,Queens,Elmhurst,40.73037000000000062982508097775280475616455078125,-73.8855300000000028148861019872128963470458984375,Entire home/apt,150,1
"Wonderful 2 Bedrooms Apartment in Elmhurst, NY",440921674,Queens,Elmhurst,40.732540000000000190993887372314929962158203125,-73.884309999999999263309291563928127288818359375,Entire home/apt,150,1
Newly renovated one bedroom home near JFK airport,451557423,Queens,Jamaica,40.66680000000000205773176276125013828277587890625,-73.783829999999994697645888663828372955322265625,Entire home/apt,95,1
Cozy 1 Bedroom with a Rooftop.. close to NYC Ferry,54799031,Bronx,Clason Point,40.820369999999996935002855025231838226318359375,-73.86435000000000172803993336856365203857421875,Entire home/apt,75,1
UBS area two bedroom rental!  BELLEROSE,450642351,Queens,Bellerose,40.7294499999999999317878973670303821563720703125,-73.719909999999998717612470500171184539794921875,Entire home/apt,144,1
Event Friendly 1 bedroom 4 beds 1 block to J Train,451261962,Queens,Richmond Hill,40.695210000000002992237568832933902740478515625,-73.834460000000007084963726811110973358154296875,Entire home/apt,86,1
Condo (PH) Like Views Of NYC Luxurious Getaway,455117561,Brooklyn,Flatbush,40.65348000000000183717929758131504058837890625,-73.953159999999996898623066954314708709716796875,Entire home/apt,300,1
1 Bed Apt Furnished as of 1/2/23,40232160,Manhattan,Murray Hill,40.748083808999552957175183109939098358154296875,-73.9752831843945131140571902506053447723388671875,Entire home/apt,125,1
Private studio apartment in Fortgreene prime area,398614581,Brooklyn,Fort Greene,40.687351226806640625,-73.97510528564453125,Entire home/apt,119,1
⭐️⭐ Unique Urban Oasis 2BR Condo w/  Backyard ⭐️⭐️,374576747,Bronx,Port Morris,40.80705999999999988858689903281629085540771484375,-73.928730000000001609805622138082981109619140625,Entire home/apt,308,1
Superb location 3BR Loft with Desk! Times Square!,373999338,Manhattan,Hell's Kitchen,40.7544299999999992678567650727927684783935546875,-73.994540000000000645741238258779048919677734375,Entire home/apt,286,1
Brand new 3 bedroom home with bar & lounge outdoor,368465567,Queens,Jamaica,40.6733100000000007412381819449365139007568359375,-73.780339999999995370671967975795269012451171875,Entire home/apt,250,1
Luxurious King suite in the heart of Crown Heights,230173141,Brooklyn,Crown Heights,40.66859000000000179397829924710094928741455078125,-73.9368099999999941474015940912067890167236328125,Entire home/apt,236,1
Midtown 2double 1twin Studio,388603242,Manhattan,Midtown,40.74721100000000006957634468562901020050048828125,-73.987808000000001129592419601976871490478515625,Entire home/apt,206,1
"Spacious, well-lit studio in the heart of Bed-Stuy",14438618,Brooklyn,Bedford-Stuyvesant,40.68527000000000271029421128332614898681640625,-73.9311100000000038789949030615389347076416015625,Entire home/apt,202,1
Great looking studio apartment with sofa bed,103713745,Manhattan,Harlem,40.80846999999999979991116560995578765869140625,-73.947259999999999990905052982270717620849609375,Entire home/apt,167,1
Michelle's Sweet Home **5 MIN TO LGA & CITIFIELD**,28980313,Queens,East Elmhurst,40.76641000000000047975845518521964550018310546875,-73.865870000000001027729013003408908843994140625,Entire home/apt,144,1
Manhattan Skyline Views - Luxury 2 Bedroom/2Bath,284563606,Manhattan,Kips Bay,40.74322000000000087993612396530807018280029296875,-73.9724899999999934152583591639995574951171875,Entire home/apt,368,1
Beautiful 4 Bedroom Apartment for Groups (Monthly),355770584,Queens,Flushing,40.7564100000000024692781153135001659393310546875,-73.8037800000000032696334528736770153045654296875,Entire home/apt,214,1
PRIVATE ROOF - LUXE spot in Bedstuy,30102777,Brooklyn,Bedford-Stuyvesant,40.69008000000000180307324626483023166656494140625,-73.9461500000000029331204132176935672760009765625,Entire home/apt,192,1
OCEAN HILL LUXURY EMERALD LOFT (NEW LISTING!!!),453478436,Brooklyn,Crown Heights,40.67414099999999876899892115034162998199462890625,-73.916435000000006994014256633818149566650390625,Entire home/apt,192,1
2R Artistic Loft Studio Amazing Trendy Brooklyn,45735004,Brooklyn,Bushwick,40.6965900000000004865796654485166072845458984375,-73.9279499999999956116880639456212520599365234375,Entire home/apt,126,1
3BR Apt w/ Desk! Best Location Near Times Square!,365350027,Manhattan,Hell's Kitchen,40.7548699999999968213160173036158084869384765625,-73.9930499999999966576069709844887256622314453125,Entire home/apt,250,1
Midtown 2 bunk beds Studio,388603242,Manhattan,Midtown,40.74721100000000006957634468562901020050048828125,-73.987808000000001129592419601976871490478515625,Entire home/apt,177,1
Midtown 2double beds Studio,388603242,Manhattan,Midtown,40.74721100000000006957634468562901020050048828125,-73.987808000000001129592419601976871490478515625,Entire home/apt,155,1
Midtown Bunk bed Studio,388603242,Manhattan,Midtown,40.74721100000000006957634468562901020050048828125,-73.987808000000001129592419601976871490478515625,Entire home/apt,145,1
Remsen Studio,18057505,Brooklyn,East Flatbush,40.66082999999999714191289967857301235198974609375,-73.928529999999994970494299195706844329833984375,Entire home/apt,136,1
Studio 53,18057505,Brooklyn,East Flatbush,40.65896000000000043428372009657323360443115234375,-73.9277000000000015234036254696547985076904296875,Entire home/apt,136,1
Guest Room with 1 King Bed at Hilton Garden Inn Times Square,452278012,Manhattan,Theater District,40.76048999999999722376742283813655376434326171875,-73.9859900000000010322764865122735500335693359375,Entire home/apt,263,1
Stunning Location Midtown Studio,341752262,Manhattan,Midtown,40.74676000000000186673787538893520832061767578125,-73.986660000000000536601874046027660369873046875,Entire home/apt,996,1
2 Floor Luxury Apt In Flatbush W Washer & Gym Area,227161651,Brooklyn,East Flatbush,40.6477399999999988722265698015689849853515625,-73.9507200000000040063241613097488880157470703125,Entire home/apt,275,1
Luxury Studio with Balcony 15 minutes to Manhattan,89332916,Brooklyn,Greenpoint,40.719459999999997990016709081828594207763671875,-73.9533100000000018781065591610968112945556640625,Entire home/apt,264,1
Prime Location! Near Washington Square Park!,496932087,Manhattan,Lower East Side,40.7190661554630111140795634128153324127197265625,-73.9872861301052040516879060305655002593994140625,Entire home/apt,389,1
Executive King at Hotel on Rivington,496932087,Manhattan,Lower East Side,40.7190875049825109499579411931335926055908203125,-73.9872735218941812718185246922075748443603515625,Entire home/apt,389,1
"Deluxe, zen suite close to JFK, UBS, mall & metro",372092255,Queens,Springfield Gardens,40.6883310575822179089300334453582763671875,-73.7543823328436616293402039445936679840087890625,Entire home/apt,160,1
Modern Bronxnite,498140931,Bronx,Williamsbridge,40.88000801131472172755820793099701404571533203125,-73.8602768147835462286820984445512294769287109375,Entire home/apt,93,1
Quaint 1 bedroom in Astoria/close to everything,434276514,Queens,Ditmars Steinway,40.7785197134823391706959228031337261199951171875,-73.9150440159800297124093049205839633941650390625,Entire home/apt,150,1
"Newly renovated 
Family friendly",497588950,Bronx,Eastchester,40.8791620617288344874395988881587982177734375,-73.8362184926951385932625271379947662353515625,Entire home/apt,170,1
Guest Room with 1 King Bed at Hampton Inn Chelsea,499064731,Manhattan,Chelsea,40.7446662488743669428004068322479724884033203125,-73.9921336763632240263177664019167423248291015625,Entire home/apt,699,1
Roalys vacation home (NEW YORK),284188857,Queens,East Elmhurst,40.7642039969603189319968805648386478424072265625,-73.87583706006762440665625035762786865234375,Entire home/apt,130,1
THE SKY BLUES Room & Hot Tub next to JFK,92900025,Queens,Laurelton,40.68323577347525343839151901192963123321533203125,-73.746033643624656406245776452124118804931640625,Entire home/apt,105,1
"Calm, cool &cozy home w/ balcony",481741155,Brooklyn,Greenpoint,40.73233059345748330315473140217363834381103515625,-73.94189041570103881895192898809909820556640625,Entire home/apt,167,1
Luxury Suite w/ Hotel Amenities,136024214,Brooklyn,Cypress Hills,40.67838199999999915235093794763088226318359375,-73.89388800000000401269062422215938568115234375,Entire home/apt,104,1
1 bedroom presidetial suite,479952821,Queens,Forest Hills,40.73074828779008527135374606586992740631103515625,-73.847563835026477363498997874557971954345703125,Entire home/apt,175,1
Turn-Key,343050628,Brooklyn,East Flatbush,40.65927076169947440575924701988697052001953125,-73.9389861662507286155232577584683895111083984375,Entire home/apt,1500,1
Brooklyn Loft in the Best 'hood,1399910,Brooklyn,Williamsburg,40.7217658447661250420424039475619792938232421875,-73.9559231721759573474628268741071224212646484375,Entire home/apt,275,1
Central large studio 3 beds,484159181,Manhattan,Midtown,40.75811923160705418922589160501956939697265625,-73.9643865455858957602686132304370403289794921875,Entire home/apt,243,1
quite cozy in nice area,228414932,Queens,Woodhaven,40.69695320000000293703124043531715869903564453125,-73.8532761000000022022504708729684352874755859375,Entire home/apt,180,1
Standard Room with 1 King Bed at Holiday Inn Express New York City Chelsea,472615050,Manhattan,Chelsea,40.748951660199878688217722810804843902587890625,-73.9939667715060096497836639173328876495361328125,Entire home/apt,169,1
1 King Bed with Fridge at Hampton Inn Manhattan - Times Square South,479247124,Manhattan,Hell's Kitchen,40.755968623627865099479095079004764556884765625,-73.99384304972812742562382481992244720458984375,Entire home/apt,202,1
"Modern One Bedroom Apartment Jamaica Queens, NYC",502204063,Queens,Jamaica Hills,40.70990160387896850124889169819653034210205078125,-73.7995745037048180847705225460231304168701171875,Entire home/apt,89,1
LovelyHome for your NYC Vacation,159437398,Manhattan,Chelsea,40.7474334836355609468228067271411418914794921875,-74.000649712979793548583984375,Entire home/apt,188,1
Luxury Studio Manhattan Nest,497601569,Manhattan,Hell's Kitchen,40.76148040000000349891706719063222408294677734375,-73.9986128000000036308847484178841114044189453125,Entire home/apt,395,1
City Life In The Heart Of NYC! Near Soho Shopping!,496932087,Manhattan,Lower East Side,40.72068382995224311571291764266788959503173828125,-73.9870539415231434077213634736835956573486328125,Entire home/apt,490,1
Deluxe Room 2 Double Beds at Hotel on Rivington,496932087,Manhattan,Lower East Side,40.72034000000000020236257114447653293609619140625,-73.9889399999999994861354934982955455780029296875,Entire home/apt,444,1
Be Close To The Excitement! Near Tenement Museum!,496932087,Manhattan,Lower East Side,40.71875992324470416861004196107387542724609375,-73.98770882260220105308690108358860015869140625,Entire home/apt,436,1
Close to Iconic NY Attractions! Near Empire State!,496932087,Manhattan,Lower East Side,40.71952316717128184109242283739149570465087890625,-73.98692931769124925267533399164676666259765625,Entire home/apt,388,1
Walking Distance to New Museum & Cooper Triangle,496944100,Manhattan,Lower East Side,40.72091528711325025824407930485904216766357421875,-73.989773047780317938304506242275238037109375,Entire home/apt,246,1
Relax and Unwind! Close to Brooklyn Bridge!,496944100,Manhattan,Lower East Side,40.7203636178436596537721925415098667144775390625,-73.9898878176135355033693485893309116363525390625,Entire home/apt,279,1
Comfortable Stay! Near Collect Pond Park!,496944100,Manhattan,Lower East Side,40.72211230608305498890331364236772060394287109375,-73.9882062228545436255444656126201152801513671875,Entire home/apt,251,1
Big Apple Getaway! Near Rockefeller Center!,496944100,Manhattan,Midtown,40.7655517852883662044405355118215084075927734375,-73.9808392678882000836892984807491302490234375,Entire home/apt,355,1
Discover NYC’s Iconic Attractions! Pets Allowed!,496944100,Manhattan,Midtown,40.76406999999999669626049580983817577362060546875,-73.98237000000000307409209199249744415283203125,Entire home/apt,336,1
"Prime Location! Bike Rental, Pets Allowed!",496944100,Manhattan,Midtown,40.76350562399445465189273818396031856536865234375,-73.982285478935324363192194141447544097900390625,Entire home/apt,448,1
A Short Walk From Madison Square! Pets Allowed!,496944100,Manhattan,Midtown,40.7639373247383929310672101564705371856689453125,-73.982222283630818537858431227505207061767578125,Entire home/apt,376,1
Big Apple! Stay In The Heart Of NYC! Pets Allowed!,496944100,Manhattan,Midtown,40.7634125875835451324746827594935894012451171875,-73.9809369041939675071262172423303127288818359375,Entire home/apt,474,1
"Discover NYC’s Iconic Attractions, Pets Allowed!",496944100,Manhattan,Midtown,40.765169804251087271040887571871280670166015625,-73.9802136951710878065568977035582065582275390625,Entire home/apt,474,1
Relax and Unwind! Close to Brooklyn Bridge!,496944100,Manhattan,Lower East Side,40.72192732197360243162620463408529758453369140625,-73.989788242071114154896349646151065826416015625,Entire home/apt,251,1
Fun house to stay,188886232,Queens,Springfield Gardens,40.6620358818642131382148363627493381500244140625,-73.760948056359865177000756375491619110107421875,Entire home/apt,292,1
"Rare Gem! 4 Comfortable Units, Pets Allowed HERE!",496932087,Manhattan,Midtown,40.7510633675600644210135214962065219879150390625,-73.9844668527286017933874973095953464508056640625,Entire home/apt,2060,1
KING SIZE Bedroom Apt w/Parking Canarsie Brooklyn,465545416,Brooklyn,Canarsie,40.6319299999999969941200106404721736907958984375,-73.902749999999997498889570124447345733642578125,Entire home/apt,106,1
Stunning Apartment Near The Subway,391579286,Brooklyn,Crown Heights,40.67048717759332276955319684930145740509033203125,-73.9335122599652976305151241831481456756591796875,Entire home/apt,223,1
2 bdrm Arts & Crafts w/ bridge view,3372001,Queens,Ditmars Steinway,40.77838658811261751679921871982514858245849609375,-73.90691062905233366109314374625682830810546875,Entire home/apt,150,1
Atelier King at Hotel on Rivington,496932087,Manhattan,Lower East Side,40.719099999999997407940099947154521942138671875,-73.9873500000000063892002799548208713531494140625,Entire home/apt,448,1
Nice little cozy in UES,8778189,Manhattan,Upper East Side,40.77095820000000259142325376160442829132080078125,-73.9487536000000176272806129418313503265380859375,Entire home/apt,100,1
Dive Into Your Dream Vacation! Near Soho Shopping!,496932087,Manhattan,Lower East Side,40.71888030155508886309689842164516448974609375,-73.9871834749379360118837212212383747100830078125,Entire home/apt,366,1
Great New York Escape! Near Empire State Building!,496932087,Manhattan,Lower East Side,40.72081282558971082607968128286302089691162109375,-73.987127039588500565514550544321537017822265625,Entire home/apt,366,1
Prime Location! Near Washington Square Park!,496932087,Manhattan,Lower East Side,40.7187270421105012019324931316077709197998046875,-73.9872777507184622436398058198392391204833984375,Entire home/apt,340,1
Family Getaway! Near Empire State Building!,496932087,Manhattan,Lower East Side,40.7210521971852728029261925257742404937744140625,-73.986968976957172117181471548974514007568359375,Entire home/apt,271,1
Deluxe King at Hotel on Rivington,496932087,Manhattan,Lower East Side,40.7202668749522587177125387825071811676025390625,-73.988978720666210620038327760994434356689453125,Entire home/apt,281,1
"4 Family-Friendly Units, Pets Allowed, Restaurant!",496932087,Manhattan,Midtown,40.75150737992232308215534430928528308868408203125,-73.986429835338839211544836871325969696044921875,Entire home/apt,2060,1
Relax and Unwind! Near Rockefeller Center and More,496944100,Manhattan,Lower East Side,40.7223088058131423849772545509040355682373046875,-73.98804658880681017762981355190277099609375,Entire home/apt,369,1
Luxury 1 Bedroom in Manhattan,56865116,Manhattan,Hell's Kitchen,40.76696567600962595179225900210440158843994140625,-73.99300904410091561658191494643688201904296875,Entire home/apt,160,1
Ideal Location! Close to Washington Square Park!,496932087,Manhattan,Lower East Side,40.71932949764855180774247855879366397857666015625,-73.9887980635163700071643688715994358062744140625,Entire home/apt,242,1
3x Deluxe Room w/ 2 DBL Beds at Hotel on Rivington,496932087,Manhattan,Lower East Side,40.72093185951593596882958081550896167755126953125,-73.988752634824919596212566830217838287353515625,Entire home/apt,1330,1
Ultimate NYC Getaway! 4 Family-friendly Units!,496932087,Manhattan,Lower East Side,40.7205799999999982219378580339252948760986328125,-73.9870499999999964302332955412566661834716796875,Entire home/apt,1596,1
"Rare Gem! Pets Allowed, Near Central Park",496944100,Manhattan,Upper West Side,40.78145444417250331525792717002332210540771484375,-73.9809890296784118390860385261476039886474609375,Entire home/apt,303,1
Group Vacay Destination! 4 Modern Luxury Units!,496932087,Manhattan,Lower East Side,40.720283389375566684975638054311275482177734375,-73.98914977964750505634583532810211181640625,Entire home/apt,1761,1
4 Bed 2 Bath Brooklyn oasis !,24525564,Brooklyn,Bushwick,40.690010000000000900399754755198955535888671875,-73.9101500000000015688783605583012104034423828125,Entire home/apt,300,1
Cheap NYC Queen Size Bed Entire Place,480379890,Bronx,Wakefield,40.89939485567321497683224151842296123504638671875,-73.85843644928917228753562085330486297607421875,Entire home/apt,44,1
Newly renovated basement,52136347,Brooklyn,Crown Heights,40.6714768850671362088178284466266632080078125,-73.938888623600377059119637124240398406982421875,Entire home/apt,143,1
"NYC Getaway! Pets Allowed, Close to Madison Square",496944100,Manhattan,Upper West Side,40.7830544253968554357925313524901866912841796875,-73.9799720253897561406120075844228267669677734375,Entire home/apt,380,1
"Walking Distance to Central Park, Pets Allowed!",496944100,Manhattan,Upper West Side,40.78123019502738344499448430724442005157470703125,-73.979279590225900165023631416261196136474609375,Entire home/apt,380,1
"You Found It! Pets Allowed, Near Chrysler Building",496944100,Manhattan,Upper West Side,40.7829223000852607583510689437389373779296875,-73.9792061058409444740391336381435394287109375,Entire home/apt,380,1
Standard Queen at Arthouse Hotel New York City,496944100,Manhattan,Upper West Side,40.78306247859205768691026605665683746337890625,-73.9815568751168228800452197901904582977294921875,Entire home/apt,303,1
4x Deluxe Room w/ 2 DBL Beds at Hotel on Rivington,496932087,Manhattan,Lower East Side,40.72099306150561659478626097552478313446044921875,-73.9890385322318024918786250054836273193359375,Entire home/apt,1772,1
"Rare Gem! 3 Convenient Units, Bike Rental!",496944100,Manhattan,Midtown,40.76339859831566769798882887698709964752197265625,-73.981006883661422079967451281845569610595703125,Entire home/apt,1607,1
"Prime Location! 3 Sleek Units, Pets Allowed!",496944100,Manhattan,Midtown,40.765047488692431443269015289843082427978515625,-73.9803176806018001343545620329678058624267578125,Entire home/apt,1373,1
"4 Sleek Units, Pets Allowed, Near Madison Square!",496944100,Manhattan,Midtown,40.76360957244049387782069970853626728057861328125,-73.9804816423164766092668287456035614013671875,Entire home/apt,2889,1
Cozy 1 Bedroom Apt in Dyckman!,81058572,Manhattan,Inwood,40.8674474597648469398336601443588733673095703125,-73.9274726952409508839991758577525615692138671875,Entire home/apt,133,1
Early Check In- Pet Friendly -30min to JFK Wi-Fi+,333057838,Brooklyn,Flatlands,40.63242629999999877554728300310671329498291015625,-73.9228250999999971782017382793128490447998046875,Entire home/apt,340,1
Modern 2BD close to Prospect Park,479765490,Brooklyn,Flatbush,40.63623237566400092646290431730449199676513671875,-73.956616136925362070542178116738796234130859375,Entire home/apt,111,1
"Huge Creative Duplex Loft| Williamsburg 3,000Sq/Ft",318167350,Brooklyn,Williamsburg,40.71346276572074174282533931545913219451904296875,-73.957205974529728109700954519212245941162109375,Entire home/apt,850,1
"Cozy, Spacious Oasis in Brooklyn",14862780,Brooklyn,Clinton Hill,40.695584400000001323860487900674343109130859375,-73.96368400000000065119820646941661834716796875,Entire home/apt,225,1
Gramercy Flair with modern kitchen,32368779,Brooklyn,Bedford-Stuyvesant,40.6816587099737176913549774326384067535400390625,-73.919718127488209802322671748697757720947265625,Entire home/apt,131,1
Enjoy Beautiful NYC! 3 Modern Units w/ City View!,496932087,Manhattan,Lower East Side,40.718996893446416152073652483522891998291015625,-73.9886078432138418747854302637279033660888671875,Entire home/apt,1308,1
"3 Classy Units, Close to Tenement Museum!",496932087,Manhattan,Lower East Side,40.7190963705377981796118547208607196807861328125,-73.98684444542959681712090969085693359375,Entire home/apt,1163,1
2x Deluxe Room 2 DBL Beds at Hotel on Rivington,496932087,Manhattan,Lower East Side,40.72068083281231309911163407377898693084716796875,-73.987505459134155216815997846424579620361328125,Entire home/apt,886,1
"2 Family-friendly Units, Near Soho Shopping!",496932087,Manhattan,Lower East Side,40.72038989688463317406785790808498859405517578125,-73.9869968612151325260128942318260669708251953125,Entire home/apt,880,1
Studio King at Hotel on Rivington,496932087,Manhattan,Lower East Side,40.7209171525834534577370504848659038543701171875,-73.9873120371020149832474999129772186279296875,Entire home/apt,260,1
"Prime Location! 2 Relaxing Units, Pets Allowed",496944100,Manhattan,Upper West Side,40.781329999999996971382643096148967742919921875,-73.9792000000000058435034588910639286041259765625,Entire home/apt,760,1
"Look No Further! 3 Comfortable Units, Pets Allowed",496944100,Manhattan,Upper West Side,40.78168138978937662386670126579701900482177734375,-73.9814151372728900923902983777225017547607421875,Entire home/apt,1147,1
3x Deluxe Double Double at Arthouse Hotel New York,496944100,Manhattan,Upper West Side,40.78101787840572711729691945947706699371337890625,-73.979646185178125961101613938808441162109375,Entire home/apt,1147,1
"Rare Find! 3 Relaxing Units, Pets Allowed",496944100,Manhattan,Upper West Side,40.783310000000000172803993336856365203857421875,-73.981539999999995416146703064441680908203125,Entire home/apt,1140,1
4x Deluxe Double Double at Arthouse Hotel New York,496944100,Manhattan,Upper West Side,40.7813301249291981775968451984226703643798828125,-73.980919543672683857948868535459041595458984375,Entire home/apt,1528,1
Comfort and Convenience! 4 Relaxing Units,496944100,Manhattan,Upper West Side,40.78168851156235774624292389489710330963134765625,-73.9815393803898899705018266104161739349365234375,Entire home/apt,1528,1
Relax and Recharge! 4 Pet-friendly Units,496944100,Manhattan,Upper West Side,40.7811582699749095581864821724593639373779296875,-73.9809913514073826945605105720460414886474609375,Entire home/apt,1528,1
Look No More! 2 Comfortable Units Pet-friendly,496944100,Manhattan,Upper West Side,40.78119000000000227146301767788827419281005859375,-73.981459999999998444764059968292713165283203125,Entire home/apt,764,1
stunning studio with private outdoor space,40820275,Brooklyn,Greenpoint,40.73125259999999769888745504431426525115966796875,-73.95614679999999907522578723728656768798828125,Entire home/apt,150,1
"In the Heart of Lower East Side, NYC!",496932087,Manhattan,Lower East Side,40.7189508066023364563079667277634143829345703125,-73.986859341675739187849103473126888275146484375,Entire home/apt,315,1
UIA x Ubl,154921518,Brooklyn,Mill Basin,40.6093240375947885922869318164885044097900390625,-73.919089673297577292032656259834766387939453125,Entire home/apt,444,1
Bridge View Fort Hamilton House,489963985,Brooklyn,Fort Hamilton,40.6123180455901007235297583974897861480712890625,-74.0316619696489652824311633594334125518798828125,Entire home/apt,139,1
Luxury&Style Center of NYC,497802176,Manhattan,Chelsea,40.74908107263528478370062657631933689117431640625,-73.99676682040018249608692713081836700439453125,Entire home/apt,222,1
"You Found it! 4 Convenient Units, Pets Allowed",496932087,Manhattan,Midtown,40.7519300000000015415935195051133632659912109375,-73.9843699999999984129317454062402248382568359375,Entire home/apt,2052,1
"Rare Gem! 4 Comfortable Units, Rooftop Terrace!",496932087,Manhattan,Midtown,40.75186999999999670762917958199977874755859375,-73.986320000000006302798283286392688751220703125,Entire home/apt,2052,1
4 Studio Double Queen at Refinery Hotel,496932087,Manhattan,Midtown,40.751249999999998863131622783839702606201171875,-73.9860900000000043519321479834616184234619140625,Entire home/apt,2052,1
Orchard Queen at Orchard Street Hotel,449206723,Manhattan,Lower East Side,40.7208068301055590154646779410541057586669921875,-73.987735253589704598198295570909976959228515625,Entire home/apt,182,1
"Big Apple Getaway! 3 Sleek Units, Pets Allowed!",496944100,Manhattan,Midtown,40.76339805847640462843628483824431896209716796875,-73.981889145293763476729509420692920684814453125,Entire home/apt,1209,1
2x Deluxe Double Double at Arthouse Hotel New York,496944100,Manhattan,Upper West Side,40.78099826561795993029591045342385768890380859375,-73.979853632260955009769531898200511932373046875,Entire home/apt,764,1
Your Home Away From Home! Pet-friendly Property,496944100,Manhattan,Upper West Side,40.78310899754792018256921437568962574005126953125,-73.979894979707836455418146215379238128662109375,Entire home/apt,303,1
"2 Classy Units, Close to Notable NYC Attractions!",496932087,Manhattan,Lower East Side,40.71869855816181171803691540844738483428955078125,-73.9883273741006775026107789017260074615478515625,Entire home/apt,775,1
blessed vibes 4 bedroom Brooklyn apt with patio,478732286,Brooklyn,Bedford-Stuyvesant,40.69608352734469036704467725940048694610595703125,-73.9433098761709146629073075018823146820068359375,Entire home/apt,444,1
Spacious ocean hill apartment,32368779,Brooklyn,Bedford-Stuyvesant,40.680025711838112556506530381739139556884765625,-73.9184996907655431641614995896816253662109375,Entire home/apt,155,1
Always a Great Idea To Unwind! Near LES Park,496944100,Manhattan,Lower East Side,40.72042343473035685974537045694887638092041015625,-73.98773823978496011477545835077762603759765625,Entire home/apt,369,1
Orchard Queen at Orchard Street Hotel,496944100,Manhattan,Lower East Side,40.720634602898570619800011627376079559326171875,-73.9877244834320180189024540595710277557373046875,Entire home/apt,229,1
Sutton Place Sanctuary with Exec Office + Peloton,12533228,Manhattan,Midtown,40.75553000000000025693225325085222721099853515625,-73.96688000000000329237082041800022125244140625,Entire home/apt,449,1
Cozy studio in Brooklyn,9550049,Brooklyn,Windsor Terrace,40.65211000000000041154635255225002765655517578125,-73.977450000000004592948243953287601470947265625,Entire home/apt,134,1
Untitled at 3 Freeman - Studio Mini,158969505,Manhattan,Lower East Side,40.72082999999999941564965411089360713958740234375,-73.9927899999999993951860233210027217864990234375,Entire home/apt,111,1
Time sq javits center subway empire all close walk,102498043,Manhattan,Hell's Kitchen,40.7576999999999998181010596454143524169921875,-73.99196000000000594809534959495067596435546875,Entire home/apt,237,1
1 bed located in the Bronx,430972148,Manhattan,Marble Hill,40.8747800000000012232703738845884799957275390625,-73.9072100000000062891558627597987651824951171875,Entire home/apt,175,1
Private Studio in Bushwick close to L train,221913542,Brooklyn,Bushwick,40.69115000000000037516656448133289813995361328125,-73.90453999999999723513610661029815673828125,Entire home/apt,98,1
S & M Cozy Abode: JFK/LGA minutes away,429793250,Brooklyn,East New York,40.66913000000000266709321294911205768585205078125,-73.8581400000000058980731409974396228790283203125,Entire home/apt,113,1
Lovely travelers delight in Astoria,61846222,Queens,Astoria,40.75547000000000252839527092874050140380859375,-73.926060000000006766640581190586090087890625,Entire home/apt,133,1
"Haven in the East Village: Airy, sunny studio apt",58254306,Manhattan,East Village,40.72041999999999717374521424062550067901611328125,-73.979929999999995970938471145927906036376953125,Entire home/apt,250,1
Nestled in the heart of the Bronx.,477581304,Bronx,Melrose,40.8216699999999974579623085446655750274658203125,-73.915289999999998826751834712922573089599609375,Entire home/apt,205,1
Renovated whole 2BR floor in Jackson Heights,19303369,Queens,Jackson Heights,40.75072000000000116415321826934814453125,-73.895229999999997971826815046370029449462890625,Entire home/apt,139,1
Deluxe Double Queen at Refinery Hotel,496932087,Manhattan,Midtown,40.75279012728416461186498054303228855133056640625,-73.984336594109691986886900849640369415283203125,Entire home/apt,516,1
A Place You'll Surely Enjoy! Near Herald Square,496932087,Manhattan,Midtown,40.75322284454993138069767155684530735015869140625,-73.9864798943491308591546840034425258636474609375,Entire home/apt,420,1
Indulge in Home Like Comfort! Pet-friendly,496932087,Manhattan,Midtown,40.75321370380884644646357628516852855682373046875,-73.985653800418930359228397719562053680419921875,Entire home/apt,420,1
"Studio Queen Refinery Hotel, Parking",496932087,Manhattan,Midtown,40.7532129739029329584809602238237857818603515625,-73.986421534936170019136625342071056365966796875,Entire home/apt,420,1
Pet-friendly Property! Minutes to Verizon Plaza,496932087,Manhattan,Midtown,40.7517104461564230177827994339168071746826171875,-73.9863309648741989121845108456909656524658203125,Entire home/apt,513,1
"Rare Find! Pets Allowed, Near Bryant Park",496932087,Manhattan,Midtown,40.7510835325061719913719571195542812347412109375,-73.98628781820849553696461953222751617431640625,Entire home/apt,513,1
"Luxury Sky - JFK Airport/Laguardia Airport, NYC",432754170,Queens,South Ozone Park,40.6704458013931571258581243455410003662109375,-73.7919540703296661376953125,Entire home/apt,251,1
Studio Double Queen at Refinery Hotel,496932087,Manhattan,Midtown,40.75275252002689541086510871537029743194580078125,-73.9843847109473387035905034281313419342041015625,Entire home/apt,513,1
"Adventure Awaits! Luxury Amenities, Pets Allowed!",496932087,Manhattan,Midtown,40.753000869682892925993655808269977569580078125,-73.9844992524663638278070720843970775604248046875,Entire home/apt,582,1
"Dream NYC Stay! Pet Friendly, Near Times Square!",496932087,Manhattan,Midtown,40.7533565973356104450431303121149539947509765625,-73.986428597533375750572304241359233856201171875,Entire home/apt,582,1
Modern Garden Apartment,473974960,Manhattan,Washington Heights,40.83173000000000030240698833949863910675048828125,-73.9427500000000037516656448133289813995361328125,Entire home/apt,407,1
"Home Away From Home! Beautiful APT, Great Location",429776033,Queens,Jamaica,40.68988999999999833789843250997364521026611328125,-73.804789999999997007762431167066097259521484375,Entire home/apt,146,1
Fully Equipped Spacious Studio in HK,241737264,Manhattan,Hell's Kitchen,40.76371999999999928832039586268365383148193359375,-73.9928400000000010550138540565967559814453125,Entire home/apt,205,1
"Private, 2 Full Beds, Kitchenette+Work Desk, NYC",30283594,Bronx,Port Morris,40.8103899999999981673681759275496006011962890625,-73.9314399999999949386619846336543560028076171875,Entire home/apt,184,1
Queen Suite w Balcony| Kitchenette| Desk| near NYC,30283594,Bronx,Mott Haven,40.81184799999999768260749988257884979248046875,-73.9296649999999999636202119290828704833984375,Entire home/apt,157,1
Untitled at 3 Freeman - Double Bunk,158969505,Manhattan,Lower East Side,40.722589999999996734914020635187625885009765625,-73.991410000000001900843926705420017242431640625,Entire home/apt,216,1
"Stunning 1 Bed Great for Work, Fast Wifi & Coffee",429941031,Brooklyn,Clinton Hill,40.6877300000000019508661353029310703277587890625,-73.9684400000000010777512216009199619293212890625,Entire home/apt,152,1
Greenpoint 1br with private entrance and Queen Bed,17888612,Brooklyn,Greenpoint,40.7281100000000009231371222995221614837646484375,-73.947689999999994370227796025574207305908203125,Entire home/apt,136,1
Luxury Apartment with BEST VIEWS And Rooftop Deck,72741565,Manhattan,East Village,40.72614999999999696456143283285200595855712890625,-73.9761400000000008958522812463343143463134765625,Entire home/apt,300,1
Brighton Beach Studio With Private Entrance,145002203,Brooklyn,Brighton Beach,40.57692999999999727833710494451224803924560546875,-73.96577999999999519786797463893890380859375,Entire home/apt,105,1
Lovely XL 3 Bed/1 Bedroom Apt in South Brooklyn!,11027691,Brooklyn,Sheepshead Bay,40.60495999999999838792064110748469829559326171875,-73.9662200000000069621819420717656612396240234375,Entire home/apt,190,1
Sunny Brooklyn 2 Bedroom in Stuyvesant Heights,79663176,Brooklyn,Bedford-Stuyvesant,40.68059000000000224872565013356506824493408203125,-73.9381800000000026784618967212736606597900390625,Entire home/apt,170,1
GREENPOINT♥️LONG STAYS✅10 MINS 2 CITY✅PRIVACY✅WIFI✅,154081089,Brooklyn,Greenpoint,40.726280000000002701199264265596866607666015625,-73.95139000000000351064954884350299835205078125,Entire home/apt,150,1
"Studio Murphy Apt |  Placemakr Wall Street, NYC",420415528,Manhattan,Financial District,40.70490300000000161162461154162883758544921875,-74.00641600000000153158907778561115264892578125,Entire home/apt,226,1
Crown Heights 2nd Floor Gem. Walk to 40+ Eateries,484334138,Brooklyn,Crown Heights,40.6709085154945597651021671481430530548095703125,-73.9483134432007176428669481538236141204833984375,Entire home/apt,84,1
"1 Bedroom Plus Apt | Placemakr Wall Street, NYC",420415528,Manhattan,Financial District,40.70490300000000161162461154162883758544921875,-74.00641600000000153158907778561115264892578125,Entire home/apt,349,1
"2 Bedroom Apartment | Placemakr Wall Street, NYC",420415528,Manhattan,Financial District,40.70490300000000161162461154162883758544921875,-74.00641600000000153158907778561115264892578125,Entire home/apt,548,1
MINIMALIST LUXURY APART BUSHWICK💥,221913542,Brooklyn,Bushwick,40.6925700000000034606273402459919452667236328125,-73.9043400000000048066794988699257373809814453125,Entire home/apt,171,1
Far Rockaway Beach Inspired 1 Bd 1 Bth BK Apt,147397734,Brooklyn,Prospect Heights,40.67224999999999823785401531495153903961181640625,-73.964550000000002683009370230138301849365234375,Entire home/apt,260,1
Lovely 2 bedroom duplex vacation home with patio.,430051258,Brooklyn,Canarsie,40.63705999999999818328433320857584476470947265625,-73.88591999999999870851752348244190216064453125,Entire home/apt,120,1
Spacious 2-Bedroom Park Slope Brownstone w. Office,430510722,Brooklyn,Park Slope,40.67163000000000039335645851679146289825439453125,-73.9808600000000069485395215451717376708984375,Entire home/apt,368,1
"Lovely 1-Bedroom, 
in Clinton Hill, Brooklyn.",91985207,Brooklyn,Bedford-Stuyvesant,40.69200000000000017053025658242404460906982421875,-73.957840000000004465618985705077648162841796875,Entire home/apt,110,1
Gorgeous one bedroom apartment private entrance,122991035,Queens,Corona,40.7429699999999996862243278883397579193115234375,-73.851460000000002992237568832933902740478515625,Entire home/apt,190,1
Spacious 3br 15 min to Time Square,2137595,Manhattan,Harlem,40.82423000000000001818989403545856475830078125,-73.9483800000000002228262019343674182891845703125,Entire home/apt,136,1
Spacious Flat in the Heights,42531584,Manhattan,Washington Heights,40.8516904252422818899503909051418304443359375,-73.93591688566948505467735230922698974609375,Entire home/apt,76,1
Beautiful 2-bedroom rental unit with patio,328865524,Brooklyn,Brownsville,40.66761000000000336740413331426680088043212890625,-73.920659999999998035491444170475006103515625,Entire home/apt,147,1
"4 Bedroom Gourmet Apt | Placemakr Wall Street, NYC",420415528,Manhattan,Financial District,40.70490300000000161162461154162883758544921875,-74.00641600000000153158907778561115264892578125,Entire home/apt,897,1
Steps Away from New Museum & All People's Garden,496944100,Manhattan,Lower East Side,40.72089633285204257617806433700025081634521484375,-73.9898907243849208725805510766804218292236328125,Entire home/apt,409,1
"Adventure Awaits! Luxury Amenities, Restaurant!",496932087,Manhattan,Midtown,40.75291616499131208684048033319413661956787109375,-73.986460194018917491121101193130016326904296875,Entire home/apt,582,1
Pleasant Stay! Close to Empire State Building,496944100,Manhattan,Lower East Side,40.72182725012844883849538746289908885955810546875,-73.988172558404954770594486035406589508056640625,Entire home/apt,279,1
A Unique Gem in the Heart of NYC! Pets Allowed!,496944100,Manhattan,Midtown,40.76543945846001548716230900026857852935791015625,-73.9816300553631975844837143085896968841552734375,Entire home/apt,685,1
Skyline Views! Minutes Away from Central Park!,496944100,Manhattan,Midtown,40.76490738118454970617676735855638980865478515625,-73.9823593126882457227111444808542728424072265625,Entire home/apt,403,1
Explore the Lights of Broadway! Pets Allowed!,496944100,Manhattan,Midtown,40.763654961041766000562347471714019775390625,-73.9819264185387197585441754199564456939697265625,Entire home/apt,536,1
"Catch a Show On Broadway, Pets are Welcome!",496944100,Manhattan,Midtown,40.76509007771755932481028139591217041015625,-73.9803052364674584850945393554866313934326171875,Entire home/apt,458,1
"Two Spacious Units, Walk to Central Park!",496944100,Manhattan,Midtown,40.76361748169466636682045646011829376220703125,-73.9821175069628651499442639760673046112060546875,Entire home/apt,1445,1
Ultimate NYC Getaway! 2 Units Near Times Square!,496944100,Manhattan,Midtown,40.76364845301083761341942590661346912384033203125,-73.982257256294332137258606962859630584716796875,Entire home/apt,1598,1
"Minutes to Broadway, Two Pet-Friendly Units!",496944100,Manhattan,Midtown,40.7641271915327507713300292380154132843017578125,-73.980446867075187356022070161998271942138671875,Entire home/apt,1368,1
"2 Family-friendly Units, Bike Rental, Pets Allowed",496944100,Manhattan,Midtown,40.7641100613459599344423622824251651763916015625,-73.98221893151867334381677210330963134765625,Entire home/apt,805,1
2 bedroom with pool to enjoy JFK,370961448,Queens,South Ozone Park,40.679720000000003210516297258436679840087890625,-73.8118999999999942929207463748753070831298828125,Entire home/apt,195,1
"Rare Find! 2 Relaxing Units, Steps to Times Square",496944100,Manhattan,Midtown,40.7636094953954426500786212272942066192626953125,-73.9803223039655364345890120603144168853759765625,Entire home/apt,1071,1
"Great Find! 2 Convenient Units, Pets Allowed!",496944100,Manhattan,Midtown,40.7655963486312060695127001963555812835693359375,-73.9802118197337534866164787672460079193115234375,Entire home/apt,915,1
Family & Friends Escape! Three Spacious Units!,496944100,Manhattan,Midtown,40.76413157906325324120189179666340351104736328125,-73.9804034061314297332501155324280261993408203125,Entire home/apt,2168,1
"Midtown Gem! 3 Great Units, Steps to Carnegie Hall",496944100,Manhattan,Midtown,40.765462275134808578513911925256252288818359375,-73.9808962065164195109900902025401592254638671875,Entire home/apt,2397,1
"3 Awesome Units, Minutes From Central Park!",496944100,Manhattan,Midtown,40.76534000000000190766513696871697902679443359375,-73.980220000000002755768946371972560882568359375,Entire home/apt,2053,1
Perfect Spot for Vacation! Steps to Times Square!,496944100,Manhattan,Midtown,40.76383962044047848394257016479969024658203125,-73.9802380397704411052473005838692188262939453125,Entire home/apt,723,1
Your Home Away From Home! Near Central Park!,496944100,Manhattan,Midtown,40.763700000000000045474735088646411895751953125,-73.980850000000003774403012357652187347412109375,Entire home/apt,423,1
Everything NY Has to Offer! Walk to Broadway!,496944100,Manhattan,Midtown,40.76344000000000278305378742516040802001953125,-73.981809999999995852704159915447235107421875,Entire home/apt,421,1
Look No Further! Near Times Square and Broadway!,496944100,Manhattan,Midtown,40.7648701864696505481333588249981403350830078125,-73.9802214896644301234118756838142871856689453125,Entire home/apt,372,1
Explore the Big Apple! Near Empire State Building!,496944100,Manhattan,Lower East Side,40.72217561842733601906729745678603649139404296875,-73.9886098482862024638961884193122386932373046875,Entire home/apt,221,1
Pleasant Stay! Close to Empire State Building,496944100,Manhattan,Lower East Side,40.72196363798891383112277253530919551849365234375,-73.987777158649890907327062450349330902099609375,Entire home/apt,254,1
Relaxing Stay! Close to Elizabeth Street Garden!,496944100,Manhattan,Lower East Side,40.72181530964591189558632322587072849273681640625,-73.9899765167555614198136026971042156219482421875,Entire home/apt,229,1
Escape in the City that Never Sleeps! Pets Allowed,496944100,Manhattan,Midtown,40.765717206421840046459692530333995819091796875,-73.9817475693970578731750720180571079254150390625,Entire home/apt,800,1
Orchard Full at Orchard Street Hotel,496944100,Manhattan,Lower East Side,40.72181917983508725455976673401892185211181640625,-73.9896808468658804258666350506246089935302734375,Entire home/apt,221,1
Central Park Views! High Floor!,280231312,Manhattan,Midtown,40.7663206860924702823467669077217578887939453125,-73.9780001054183884434678475372493267059326171875,Entire home/apt,1236,1
"Prime Location! 4 Relaxing Units, Pets Allowed",496932087,Manhattan,Midtown,40.7515459603828134049763320945203304290771484375,-73.986116455738056174595840275287628173828125,Entire home/apt,2060,1
Relaxing Stay! Close to Elizabeth Street Garden!,496944100,Manhattan,Lower East Side,40.7204986698289985724841244518756866455078125,-73.9880113802108922982370131649076938629150390625,Entire home/apt,252,1
You Found it! Minutes to Chrysler Building,496932087,Manhattan,Midtown,40.7510670007160200611906475387513637542724609375,-73.9846760880210894129049847833812236785888671875,Entire home/apt,516,1
Easy Access to Public Transportation! City Views!,496932087,Manhattan,Midtown,40.75114730560739673137504723854362964630126953125,-73.98476897521550199599005281925201416015625,Entire home/apt,516,1
Studio King at Refinery Hotel,496932087,Manhattan,Midtown,40.7527329895577992147082113660871982574462890625,-73.986167370986294145041028968989849090576171875,Entire home/apt,446,1
Minutes to Museum of Modern Art! Pets Allowed!,496932087,Manhattan,Midtown,40.75168891967631878969768877141177654266357421875,-73.9845636259446877147638588212430477142333984375,Entire home/apt,446,1
Great Relaxing Overnight Stay! 3 Comfortable Units,496932087,Manhattan,Midtown,40.7532270104969001067729550413787364959716796875,-73.9862177634347659704872057773172855377197265625,Entire home/apt,1540,1
Touch of Klass Suites,493915241,Queens,Jamaica,40.6700668555015028005072963424026966094970703125,-73.776425795888457059845677576959133148193359375,Entire home/apt,125,1
Your Home Away From Home! 3 Pet-friendly Units,496932087,Manhattan,Midtown,40.753349058488453238169313408434391021728515625,-73.9862892792044846146382042206823825836181640625,Entire home/apt,1540,1
3 Studio Double Queen at Refinery Hotel,496932087,Manhattan,Midtown,40.75320230642473262605562922544777393341064453125,-73.984870023073682432368514128029346466064453125,Entire home/apt,1540,1
Near Museum of Modern Art! 3 Convenient Units,496932087,Manhattan,Midtown,40.753258458067676883729291148483753204345703125,-73.9858265280760321047637262381613254547119140625,Entire home/apt,1546,1
Posh Studio- Central Manhattan,489804886,Manhattan,Midtown,40.7598200284234053469845093786716461181640625,-73.9663297977046028108816244639456272125244140625,Entire home/apt,538,1
Pets are Allowed HERE! 3 Comfortable Units,496932087,Manhattan,Midtown,40.751479927965192473493516445159912109375,-73.986402396352247023969539441168308258056640625,Entire home/apt,1546,1
Comfortable Stay! Near Collect Pond Park!,496944100,Manhattan,Lower East Side,40.72014539931861776267396635375916957855224609375,-73.989244372088393220110447145998477935791015625,Entire home/apt,252,1
No cleaning fee! Free street parking available,489912515,Queens,Jamaica,40.69364352084175351365047390572726726531982421875,-73.786629187278578001496498472988605499267578125,Entire home/apt,258,1
2 Pet-friendly Units! Minutes to Bronx Zoo,496932087,Manhattan,Midtown,40.75336827553443441729541518725454807281494140625,-73.9849866288542870051969657652080059051513671875,Entire home/apt,1026,1
2 Studio Double Queen at Refinery Hotel,496932087,Manhattan,Midtown,40.7532239468172292617964558303356170654296875,-73.9863103694386694542117766104638576507568359375,Entire home/apt,1026,1
"Look No Further! 2 Comfortable Units, Pets Allowed",496932087,Manhattan,Midtown,40.752971225171705782486242242157459259033203125,-73.98419248913342016749083995819091796875,Entire home/apt,1030,1
No Cleaning fee King bed w/Driveway & Disney+,489912515,Queens,Jamaica,40.692356796662664919495000503957271575927734375,-73.7855356986710688715902506373822689056396484375,Entire home/apt,264,1
"Rare Find! 2 Pet-friendly Units, Near Bryant Park",496932087,Manhattan,Midtown,40.751664066742478098603896796703338623046875,-73.9863941542843548404562170617282390594482421875,Entire home/apt,1030,1
2 Deluxe Double Queen at Refinery Hotel,496932087,Manhattan,Midtown,40.75179739862577577014235430397093296051025390625,-73.9863968016544646388865658082067966461181640625,Entire home/apt,1030,1
Minutes to Museum of Modern Art! Pets Allowed!,496932087,Manhattan,Midtown,40.7510401923666023549230885691940784454345703125,-73.9862935724762991185343707911670207977294921875,Entire home/apt,446,1
Indulge in Home Like Comfort 2 Relaxing Units,496932087,Manhattan,Midtown,40.7512107703183801277191378176212310791015625,-73.984585071278189616350573487579822540283203125,Entire home/apt,1026,1
3 Deluxe Double Queen at Refinery Hotel,496932087,Manhattan,Midtown,40.7517056614103267975224298425018787384033203125,-73.9863115635264563252349034883081912994384765625,Entire home/apt,1546,1
Cozy Duplex With Roof & Courtyard Access,429960952,Brooklyn,Greenpoint,40.7365300000000019053914002142846584320068359375,-73.956649999999996225596987642347812652587890625,Entire home/apt,350,1
Homie home in midtown,488481206,Manhattan,Kips Bay,40.7429753442627173853907152079045772552490234375,-73.9778627327731754803608055226504802703857421875,Entire home/apt,350,1
Trillvybz AIR BNB,494632237,Bronx,Williamsbridge,40.87758999999999787178239785134792327880859375,-73.847499999999996589394868351519107818603515625,Entire home/apt,227,1
Luxury Apartment In New Building,377151,Queens,Long Island City,40.7441291350807972548864199779927730560302734375,-73.9550075215953484075726009905338287353515625,Entire home/apt,126,1
Guest Room with King Bed at The Redford Hotel,492545385,Manhattan,Lower East Side,40.72133992653542833295432501472532749176025390625,-73.98887542250810156474472023546695709228515625,Entire home/apt,200,1
new york city Oasis,3818314,Brooklyn,Crown Heights,40.668923508335723226991831324994564056396484375,-73.9427824028526856636744923889636993408203125,Entire home/apt,150,1
2br Luxury Condo in the Sky,89948849,Manhattan,Financial District,40.709436105109119807821116410195827484130859375,-74.006940214442721526211244054138660430908203125,Entire home/apt,699,1
Hidden Gem Apartment #1      5min JFK,496558533,Queens,South Ozone Park,40.6746399440098826971734524704515933990478515625,-73.8193798576721036397429998032748699188232421875,Entire home/apt,136,1
10Min to Manhattan 2nd FL Apartment in Woodside,491347586,Queens,Woodside,40.74182700000000068030203692615032196044921875,-73.9025189999999980727807269431650638580322265625,Entire home/apt,139,1
Cozy 3 bedroom in Brooklyn,349227192,Brooklyn,Canarsie,40.6398407721290624294852023012936115264892578125,-73.90990174760628406147588975727558135986328125,Entire home/apt,149,1
1Bd Apartment w/private terrace,9601461,Manhattan,Lower East Side,40.7174393955636020336896763183176517486572265625,-73.9905856783556572509041870944201946258544921875,Entire home/apt,250,1
Cozy 2-bedrooms in Jackson Heights!,434276514,Queens,Jackson Heights,40.7527612246920085681267664767801761627197265625,-73.883350734931383385628578253090381622314453125,Entire home/apt,131,1
Renovated Soho Meets Lower East Side Apartment,306036072,Manhattan,Lower East Side,40.72110591575137306108445045538246631622314453125,-73.992528654634952545166015625,Entire home/apt,157,1
Beautiful  Apartment in Astoria,205999048,Queens,Astoria,40.759961800000013454337022267282009124755859375,-73.925178799999997636405169032514095306396484375,Entire home/apt,94,1
2 bedroom 1 bath,496038617,Queens,East Elmhurst,40.76183449999999908186509856022894382476806640625,-73.875846400000000357977114617824554443359375,Entire home/apt,90,1
Charming East Village Studio,80567578,Manhattan,East Village,40.72610999999999847887011128477752208709716796875,-73.985600000000005138645065017044544219970703125,Entire home/apt,180,1
Beautiful Private Apartment,496466111,Bronx,Longwood,40.82626210828941992758700507692992687225341796875,-73.9078378697874285307989339344203472137451171875,Entire home/apt,120,1
The City of Dreams Dream Store.,426163934,Brooklyn,Fort Greene,40.69215570000000070649548433721065521240234375,-73.9820165000000002919477992691099643707275390625,Entire home/apt,150,1
Best Place to Unwind! Close to Statue of Liberty,496944100,Manhattan,SoHo,40.72088815319983012841476011089980602264404296875,-74.0010448722536722243603435344994068145751953125,Entire home/apt,710,1
"Relax and Unwind! Onsite Parking, Pets Allowed!",496944100,Manhattan,Little Italy,40.719099660170712695617112331092357635498046875,-73.9989997794661320540399174205958843231201171875,Entire home/apt,689,1
Pet-friendly Suite Near Washington Square Park!,496944100,Manhattan,SoHo,40.71877244786575289481334039010107517242431640625,-74.0009231790564427910794620402157306671142578125,Entire home/apt,710,1
"Rare Gem! 2 Pleasant Units, Pets Allowed",496944100,Manhattan,Hell's Kitchen,40.76566350961197571223237900994718074798583984375,-73.9951266939250444920617155730724334716796875,Entire home/apt,740,1
2 Pet-Friendly Units! Close To Times Square!,496944100,Manhattan,Hell's Kitchen,40.76398921905575889468309469521045684814453125,-73.9952636089141009279046556912362575531005859375,Entire home/apt,740,1
"Family Getaway! 3 Comfortable Units, Pets Allowed",496944100,Manhattan,Hell's Kitchen,40.76409820322722765695289126597344875335693359375,-73.9969127949103580021983361802995204925537109375,Entire home/apt,1057,1
Lovely studio in Elmhurst! Close to Subway,434276514,Queens,Elmhurst,40.74637576354546553147883969359099864959716796875,-73.8745772152708894964234787039458751678466796875,Entire home/apt,79,1
The Studio,491738844,Brooklyn,Boerum Hill,40.687185860545213245131890289485454559326171875,-73.98096598684787750244140625,Entire home/apt,250,1
Beautiful apartment in Manhattan,434472879,Manhattan,Upper West Side,40.79381983032516956200197455473244190216064453125,-73.9760776370425645609429921023547649383544921875,Entire home/apt,199,1
no cleaning fee/Hm away from Hm,233485864,Staten Island,New Dorp Beach,40.5647734848064231982789351604878902435302734375,-74.104251231555878121071145869791507720947265625,Entire home/apt,101,1
NYC Paradise near metro with parking and laundry,496916072,Bronx,Mott Haven,40.80710801996867331808971357531845569610595703125,-73.924646057738613080800860188901424407958984375,Entire home/apt,297,1
"Apartamento, espacioso.",489538309,Queens,Astoria,40.7629264061708482813628506846725940704345703125,-73.915209050332379092651535756886005401611328125,Entire home/apt,150,1
JFK Arrivals to shower and Bed,210172714,Queens,Springfield Gardens,40.66068559359516854101457283832132816314697265625,-73.765950715344246191307320259511470794677734375,Entire home/apt,149,1
Hidden Gem Apartment #2 | 5min JFK,496558533,Queens,South Ozone Park,40.6755394051995580184666323475539684295654296875,-73.8191489708408852266074973158538341522216796875,Entire home/apt,136,1
"BK Palace Corner Unit, Rooftop, Pool, Parking, Gym",490954959,Brooklyn,Boerum Hill,40.687185900000002902743290178477764129638671875,-73.980965999999995119651430286467075347900390625,Entire home/apt,302,1
Comfort in gramercy style,32368779,Brooklyn,Bedford-Stuyvesant,40.67953553184094772632306558080017566680908203125,-73.918880354924795028637163341045379638671875,Entire home/apt,131,1
Spacious bedroom fit for 4,32368779,Brooklyn,Bedford-Stuyvesant,40.6819366443951224709962843917310237884521484375,-73.918498812162368949429946951568126678466796875,Entire home/apt,167,1
Spacious modern Bushwick apartment,32368779,Brooklyn,Bedford-Stuyvesant,40.6798168778581015203599235974252223968505859375,-73.920262174553073464267072267830371856689453125,Entire home/apt,154,1
Cozy Park Apartment in Flushing,62634333,Queens,Flushing,40.76413780904862704801416839472949504852294921875,-73.8243343256028623500242247246205806732177734375,Entire home/apt,152,1
Very big and spacious,495879533,Brooklyn,Cypress Hills,40.6807967777179584345503826625645160675048828125,-73.8936058550424803570422227494418621063232421875,Entire home/apt,300,1
"3 Relaxing Units! Kitchen, Pets Allowed!",496944100,Manhattan,Hell's Kitchen,40.76380079954972046607508673332631587982177734375,-73.9969257245794693744755932129919528961181640625,Entire home/apt,1057,1
"Private home in Queens, NY",495220547,Queens,Flushing,40.74040810000000334412106894887983798980712890625,-73.8050484999999980573193170130252838134765625,Entire home/apt,245,1
"Bedstuy Beauty, Full Apartment",5507676,Brooklyn,Bedford-Stuyvesant,40.6784165045063872412356431595981121063232421875,-73.9430761440100781101136817596852779388427734375,Entire home/apt,200,1
Apartment near all,331278345,Queens,Jackson Heights,40.7521135808875811790130683220922946929931640625,-73.8627435123709830122606945224106311798095703125,Entire home/apt,80,1
Shoreham Hotel | Spacious Studio near Central Park,423873487,Manhattan,Midtown,40.76328372943810762762950616888701915740966796875,-73.977456782067093854493577964603900909423828125,Entire home/apt,206,1
"Get up and Go, Quick comfy get away",126614438,Bronx,Westchester Square,40.8369983840154446852466207928955554962158203125,-73.84751938283443450927734375,Entire home/apt,75,1
Perfect 1bd high ceiling unit 5min from JFK,445742022,Queens,South Ozone Park,40.67377729171685274422998190857470035552978515625,-73.795532643312782283828710205852985382080078125,Entire home/apt,120,1
Marble Central Park Stay,458074798,Manhattan,Harlem,40.8019028804074395111456396989524364471435546875,-73.956281641014498973163426853716373443603515625,Entire home/apt,186,1
The Eden's 2 Floor house,490412669,Brooklyn,Crown Heights,40.67259791119022338534705340862274169921875,-73.939425692859998662243015132844448089599609375,Entire home/apt,310,1
Modern New 2 Bedroom,69390579,Queens,Astoria,40.77306070661092718410145607776939868927001953125,-73.9230417371730226250292616896331310272216796875,Entire home/apt,171,1
Jose luxury apartment,262320337,Bronx,Norwood,40.87595200234439829500843188725411891937255859375,-73.8788727844775650055453297682106494903564453125,Entire home/apt,105,1
Cozy studio with private terrace,79501580,Manhattan,Upper East Side,40.76388390000000327972884406335651874542236328125,-73.9677573000000023739630705676972866058349609375,Entire home/apt,150,1
Elegant Cozy Spacious Home near train with parking,436311597,Brooklyn,East Flatbush,40.66027343407005645303797791711986064910888671875,-73.9294431662052176079669152386486530303955078125,Entire home/apt,230,1
Cozy Garden Apt in Brooklyn.,497128249,Brooklyn,Canarsie,40.6385806585217181918778805993497371673583984375,-73.8851189061981727945749298669397830963134765625,Entire home/apt,100,1
Comfort and Convenience! 3 Pet-Friendly Units!,496944100,Manhattan,Hell's Kitchen,40.76561000000000234422259381972253322601318359375,-73.995599999999996043698047287762165069580078125,Entire home/apt,1109,1
Central 1bedroom smart TV warm,484159181,Manhattan,Upper East Side,40.762210797774486081834766082465648651123046875,-73.9618488137244725066921091638505458831787109375,Entire home/apt,260,1
1Br on Strivers' Row near Train,481452777,Manhattan,Harlem,40.81866420470280587551314965821802616119384765625,-73.944563247316608567416551522910594940185546875,Entire home/apt,290,1
Couple Vacation! Walk to Elizabeth Street Garden!,496944100,Manhattan,Lower East Side,40.72202999999999661895344615913927555084228515625,-73.9895700000000005047695594839751720428466796875,Entire home/apt,281,1
Home Away From Home! Explore the Big Apple!,496944100,Manhattan,Lower East Side,40.72225449832277632822297164238989353179931640625,-73.991102082000708151099388487637042999267578125,Entire home/apt,934,1
"Live Like A Local! 4 Units, Explore Big Apple!",496944100,Manhattan,Lower East Side,40.7224434557905397014110349118709564208984375,-73.9892134509741055126141873188316822052001953125,Entire home/apt,1245,1
Enjoy NY City Views! 4 Relaxing Units!,496944100,Manhattan,East Village,40.72432708285631264288895181380212306976318359375,-73.9891692267970739749216591008007526397705078125,Entire home/apt,1022,1
Close to Brooklyn Bridge! 4 Units! Enjoy NYC!,496944100,Manhattan,East Village,40.72388572387537664098999812267720699310302734375,-73.9913166749148984990824828855693340301513671875,Entire home/apt,1022,1
"4 Spacious Units! Kitchen, Pets Allowed!",496944100,Manhattan,Hell's Kitchen,40.7654500000000012960299500264227390289306640625,-73.996949999999998226485331542789936065673828125,Entire home/apt,1409,1
4 Pet-Friendly Units! Close To Times Square!,496944100,Manhattan,Hell's Kitchen,40.76512205151770018574097775854170322418212890625,-73.9969854271412117441286682151257991790771484375,Entire home/apt,1409,1
Cozy 3BR! Manhattan Valley!,491513126,Manhattan,Upper West Side,40.79297147669881695719595882110297679901123046875,-73.967581754657970805055811069905757904052734375,Entire home/apt,450,1
Forest vibes in concrete jungle,405091843,Brooklyn,Bedford-Stuyvesant,40.67933203699318056578704272396862506866455078125,-73.9376558093173343877424485981464385986328125,Entire home/apt,114,1
Very Cozy 3BR/2BA Apartment!,390586384,Manhattan,Kips Bay,40.7433022622611105134637909941375255584716796875,-73.9728591204537764269844046793878078460693359375,Entire home/apt,469,1
A&D Cottage home away from home,463217904,Queens,Jamaica,40.6816238815094237679659272544085979461669921875,-73.7761064949953464520149282179772853851318359375,Entire home/apt,236,1
Gorgeous 2BR Upper West Side!,386334460,Manhattan,Upper West Side,40.7935575212842849168737302534282207489013671875,-73.968082307342200465427595190703868865966796875,Entire home/apt,295,1
"Rare Gem! 4 Pleasant Units, Pets Allowed",496944100,Manhattan,Hell's Kitchen,40.7634561649896198787246248684823513031005859375,-73.995177360894814455605228431522846221923828125,Entire home/apt,1478,1
Synergy Chelsea 2BR Condo w Balcony: The Perfect Retreat in the Heart of the City,490798197,Manhattan,Chelsea,40.74455979999999755136741441674530506134033203125,-73.9956093999999922061761026270687580108642578125,Entire home/apt,304,1
2 Bedroom Luxury Getaway,200426688,Brooklyn,Canarsie,40.63502802342993192041831207461655139923095703125,-73.8949838190329018061675014905631542205810546875,Entire home/apt,190,1
Cozy 2BR in Wall Street!,472442549,Manhattan,Financial District,40.706382129487110432819463312625885009765625,-74.0081580844572357591459876857697963714599609375,Entire home/apt,330,1
Cozy and Clean 1BR Near Central Park,46108407,Manhattan,Harlem,40.80293048076898543286006315611302852630615234375,-73.948420473780657857787446118891239166259765625,Entire home/apt,112,1
Modern 2 Bedroom apartment,395631262,Manhattan,East Harlem,40.79236289507176849156167008914053440093994140625,-73.944550118289299689422477968037128448486328125,Entire home/apt,213,1
cozy komfy full 1 bdroom apartment ...420 friendly,343836403,Brooklyn,Bedford-Stuyvesant,40.68019000000000318095771945081651210784912109375,-73.910560000000003810782800428569316864013671875,Entire home/apt,115,1
Cozy Apartment,45404393,Queens,East Elmhurst,40.7615771020955008907549199648201465606689453125,-73.8865021989590928797042579390108585357666015625,Entire home/apt,250,1
Comfort and Convenience! 3 Pet-friendly Units,496944100,Manhattan,Hell's Kitchen,40.76211903511254064369495608843863010406494140625,-73.988607256864412420327425934374332427978515625,Entire home/apt,1755,1
"Prime Location! 3 Relaxing Units, Pets Allowed",496944100,Manhattan,Hell's Kitchen,40.760851779645150827491306699812412261962890625,-73.9885395755378425519666052423417568206787109375,Entire home/apt,1771,1
"You Found it! 2 Relaxing Units, Pets Allowed",496944100,Manhattan,Hell's Kitchen,40.762619930224133213414461351931095123291015625,-73.988564958010528016529860906302928924560546875,Entire home/apt,1243,1
"Look No More! 2 Comfortable Units, Pet-friendly",496944100,Manhattan,Theater District,40.7605955540409325976725085638463497161865234375,-73.9869823361518825777238816954195499420166015625,Entire home/apt,1170,1
Entire spacious studio apt,501901357,Bronx,East Morrisania,40.82935886656120061388719477690756320953369140625,-73.892578746937459754917654208838939666748046875,Entire home/apt,70,1
Home Away From Home! 3 Convenient Units in NYC!,496944100,Manhattan,Lower East Side,40.72209849365821554556532646529376506805419921875,-73.9909939162815675217643729411065578460693359375,Entire home/apt,767,1
"In The Heart of it All! 3 Stylish Units, Parking",496944100,Manhattan,Lower East Side,40.72259868940569305095777963288128376007080078125,-73.9891412324418666912606568075716495513916015625,Entire home/apt,767,1
*Brand New *Beige Curtain,77063818,Brooklyn,Bay Ridge,40.63434395749548144749496714212000370025634765625,-74.0174643625828565518531831912696361541748046875,Entire home/apt,173,1
*Brand New *Blue Curtains,77063818,Brooklyn,Bay Ridge,40.63470379099832285874072113074362277984619140625,-74.017397346134458757660468108952045440673828125,Entire home/apt,131,1
Gorgeous house on a quiet street private Parking,18057505,Brooklyn,East Flatbush,40.65660900523578646925670909695327281951904296875,-73.9257739698806517480988986790180206298828125,Entire home/apt,250,1
Walk to Times Square! 3 Stylish Units! Parking,496944100,Manhattan,Lower East Side,40.72257982831678191359969787299633026123046875,-73.9909594375598800297666457481682300567626953125,Entire home/apt,851,1
Take a Visit at Battery Park! 4 Relaxing Units!,496944100,Manhattan,Lower East Side,40.72236809018520631298088119365274906158447265625,-73.991352788909580340259708464145660400390625,Entire home/apt,1122,1
"2 Spacious Units! Kitchen, Pets Allowed!",496944100,Manhattan,Hell's Kitchen,40.76376237625223808436203398741781711578369140625,-73.996582141995730808048392646014690399169921875,Entire home/apt,705,1
"Comfort and Convenience! Kitchen, Pets Allowed",496944100,Manhattan,Hell's Kitchen,40.7654783911518023842290858738124370574951171875,-73.995029669265846905545913614332675933837890625,Entire home/apt,370,1
Studio in NYC close to Airports!,260263099,Queens,Howard Beach,40.66042999999999807414496899582445621490478515625,-73.842500000000001136868377216160297393798828125,Entire home/apt,95,1
Indulge in Home Like Comfort! Pets Allowed,496944100,Manhattan,Hell's Kitchen,40.76497486935944181141167064197361469268798828125,-73.99698826151808361828443594276905059814453125,Entire home/apt,353,1
Your Home Away From Home! Pet-friendly Property,496944100,Manhattan,Hell's Kitchen,40.76057963105495218769647181034088134765625,-73.9878879151398933800010127015411853790283203125,Entire home/apt,369,1
NYC For Memorial Day Weekend,308578179,Manhattan,Midtown,40.7643096595970888529336662031710147857666015625,-73.981824818962877543526701629161834716796875,Entire home/apt,399,1
Prewar Apartment near 2/5,7955696,Brooklyn,East Flatbush,40.6502481371631034789970726706087589263916015625,-73.946768341373712019048980437219142913818359375,Entire home/apt,153,1
Luxury 1 BR at heart of LIC,90359139,Queens,Long Island City,40.74944663190530036445125006139278411865234375,-73.943102544273216381043312139809131622314453125,Entire home/apt,128,1
Apt in Astoria up to 5 guests,90153911,Queens,Astoria,40.7669564745801409344494459219276905059814453125,-73.9193536453531265806304872967302799224853515625,Entire home/apt,146,1
Crown Heights Best Apartment,2928796,Brooklyn,East Flatbush,40.65990599999999943747752695344388484954833984375,-73.938638999999994894096744246780872344970703125,Entire home/apt,98,1
Just What You Were Looking For! Pets Allowed HERE!,496944100,Manhattan,Theater District,40.76072943859897890206411830149590969085693359375,-73.9866092073529131312170648016035556793212890625,Entire home/apt,357,1
Take a Walk to Times Square! 4 Relaxing Units!,496944100,Manhattan,East Village,40.72416922509638226301831309683620929718017578125,-73.9898712214586424806839204393327236175537109375,Entire home/apt,1122,1
"You Found It! 3 Units, Explore Central Park!",496944100,Manhattan,Lower East Side,40.7222270237484877952738315798342227935791015625,-73.991352862635864084950299002230167388916015625,Entire home/apt,843,1
Create your content studio,477669980,Brooklyn,Canarsie,40.64843046181357522073085419833660125732421875,-73.9093853033390359996701590716838836669921875,Entire home/apt,97,1
"Prime Location! Pets Allowed, Kitchen",496944100,Manhattan,Hell's Kitchen,40.76345664280979264049165067262947559356689453125,-73.996755755327086490069632418453693389892578125,Entire home/apt,353,1
Stylish Home Few Mins From JFK,439414066,Brooklyn,Canarsie,40.6407138000000003330569597892463207244873046875,-73.9088694999999944457158562727272510528564453125,Entire home/apt,79,1
1 Bd/ 1 ba - CONDO in Harlem,68437552,Manhattan,Harlem,40.8164421999999973422745824791491031646728515625,-73.9371531999999973550075083039700984954833984375,Entire home/apt,125,1
"Stylish, Spacious  1BR w/balcony",496995514,Brooklyn,Williamsburg,40.7186898201264995122983236797153949737548828125,-73.9553528643047002333332784473896026611328125,Entire home/apt,252,1
3bedroom apartment with very big livingroom space,438014463,Brooklyn,Cypress Hills,40.6802100000000024238033802248537540435791015625,-73.8936800000000033605829230509698390960693359375,Entire home/apt,171,1
“The Luxe Pad” An Entire Modern Apt,472293284,Brooklyn,Flatbush,40.645670400000000199725036509335041046142578125,-73.952438499999999521605786867439746856689453125,Entire home/apt,86,1
The NYC RV,487205556,Manhattan,Upper East Side,40.7756911840260301005400833673775196075439453125,-73.955295217100001536891795694828033447265625,Entire home/apt,62,1
Cozy Luxurious Guest Suite No cleaner fee special,493049394,Brooklyn,Flatbush,40.63081674146143740244951914064586162567138671875,-73.9566048224878755945610464550554752349853515625,Entire home/apt,156,1
Cozy and well maintained 2 Bedroom Home,493191472,Queens,Springfield Gardens,40.6588739000000032319803722202777862548828125,-73.751715899999993553137755952775478363037109375,Entire home/apt,140,1
Apt de luxo 2 min Central Park,418217922,Manhattan,East Harlem,40.7916676169426608566936920396983623504638671875,-73.946246230992329628861625678837299346923828125,Entire home/apt,252,1
Guest Room with 1 Queen Bed at The Gatsby Hotel,492550771,Manhattan,Lower East Side,40.72276129651582010637866915203630924224853515625,-73.99138889810029695581761188805103302001953125,Entire home/apt,156,1
Amazing Grace Guest house,485946841,Queens,Rosedale,40.65870393431266194284035009332001209259033203125,-73.72907999094041997523163445293903350830078125,Entire home/apt,141,1
Garden Fairy Retreat 1,417275418,Brooklyn,Williamsburg,40.71201297729233914424185059033334255218505859375,-73.9613953296924364622100256383419036865234375,Entire home/apt,350,1
High-end apartment,493143034,Manhattan,Upper West Side,40.77648181312946462639956735074520111083984375,-73.9851581364018073827537591569125652313232421875,Entire home/apt,158,1
Cozy in Flatbush,301713537,Brooklyn,Flatbush,40.6501003645143867970546125434339046478271484375,-73.965151769267521331130410544574260711669921875,Entire home/apt,111,1
Cozy Furnished 1BR Unit in NYC!,234755971,Manhattan,Upper West Side,40.78518588546503309544277726672589778900146484375,-73.97225817242207313029211945831775665283203125,Entire home/apt,125,1
New 2bdr heart of NYC,75266494,Manhattan,Lower East Side,40.71803166236838222857841174118220806121826171875,-73.9906783476568676860551931895315647125244140625,Entire home/apt,260,1
"City Escape! 2 Relaxing Units, Near Central Park!",174792040,Manhattan,Murray Hill,40.75117999999999796045813127420842647552490234375,-73.97665000000000645741238258779048919677734375,Entire home/apt,734,1
2 Units in the Heart of Midtown! Near Times Square,174792040,Manhattan,Murray Hill,40.7489996781971086647899937815964221954345703125,-73.9783669768037412950434372760355472564697265625,Entire home/apt,737,1
Ultimate NYC Getaway! Two Convenient Units!,174792040,Manhattan,Murray Hill,40.7499600000000015143086784519255161285400390625,-73.97638000000000602085492573678493499755859375,Entire home/apt,734,1
Private Studio at Columbia University,13046376,Manhattan,Morningside Heights,40.80632681573049325152169330976903438568115234375,-73.96580761627370748101384378969669342041015625,Entire home/apt,108,1
Private apartment w/ yard Gazebo,133770455,Brooklyn,East Flatbush,40.6417184056098932387612876482307910919189453125,-73.9425636416529670214003999717533588409423828125,Entire home/apt,65,1
Wonderful Getaway in Canarsie Brooklyn w/Parking,18397763,Brooklyn,Canarsie,40.6303509034907079922049888409674167633056640625,-73.8980854968064022614271380007266998291015625,Entire home/apt,109,1
"New! Modern 2nd floor, 3 bedroom with 2 bathroom",492971097,Queens,Springfield Gardens,40.6575927133936971813454874791204929351806640625,-73.751345606710430047314730472862720489501953125,Entire home/apt,450,1
2 Double Beds Traditional Room Nonsmoking at Crowne Plaza Times Square,495061716,Manhattan,Theater District,40.7596424339141520931661943905055522918701171875,-73.9843553623179985834212857298552989959716796875,Entire home/apt,462,1
Cozy Lower Level Studio,494743523,Brooklyn,East New York,40.66457772538857540212120511569082736968994140625,-73.878844113487417644137167371809482574462890625,Entire home/apt,120,1
Holliswood Oasis,74406201,Queens,Holliswood,40.72346606167194948966425727121531963348388671875,-73.765990012257162788955611176788806915283203125,Entire home/apt,543,1
Charming 2B duplex in Prospect Park,479765490,Brooklyn,Flatbush,40.636200000000002319211489520967006683349609375,-73.9572500000000019326762412674725055694580078125,Entire home/apt,108,1
Apt In The Heart of Bushwick,1978551,Brooklyn,Bushwick,40.703303102242415434375288896262645721435546875,-73.919112276518802673308528028428554534912109375,Entire home/apt,275,1
Entire unit ! Artsy&Cozy Prime location.,434144340,Brooklyn,Crown Heights,40.67646255846178604542728862725198268890380859375,-73.944631198858388643202488310635089874267578125,Entire home/apt,120,1
Enhanced 1Bedroom,436579802,Bronx,Williamsbridge,40.8742213681829440474757575429975986480712890625,-73.855821753717719957421650178730487823486328125,Entire home/apt,82,1
1br basement with pool table and massage chair,52135038,Queens,Jamaica,40.68519450000000148293111124075949192047119140625,-73.7760655999999954701706883497536182403564453125,Entire home/apt,120,1
BoutiQue studio -Central park,256296169,Manhattan,Upper East Side,40.776488470302325595184811390936374664306640625,-73.9532025134902966101435595192015171051025390625,Entire home/apt,239,1
All Occasions Indoors Space,475395086,Brooklyn,Cypress Hills,40.67867255069990051197237335145473480224609375,-73.8928209409597371859490522183477878570556640625,Entire home/apt,328,1
Vanessa's Getaway!-10 minutes from JFK Airport,446220451,Queens,Rosedale,40.67400800407437344574645976535975933074951171875,-73.731673870026014583345386199653148651123046875,Entire home/apt,96,1
Stylish 1 Bedroom- Lower Eastside of Harlem,350031143,Manhattan,East Harlem,40.79247621273737678393445094116032123565673828125,-73.9384561588065167825334356166422367095947265625,Entire home/apt,101,1
Clean modern Brooklyn apartment!,494779190,Brooklyn,Fort Hamilton,40.6204954431668880943107069469988346099853515625,-74.0304733571736477415470289997756481170654296875,Entire home/apt,192,1
Wish you were here (-_-;,322548,Brooklyn,Bay Ridge,40.63295855421890934167095110751688480377197265625,-74.02765597689659671232220716774463653564453125,Entire home/apt,188,1
2 bedroom apartment with balcony,495123710,Bronx,Fieldston,40.89456255588272171053176862187683582305908203125,-73.8981140160619389689600211568176746368408203125,Entire home/apt,180,1
3-Bedroom Apartment,465866457,Queens,Flushing,40.757348334568320069593028165400028228759765625,-73.7928300806327541749851661734282970428466796875,Entire home/apt,159,1
King Bed Traditional Room Nonsmoking at Crowne Plaza Times Square,495061716,Manhattan,Theater District,40.75983000000000089357854449190199375152587890625,-73.9836399999999940746420179493725299835205078125,Entire home/apt,499,1
Brooklyn Getaway,495392808,Brooklyn,Flatbush,40.6506027800532336868855054490268230438232421875,-73.9560177512412764144755783490836620330810546875,Entire home/apt,106,1
Lovely First Floor Apartment,494743523,Brooklyn,East New York,40.66569901166806033643297269009053707122802734375,-73.8771273970309465539685334078967571258544921875,Entire home/apt,125,1
Perfect place to stay,356663207,Bronx,Bronxdale,40.8529497160364911678698263131082057952880859375,-73.8649311892468318774263025261461734771728515625,Entire home/apt,102,1
The Best Location,57238339,Brooklyn,Brooklyn Heights,40.6962752806816894235453219152987003326416015625,-73.9961329990760390273862867616117000579833984375,Entire home/apt,206,1
Light Filled Mini Loft,494380925,Brooklyn,Bedford-Stuyvesant,40.68990999999999758074409328401088714599609375,-73.9585299999999961073626764118671417236328125,Entire home/apt,225,1
Beautiful 2 bedroom,494853622,Brooklyn,Canarsie,40.63838903511251743339016684330999851226806640625,-73.8948804186895102930066059343516826629638671875,Entire home/apt,325,1
Apartment 1B: Modern Space,303320919,Brooklyn,Bedford-Stuyvesant,40.683657616984788774061598815023899078369140625,-73.949098015844214160097180865705013275146484375,Entire home/apt,279,1
"NYC Luxury in Staten Island, NY",464779742,Staten Island,Grant City,40.5796500000000008867573342286050319671630859375,-74.1082999999999998408384271897375583648681640625,Entire home/apt,135,1
Azul Oasis: 15 Minutes from JFK,494809273,Queens,St. Albans,40.6977869509887995036478969268500804901123046875,-73.7647850569556311484120669774711132049560546875,Entire home/apt,100,1
Amazing Studio in Murray Hill!,439221511,Manhattan,Kips Bay,40.74491588180446655087507679127156734466552734375,-73.977980803440090085132396779954433441162109375,Entire home/apt,147,1
Photo Shoot Studio With Home Theater,19547144,Bronx,Highbridge,40.8413553740914920808791066519916057586669921875,-73.92558909952640533447265625,Entire home/apt,170,1
Luxury Apt in New Building,377151,Queens,Long Island City,40.74463376570488293282323866151273250579833984375,-73.95452438786696802708320319652557373046875,Entire home/apt,126,1
Residencia Roschal's,493556858,Bronx,Throgs Neck,40.8242381201377071420210995711386203765869140625,-73.8181266052594509119444410316646099090576171875,Entire home/apt,149,1
Your Fort Greene Escape,139896539,Brooklyn,Fort Greene,40.69629619999999903257048572413623332977294921875,-73.9720501999999981990185915492475032806396484375,Entire home/apt,290,1
Lincoln Space,52136347,Brooklyn,Crown Heights,40.669183862313417421319172717630863189697265625,-73.9397842290061220182906254194676876068115234375,Entire home/apt,153,1
The Corner!,457510836,Queens,Woodside,40.74405259537828527527381083928048610687255859375,-73.911669580352196362582617439329624176025390625,Entire home/apt,127,1
3 Bedroom/1.5 Baths - 8 Beds,407479321,Manhattan,Upper West Side,40.77134915231267342505816486664116382598876953125,-73.9818940253727106437509064562618732452392578125,Entire home/apt,475,1
Private space for Private Events,336202829,Queens,St. Albans,40.70225193459175017096640658564865589141845703125,-73.7650049769540174793291953392326831817626953125,Entire home/apt,160,1
Best 3BR/1BA! Near Times Square!,285016445,Manhattan,Hell's Kitchen,40.75546021437229882167230243794620037078857421875,-73.99577799564718816327513195574283599853515625,Entire home/apt,350,1
Near Times Square! Best 3BR/1BA!,285016445,Manhattan,Hell's Kitchen,40.7552075895931693594320677220821380615234375,-73.99619863114691042937920428812503814697265625,Entire home/apt,257,1
New RV NYC,487205556,Manhattan,Upper East Side,40.776224009787284785488736815750598907470703125,-73.9554442202802846395570668391883373260498046875,Entire home/apt,62,1
Event/ Party Hall w Bar,428789957,Staten Island,Port Richmond,40.633069385572781584414769895374774932861328125,-74.1332979437609509432149934582412242889404296875,Entire home/apt,500,1
Spacious and large apartment.,496897466,Queens,Rosedale,40.6515500000000002955857780762016773223876953125,-73.7322999999999950659912428818643093109130859375,Entire home/apt,99,1
A Cozy Modern Apartment!,382915957,Staten Island,Port Richmond,40.63951347859229912273804075084626674652099609375,-74.1375301330290739088013651780784130096435546875,Entire home/apt,110,1
"long term sublet, Brooklyn",4267075,Brooklyn,Clinton Hill,40.68284381072748345786749268881976604461669921875,-73.9667107556949332547446829266846179962158203125,Entire home/apt,250,1
"4 Modern Units, Pets Allowed, Near Central Park!",496944100,Manhattan,Midtown,40.765389999999996462065610103309154510498046875,-73.9805199999999985038812155835330486297607421875,Entire home/apt,3196,1
Great Find! 4 Sleek Units Close to Empire State!,496944100,Manhattan,Midtown,40.76567771300771170217558392323553562164306640625,-73.9817014121612857024956610985100269317626953125,Entire home/apt,2736,1
Ultimate NYC Getaway! 4 Units Near Central Park!,496944100,Manhattan,Midtown,40.7636379374564938871117192320525646209716796875,-73.981626348373850987627520225942134857177734375,Entire home/apt,1611,1
"4 Spacious Units, Minutes From NYC Attractions!",496944100,Manhattan,Midtown,40.76419170819493587032411596737802028656005859375,-73.9803742587863126800584723241627216339111328125,Entire home/apt,2142,1
"Stay On Time Square! 4 Units, Pets Allowed!",496944100,Manhattan,Midtown,40.76357008412768578864415758289396762847900390625,-73.9809455426592847970823640935122966766357421875,Entire home/apt,1829,1
hidalgo’s homey homes,405159598,Queens,Jamaica,40.7011271317383176437942893244326114654541015625,-73.812348108457200623888638801872730255126953125,Entire home/apt,250,1
Studio apartment-newly renovated-1 queen bed,18226127,Brooklyn,Park Slope,40.67490993902448082053524558432400226593017578125,-73.980598017979588121306733228266239166259765625,Entire home/apt,193,1
APT 20min to Midtown Manhattan!,303320045,Queens,Astoria,40.77176148313332504358186270110309123992919921875,-73.9207660287264189946654369123280048370361328125,Entire home/apt,194,1
Nice Cozy apartment nearby NYC major airports,187430955,Queens,Jamaica,40.67763190000000150803316500969231128692626953125,-73.7902788000000100510078482329845428466796875,Entire home/apt,80,1
NYC Apartment Midtown,492123147,Manhattan,Midtown,40.7582400000000006912159733474254608154296875,-73.9642999999999943838702165521681308746337890625,Entire home/apt,143,1
Williamsburg | Spacious & Stylish 1BR,87215632,Brooklyn,Williamsburg,40.71872671119205477907598833553493022918701171875,-73.9550205108849212365385028533637523651123046875,Entire home/apt,279,1
Chic Penthouse LES Sanctuary,181195072,Manhattan,Chinatown,40.7148734101064064816455356776714324951171875,-73.9932927538369966669051791541278362274169921875,Entire home/apt,275,1
Modern 2 bed apt 5 mins from JFK,211433602,Queens,Jamaica,40.68002992637978110224139527417719364166259765625,-73.781878388090490261674858629703521728515625,Entire home/apt,253,1
Big and spacious,495879533,Brooklyn,Cypress Hills,40.67983170000000114896465674974024295806884765625,-73.8925593000000020538209355436265468597412109375,Entire home/apt,190,1
Charming & Cozy Apartment in ThrogsNeck,47851593,Bronx,Schuylerville,40.83038073985795790576958097517490386962890625,-73.8325773974960384293808601796627044677734375,Entire home/apt,76,1
2023 Brooklyn's Getaway WI-FI,351734350,Brooklyn,Brownsville,40.66608000000000089357854449190199375152587890625,-73.918589999999994688550941646099090576171875,Entire home/apt,124,1
Bed Stuy Brownstone Triplex,11048101,Brooklyn,Bedford-Stuyvesant,40.68778320649858670776666258461773395538330078125,-73.953531386322509888486820273101329803466796875,Entire home/apt,1500,1
artist loft near williamsburg,33189147,Brooklyn,Williamsburg,40.70465999999999695546648581512272357940673828125,-73.9360599999999976716935634613037109375,Entire home/apt,300,1
New Year Empire Square Plaza,493257026,Manhattan,Hell's Kitchen,40.75901737665707713631491060368716716766357421875,-73.99433906486092382692731916904449462890625,Entire home/apt,357,1
2 Bedroom apt lower Manhattan,493205635,Manhattan,Lower East Side,40.7199499999999972033037920482456684112548828125,-73.9924299999999988131094141863286495208740234375,Entire home/apt,196,1
Sleepy needs,479247710,Brooklyn,Crown Heights,40.67589351295431043809003313072025775909423828125,-73.941319821253415511819184757769107818603515625,Entire home/apt,210,1
Brand New Studio,193626078,Bronx,Clason Point,40.815209621476327583877719007432460784912109375,-73.8652676969160353337429114617407321929931640625,Entire home/apt,108,1
Newly Renovated Travel Spot! Entire Apt.,269510225,Bronx,Fordham,40.86632527025660266417617094703018665313720703125,-73.8892375930315523646640940569341182708740234375,Entire home/apt,152,1
2br apt w/ gym & rooftop 15 min from NYC,398726516,Queens,Jamaica,40.7064840406575427778079756535589694976806640625,-73.8032328493508913425102946348488330841064453125,Entire home/apt,150,1
Luxurious City Skyrise,448312376,Manhattan,Financial District,40.70616338763775132747468887828290462493896484375,-74.0053991114859996969244093634188175201416015625,Entire home/apt,571,1
Quans lovely back studio,493615431,Brooklyn,Bedford-Stuyvesant,40.685131109880700250869267620146274566650390625,-73.9313527194216248972225002944469451904296875,Entire home/apt,75,1
Spacious Soho Apt! A+ Location!,491731944,Manhattan,Nolita,40.7227934299609870549829793162643909454345703125,-73.993170028652087921727797947824001312255859375,Entire home/apt,550,1
Cozy Brooklyn Apartment,472836641,Brooklyn,East New York,40.65750239244908215141549590043723583221435546875,-73.89625939732064807685674168169498443603515625,Entire home/apt,147,1
Budget comfort studio near subway & JFK airport,153340219,Brooklyn,East New York,40.67430999999999841065800865180790424346923828125,-73.887619999999998299244907684624195098876953125,Entire home/apt,102,1
Guest Room with 2 Queen Beds at Hampton Inn Chelsea,499064731,Manhattan,Chelsea,40.74464780197906321745904278941452503204345703125,-73.993569231003249342393246479332447052001953125,Entire home/apt,709,1
RV/ Camper in the heart of NY.,179469761,Queens,Ditmars Steinway,40.7753386005711178086130530573427677154541015625,-73.8978057281871230088654556311666965484619140625,Entire home/apt,70,1
The Cana Studio,388575050,Brooklyn,Canarsie,40.64434021579960898407080094330012798309326171875,-73.904940291947724517740425653755664825439453125,Entire home/apt,55,1
"Cozy, quiet, peaceful, and very close to JFK.",496897466,Queens,Rosedale,40.6509228672939997295543435029685497283935546875,-73.735023709574534223065711557865142822265625,Entire home/apt,99,1
UBS Napoleon Suites near JFK/ UBS Arena & Casino.,436048247,Queens,Queens Village,40.70394730000000294012352242134511470794677734375,-73.7282689999999973906597006134688854217529296875,Entire home/apt,189,1
One Bedroom Apt - Williamsburg!,343760399,Brooklyn,Williamsburg,40.71451660000000316586010740138590335845947265625,-73.949228599999997868508216924965381622314453125,Entire home/apt,132,1
JFK/ LGA/UBS arena/Citi Field,162927656,Queens,Bellerose,40.7340741371771173362503759562969207763671875,-73.7368996958975770894539891742169857025146484375,Entire home/apt,435,1
beautiful front studio by Quan,493615431,Brooklyn,Bedford-Stuyvesant,40.684179999999997789927874691784381866455078125,-73.931139999999999190549715422093868255615234375,Entire home/apt,75,1
Light-filled 1 BD apt in NYC with Skyline View*,80461385,Manhattan,East Village,40.723849999999998772182152606546878814697265625,-73.9876200000000068257577368058264255523681640625,Entire home/apt,250,1
"The comfy, warm inviting place in Brooklyn",496110788,Brooklyn,Bedford-Stuyvesant,40.694023695998140510710072703659534454345703125,-73.9465464659133857594497385434806346893310546875,Entire home/apt,120,1
LGA Modern one Bedroom Walk in Basement apartment,140153865,Queens,East Elmhurst,40.76697999999999666442818124778568744659423828125,-73.8746799999999979036147124134004116058349609375,Entire home/apt,75,1
Clean and Cozy studio in the heart of L.E.S.,67292058,Manhattan,East Village,40.7234499999999997044142219237983226776123046875,-73.9892200000000030968294595368206501007080078125,Entire home/apt,130,1
Cozy 1-bedroom boutique  apartment.,436565885,Brooklyn,East Flatbush,40.63237000000000165300662047229707241058349609375,-73.9457900000000023510438040830194950103759765625,Entire home/apt,179,1
NEW Luxury Beautiful aprt with private backyard,305327549,Manhattan,Upper East Side,40.774079999999997880877344869077205657958984375,-73.950119999999998299244907684624195098876953125,Entire home/apt,286,1
*New* Roomy 1BR STAYCATION With Yard🔥,424059660,Queens,St. Albans,40.696449999999998681232682429254055023193359375,-73.7765500000000002955857780762016773223876953125,Entire home/apt,153,1
Warm and cozy place in the heart of Manhattan/4ppl,57782700,Manhattan,Midtown,40.748300000000000409272615797817707061767578125,-73.9867799999999959936758386902511119842529296875,Entire home/apt,139,1
Modern studio apartment near Airport,436205980,Queens,East Elmhurst,40.76380999999999943383954814635217189788818359375,-73.890500000000002955857780762016773223876953125,Entire home/apt,98,1
Breathtaking Views in Cloud Oasis,23908524,Brooklyn,Prospect-Lefferts Gardens,40.655630000000002155502443201839923858642578125,-73.951539999999994279278325848281383514404296875,Entire home/apt,255,1
paradiso estupendo,378618797,Brooklyn,Cypress Hills,40.67667000000000143700162880122661590576171875,-73.8916100000000000136424205265939235687255859375,Entire home/apt,100,1
Good place in heart of Manhattan/ 6ppl,57782700,Manhattan,Midtown,40.74799999999999755573298898525536060333251953125,-73.98709999999999809006112627685070037841796875,Entire home/apt,194,1
Budget spacious studio near subway and JFK airport,153340219,Brooklyn,East New York,40.674430000000000973159330897033214569091796875,-73.88772000000000161890056915581226348876953125,Entire home/apt,103,1
Manhattan. Cozy studio for 3 people,32908315,Manhattan,Midtown,40.7462799999999987221599440090358257293701171875,-73.98845000000000027284841053187847137451171875,Entire home/apt,151,1
Huge studio in safe Midtown Area central location!,436157703,Manhattan,Hell's Kitchen,40.7605099999999964666130836121737957000732421875,-73.9958299999999979945641825906932353973388671875,Entire home/apt,275,1
2 bedroom unit with free parking in flatbush!!,346575915,Brooklyn,Flatlands,40.62351000000000311729309032671153545379638671875,-73.9389800000000008139977580867707729339599609375,Entire home/apt,148,1
Private 2 bedroom apt. Nolita,9664520,Manhattan,Lower East Side,40.72052519758590705123424413613975048065185546875,-73.9933724107264225722246919758617877960205078125,Entire home/apt,150,1
Entire 1-Bdr Apartment near 45th st/9th ave,435480629,Manhattan,Theater District,40.7550700000000034606273402459919452667236328125,-73.9885000000000019326762412674725055694580078125,Entire home/apt,148,1
Stylish 1BR City Getaway with Modern Touches,24832471,Staten Island,West Brighton,40.6292600000000021509549696929752826690673828125,-74.117379999999997153281583450734615325927734375,Entire home/apt,88,1
Cozy private 1 bedroom apartment.,182602964,Brooklyn,Cypress Hills,40.6828799999999972669684211723506450653076171875,-73.882329999999996061887941323220729827880859375,Entire home/apt,80,1
Duplex Apt. in a Brownstone/Morningside Heights,11369454,Manhattan,Harlem,40.80832000000000192585503100417554378509521484375,-73.95359999999999445208231918513774871826171875,Entire home/apt,260,1
30 min to Times Sq Near JFK LGA Airport UBS Arena,436401569,Queens,Rosedale,40.66257999999999839246811461634933948516845703125,-73.7462799999999987221599440090358257293701171875,Entire home/apt,490,1
Modern 3 bedroom 2 bath Brooklyn find!,438634584,Brooklyn,Crown Heights,40.67374000000000222598828258924186229705810546875,-73.9287900000000064437699620611965656280517578125,Entire home/apt,199,1
Brooklyn- Luxury 3 BR/ 2 Baths;  spacious apt,91122315,Brooklyn,Bedford-Stuyvesant,40.69008000000000180307324626483023166656494140625,-73.935550000000006320988177321851253509521484375,Entire home/apt,244,1
Shoreham Hotel - Petite Touchless Hip Unit,423873487,Manhattan,Midtown,40.76326999999999856072463444434106349945068359375,-73.97557000000000471118255518376827239990234375,Entire home/apt,219,1
Shoreham Hotel - Petite Unit in Midtown Manhattan,423873487,Manhattan,Midtown,40.762259999999997717168298549950122833251953125,-73.9752500000000026147972675971686840057373046875,Entire home/apt,202,1
Shoreham Hotel - Touchless Room near Central Park,423873487,Manhattan,Midtown,40.76313999999999992951416061259806156158447265625,-73.9770299999999991769072948954999446868896484375,Entire home/apt,203,1
Simple 4-Bedroom apartment in Queens,434697141,Queens,Flushing,40.75504000000000104364517028443515300750732421875,-73.80500000000000682121026329696178436279296875,Entire home/apt,241,1
Cozy Private Apartment,407147563,Manhattan,Harlem,40.82677000000000333557181875221431255340576171875,-73.9421899999999965302777127362787723541259765625,Entire home/apt,190,1
Unique venue for events  in the heart of SoHo,269263032,Manhattan,SoHo,40.7274799999999999045030563138425350189208984375,-74.00279000000000451109372079372406005859375,Entire home/apt,2500,1
PERFECT RELAXING LUXURY 3BEDROOM NEAR BEACH,404556757,Brooklyn,Brighton Beach,40.58044000000000295358404400758445262908935546875,-73.9570700000000016416379367001354694366455078125,Entire home/apt,756,1
Studio apartment in Queens. Nearby JFK airport!,409097659,Queens,Jamaica,40.68327000000000026602720026858150959014892578125,-73.765680000000003246896085329353809356689453125,Entire home/apt,89,1
2BR@ Queens! Enjoy with your family/Friends♪,204704622,Queens,Elmhurst,40.73915000000000219415596802718937397003173828125,-73.87569999999999481588019989430904388427734375,Entire home/apt,139,1
Spacious entirely remodeled apartment in Bedstuy!,1362759,Brooklyn,Bedford-Stuyvesant,40.68813000000000101863406598567962646484375,-73.9472300000000046793502406217157840728759765625,Entire home/apt,230,1
Modern 4 BR Brownstone {TOP FLOOR} A Gem on Utica,96891607,Brooklyn,East Flatbush,40.662520000000000663931132294237613677978515625,-73.9326899999999938017936074174940586090087890625,Entire home/apt,346,1
Untitled at 3 Freeman - Sky King (ADA),158969505,Manhattan,Nolita,40.7229999999999989768184605054557323455810546875,-73.9935799999999943565853754989802837371826171875,Entire home/apt,211,1
Entire one bedroom apartment,134768657,Manhattan,Upper East Side,40.77374999999999971578290569595992565155029296875,-73.950829999999996289261616766452789306640625,Entire home/apt,139,1
"Empire State Building, 6 people, comfy",32908315,Manhattan,Midtown,40.74649000000000143018041853792965412139892578125,-73.9885199999999940700945444405078887939453125,Entire home/apt,194,1
Times Square Comfort One-bedroom Apartment,348619646,Manhattan,Midtown,40.74774000000000029331204132176935672760009765625,-73.988640000000003738023224286735057830810546875,Entire home/apt,199,1
"5 people, Bunk bed ,Center of Manhattan",32908315,Manhattan,Midtown,40.74633000000000038198777474462985992431640625,-73.9889399999999994861354934982955455780029296875,Entire home/apt,161,1
COZY STUDIO ON 7TH FLOOR*FOR 4 PEOPLE,32908315,Manhattan,Midtown,40.74602999999999752844814793206751346588134765625,-73.988730000000003883542376570403575897216796875,Entire home/apt,148,1
Huge modern townhouse - 3 BR/ 2 bath APT+ outdoor,410110418,Brooklyn,Bay Ridge,40.634309999999999263309291563928127288818359375,-74.02397999999999456122168339788913726806640625,Entire home/apt,240,1
Spacious Penthouse suite in East Flatbush,90787064,Brooklyn,Flatbush,40.63273000000000223508322960697114467620849609375,-73.9485300000000052023096941411495208740234375,Entire home/apt,375,1
Open Living Area Apartment - 7 mins to JFK Airport,411146302,Queens,Howard Beach,40.66340000000000287627699435688555240631103515625,-73.8541599999999931469574221409857273101806640625,Entire home/apt,79,1
Fully equipped flat close to Times Square,250252296,Manhattan,Midtown,40.74667000000000172121872310526669025421142578125,-73.98899000000000114596332423388957977294921875,Entire home/apt,112,1
Exclusive Flat Studio in the heart of Manhattan,250252296,Manhattan,Midtown,40.74810000000000087538865045644342899322509765625,-73.98890000000000100044417195022106170654296875,Entire home/apt,150,1
Newly Renovated Duplex Apartment,51716739,Brooklyn,Bedford-Stuyvesant,40.69042999999999921101334621198475360870361328125,-73.93680000000000518411980010569095611572265625,Entire home/apt,142,1
4Bedrooms apartment D&G style,566838,Manhattan,Harlem,40.81897430000000071004251367412507534027099609375,-73.940046399999999948704498820006847381591796875,Entire home/apt,500,1
420 Friendly Apartment@Brooklyn Cosmic Garden,96202808,Brooklyn,Crown Heights,40.67636999999999858346200198866426944732666015625,-73.93581000000000358340912498533725738525390625,Entire home/apt,258,1
"Great House for charities events, partie, meeting!",183111215,Queens,Forest Hills,40.73382000000000147110768011771142482757568359375,-73.8486999999999937926986603997647762298583984375,Entire home/apt,999,1
Modern Lower Level Studio+Backyard Oasis,55682735,Queens,St. Albans,40.70349999999999823785401531495153903961181640625,-73.75740999999999303327058441936969757080078125,Entire home/apt,106,1
"Sheepshead Bay Luxury stay in Brooklyn, Ny",409139174,Brooklyn,Sheepshead Bay,40.5854700000000008230927051045000553131103515625,-73.936589999999995370671967975795269012451171875,Entire home/apt,226,1
EVENT SPACE IN SOHO,436960239,Manhattan,SoHo,40.72722999999999871079126023687422275543212890625,-74.0010500000000064346750150434672832489013671875,Entire home/apt,1700,1
Great place to stay in the center/ 6ppl,57782700,Manhattan,Midtown,40.74822999999999950659912428818643093109130859375,-73.9882499999999936335370875895023345947265625,Entire home/apt,190,1
"Big Apple Getaway! Heart of Midtown, Time Square",5615582,Manhattan,Midtown,40.752330000000000609361450187861919403076171875,-73.980009999999992942321114242076873779296875,Entire home/apt,470,1
⭐️⭐️⭐️⭐️ Deluxe Times Square Flat In Prime Area ⭐️⭐️⭐️⭐️,394880853,Manhattan,Murray Hill,40.74540999999999968395059113390743732452392578125,-73.9741999999999961801222525537014007568359375,Entire home/apt,138,1
2 bdrm flat in historic Crown Heights brownstone!,13639385,Brooklyn,Crown Heights,40.67560999999999893361746217124164104461669921875,-73.94119000000000596628524363040924072265625,Entire home/apt,242,1
Cozy and private studio at UES.,343784251,Manhattan,Upper East Side,40.7818029000000024097971618175506591796875,-73.9476236000000000103682396002113819122314453125,Entire home/apt,145,1
Cozy little Suite in Brooklyn,130223713,Brooklyn,East Flatbush,40.638970000000000482032191939651966094970703125,-73.93740999999999985448084771633148193359375,Entire home/apt,188,1
Penthouse Loft Space in Gramercy,20290799,Manhattan,Flatiron District,40.74007999999999896090230322442948818206787109375,-73.9914500000000003865352482534945011138916015625,Entire home/apt,1400,1
An entire Studio with an astonishing view on river,434539417,Manhattan,Harlem,40.8190000000000026147972675971686840057373046875,-73.955770000000001118678483180701732635498046875,Entire home/apt,214,1
C & P Home Away From Home,271638104,Queens,Jamaica,40.68740999999999985448084771633148193359375,-73.7884099999999989449861459434032440185546875,Entire home/apt,65,1
The Chill Spot,263937485,Brooklyn,Prospect Heights,40.67309999999999803321770741604268550872802734375,-73.968559999999996534825186245143413543701171875,Entire home/apt,274,1
💫 Chic & Modern | Minutes From Ewr And Nyc,39553567,Staten Island,Port Richmond,40.62866000000000354930307366885244846343994140625,-74.14578000000000201907823793590068817138671875,Entire home/apt,101,1
"1 Bedroom Apt in Brooklyn, NY",382918364,Brooklyn,Bath Beach,40.60609000000000179397829924710094928741455078125,-74.0057699999999982765075401403009891510009765625,Entire home/apt,85,1
Entire Cozy 2 Bedroom Modern JFK in 7 Mins,141645843,Queens,Jamaica,40.68203700000000111458575702272355556488037109375,-73.7968139999999976907929521985352039337158203125,Entire home/apt,249,1
Spacious Luxury Studio Apartment near WTC w Views!,213630008,Manhattan,Battery Park City,40.71009000000000099817043519578874111175537109375,-74.017640000000000100044417195022106170654296875,Entire home/apt,189,1
Cozy Studio Apartment,186365946,Brooklyn,Midwood,40.6140199999999964575181365944445133209228515625,-73.955770000000001118678483180701732635498046875,Entire home/apt,93,1
Lovely 1 bedroom apartment in Brooklyn,430685664,Brooklyn,Bedford-Stuyvesant,40.687060000000002446540747769176959991455078125,-73.9311699999999945021045277826488018035888671875,Entire home/apt,143,1
Your cozy comfy 2-bedrooms vacation home,434892746,Queens,Jamaica,40.68661999999999778765413793735206127166748046875,-73.7868399999999979854692355729639530181884765625,Entire home/apt,103,1
3 min to ohel. #5 private entrance.,47900722,Queens,Cambria Heights,40.6873599999999981946530169807374477386474609375,-73.736580000000003565219230949878692626953125,Entire home/apt,76,1
"New York Awaits! 2 Great Units, Near Shopping!",5615582,Manhattan,Midtown,40.752510000000000900399754755198955535888671875,-73.979500000000001591615728102624416351318359375,Entire home/apt,939,1
"2 Modern Units, Minutes Away From Madison Square!",5615582,Manhattan,Murray Hill,40.75086999999999903820935287512838840484619140625,-73.980199999999996407495927996933460235595703125,Entire home/apt,939,1
Dinner And A Show! 2 Great Units Walk to Shopping!,5615582,Manhattan,Murray Hill,40.75209000000000258978616329841315746307373046875,-73.978039999999992915036273188889026641845703125,Entire home/apt,939,1
40% OFF Charming & Stylish Oasis + Private Parking,39553567,Staten Island,Port Richmond,40.6300600000000002864908310584723949432373046875,-74.137079999999997426129993982613086700439453125,Entire home/apt,219,1
Hidden Gem! Minutes From New York's Iconic Sites!,5615582,Manhattan,Midtown,40.75234999999999985220711096189916133880615234375,-73.980289999999996553015080280601978302001953125,Entire home/apt,470,1
Cozy 1 bedroom 1.5 bath w/private entrance,19847352,Brooklyn,Crown Heights,40.6640399999999999636202119290828704833984375,-73.931430000000005975380190648138523101806640625,Entire home/apt,92,1
Cozy Apartment,214265552,Bronx,Castle Hill,40.81703999999999865622157813049852848052978515625,-73.8462799999999930378180579282343387603759765625,Entire home/apt,150,1
Spacious 3 Bedroom in Brooklyn-1 King Bed+2 Queens,191735386,Brooklyn,Crown Heights,40.6750899999999973033482092432677745819091796875,-73.914029999999996789483702741563320159912109375,Entire home/apt,181,1
"Spacious, well-located 2-bedroom in Bushwick",21772781,Brooklyn,Bushwick,40.700839999999999463398125953972339630126953125,-73.9152500000000003410605131648480892181396484375,Entire home/apt,200,1
1-bedroom rental unit in Maspeth Queens 2nd floor,424163498,Queens,Maspeth,40.715969999999998663042788393795490264892578125,-73.9123900000000020327206584624946117401123046875,Entire home/apt,122,1
Quiet One Bedroom Family Apartment For 7 People #2,177174475,Manhattan,Midtown,40.7469899999999967121766530908644199371337890625,-73.9869499999999931105776340700685977935791015625,Entire home/apt,145,1
JFK 3 Bedroom Apartment,436541589,Queens,South Ozone Park,40.67381999999999919737092568539083003997802734375,-73.80329000000000405634636990725994110107421875,Entire home/apt,189,1
Lovely 1 bedroom unit in a private house.,46329646,Bronx,Olinville,40.8797100000000028785507311113178730010986328125,-73.8684899999999942110662232153117656707763671875,Entire home/apt,201,1
HUGE ASTORIA TOWNHOUSE 5🛌 Mins to Man🚇 FREEPARKING,42069602,Queens,Long Island City,40.764240000000000918589648790657520294189453125,-73.9347000000000065256244852207601070404052734375,Entire home/apt,302,1
Furnished basement one bedroom apt. with kitchen,289154444,Queens,Rosedale,40.65339999999999776036929688416421413421630859375,-73.74630999999999403371475636959075927734375,Entire home/apt,90,1
"UBS Suites
1 bedroom
Queens Village",436048247,Queens,Cambria Heights,40.7021299999999968122210702858865261077880859375,-73.7293399999999934379957267083227634429931640625,Entire home/apt,199,1
Lovely Lower Level Studio In Brooklyn NYC,436785758,Brooklyn,East New York,40.66635999999999739884515292942523956298828125,-73.887619999999998299244907684624195098876953125,Entire home/apt,116,1
Private! 2-bedrooms unit near JFK & LGA airports.,314049729,Queens,South Ozone Park,40.677920000000000300133251585066318511962890625,-73.8219100000000025829649530351161956787109375,Entire home/apt,122,1
Family modern townhouse 3 BR 2BA private backyard,396940563,Brooklyn,Bay Ridge,40.6358699999999970486896927468478679656982421875,-74.02307999999999310603016056120395660400390625,Entire home/apt,217,1
Family Studio/2 Min to the Empire S. Building #52,177174475,Manhattan,Midtown,40.74795999999999907004166743718087673187255859375,-73.9886099999999942156136967241764068603515625,Entire home/apt,127,1
❤️Rare Hidden Gem 2BR Near LGA/JFK & Attractions❤️,436098811,Queens,Queens Village,40.7080500000000000682121026329696178436279296875,-73.731449999999995270627550780773162841796875,Entire home/apt,125,1
"Top Flight experience 
JFK /LGA/ Casino/mall",144688687,Queens,Springfield Gardens,40.66718999999999795136318425647914409637451171875,-73.7653700000000043246473069302737712860107421875,Entire home/apt,250,1
Duplex Studio Apt w/Gym/Creative Space!,15807180,Manhattan,Upper West Side,40.78462999999999993860910763032734394073486328125,-73.97280000000000654836185276508331298828125,Entire home/apt,125,1
1-bedroom Brooklyn apartment on 2nd floor,174724220,Brooklyn,Gravesend,40.594819999999998572093318216502666473388671875,-73.9902299999999968349584378302097320556640625,Entire home/apt,106,1
Quiet 1 Bedroom Apartment in Sunnyside,718630,Queens,Sunnyside,40.746250000000003410605131648480892181396484375,-73.920109999999993988240021280944347381591796875,Entire home/apt,200,1
Amazing &Artsy PRIME location!Entire unit.,434144340,Brooklyn,Crown Heights,40.67450999999999794454197399318218231201171875,-73.956760000000002719389158301055431365966796875,Entire home/apt,99,1
Lovely 2 Bedroom Unit in Brooklyn-4.4 mi-Barclay,434367440,Brooklyn,Canarsie,40.65491999999999706005837651900947093963623046875,-73.898560000000003356035449542105197906494140625,Entire home/apt,169,1
Family Studio For 5 People Near to Time Square #68,343381111,Manhattan,Midtown,40.7482600000000019235812942497432231903076171875,-73.9868900000000024874680093489587306976318359375,Entire home/apt,126,1
Cozy 1 bedroom lower level apartment,200611691,Queens,Jamaica,40.67862000000000222144080908037722110748291015625,-73.7961800000000067711880546994507312774658203125,Entire home/apt,103,1
"Stylish, Renovated Bushwick Duplex",201813089,Brooklyn,Bushwick,40.7021299999999968122210702858865261077880859375,-73.9208899999999999863575794734060764312744140625,Entire home/apt,250,1
Beautiful 3 bd w/ Patio Modern 7 Min to JFK Queens,141645843,Queens,Jamaica,40.6830599999999975580067257396876811981201171875,-73.797830000000004702087608166038990020751953125,Entire home/apt,499,1
Lovely one bedroom in queens close to L Train,169873853,Queens,Ridgewood,40.70660000000000167119651450775563716888427734375,-73.905450000000001864464138634502887725830078125,Entire home/apt,96,1
Stylish 2 bedroom apartment with parking,407896135,Brooklyn,Gerritsen Beach,40.5899399999999985766407917253673076629638671875,-73.923640000000006011759978719055652618408203125,Entire home/apt,168,1
The Notorious APT,112773863,Brooklyn,Williamsburg,40.7175399999999996225596987642347812652587890625,-73.94252000000000180079950951039791107177734375,Entire home/apt,145,1
Private 2BR Renovated 2021@Queens Max4/Family ok♪,200239515,Queens,Woodside,40.74076000000000163936419994570314884185791015625,-73.8934100000000029240254661999642848968505859375,Entire home/apt,100,1
Home away from home in great neighborhood.,408827396,Brooklyn,Greenpoint,40.733710000000002082742867060005664825439453125,-73.9521299999999968122210702858865261077880859375,Entire home/apt,152,1
✨East Williamsburg Loft✨,108719570,Brooklyn,Williamsburg,40.70891999999999910642145550809800624847412109375,-73.9432000000000044792614062316715717315673828125,Entire home/apt,169,1
"7min to JFK , 15min to LGA,Baisley Pond Park",73510171,Queens,Jamaica,40.67763000000000062073013396002352237701416015625,-73.7827199999999976398612488992512226104736328125,Entire home/apt,93,1
Heart of Midtown One-Bedroom for Family,341752262,Manhattan,Midtown,40.74817999999999784677129355259239673614501953125,-73.9872600000000062436811276711523532867431640625,Entire home/apt,991,1
Hidden Treasure Midtown Duplex Studio,341752262,Manhattan,Midtown,40.7462900000000018962964531965553760528564453125,-73.9868799999999993133315001614391803741455078125,Entire home/apt,996,1
Heart of Midtown Two-Bedroom,341752262,Manhattan,Midtown,40.74813000000000329237082041800022125244140625,-73.9885100000000051068127504549920558929443359375,Entire home/apt,991,1
Spacious and Sun Filled 2-Bedroom in Harlem,4012917,Manhattan,Harlem,40.8036900000000031241143005900084972381591796875,-73.9557999999999964302332955412566661834716796875,Entire home/apt,229,1
Modern Retreat/City Views. Near R.U.M.C,261424448,Staten Island,New Brighton,40.63966400000000334102878696285188198089599609375,-74.0889590000000026748239179141819477081298828125,Entire home/apt,102,1
"Event Space with Yard, Holds up to 80 Guest",2035021,Brooklyn,Crown Heights,40.67323999999999983856469043530523777008056640625,-73.957999999999998408384271897375583648681640625,Entire home/apt,600,1
Centered location Manhattan* 5th floor * 5 people,8309060,Manhattan,Midtown,40.748120000000000118234311230480670928955078125,-73.9871700000000060981619753874838352203369140625,Entire home/apt,213,1
Clinton Hill Sanctuary,14751594,Brooklyn,Clinton Hill,40.684179999999997789927874691784381866455078125,-73.963040000000006557456799782812595367431640625,Entire home/apt,180,1
"Cozy, Spacious and Modern Home! 5 mins from JFK!",26856136,Queens,Springfield Gardens,40.66499999999999914734871708787977695465087890625,-73.7737900000000053069015848450362682342529296875,Entire home/apt,144,1
Modern 2 Bedroom NYC,113854049,Manhattan,East Harlem,40.792090000000001737134880386292934417724609375,-73.9462999999999937017491902224719524383544921875,Entire home/apt,134,1
Heart of Manhattan Midtown!!(Herald Square),382617662,Manhattan,Midtown,40.74624000000000023646862246096134185791015625,-73.98691999999999779902282170951366424560546875,Entire home/apt,206,1
Luxury apartments NY 4 Bedrooms 3 B.,344223705,Bronx,Williamsbridge,40.8852600000000023783286451362073421478271484375,-73.8606999999999942474460112862288951873779296875,Entire home/apt,399,1
Williamsburg’s Gem 98% walk score a real Gem!!!,50377301,Brooklyn,Williamsburg,40.70765000000000100044417195022106170654296875,-73.9498300000000057252691476605832576751708984375,Entire home/apt,156,1
Small apt in cypress Hills Brooklyn.,401032717,Brooklyn,Cypress Hills,40.6813300000000026557245291769504547119140625,-73.883409999999997808117768727242946624755859375,Entire home/apt,120,1
Production event space,181108039,Brooklyn,Crown Heights,40.67081999999999908368408796377480030059814453125,-73.917540000000002464730641804635524749755859375,Entire home/apt,650,1
Luxury Apartment 2 Bedroom 1 B Private entrance.,344223705,Bronx,Williamsbridge,40.8840799999999973124431562609970569610595703125,-73.8602699999999998681232682429254055023193359375,Entire home/apt,228,1
Free Parking Mott Haven Best Location Best House,87629139,Bronx,Mott Haven,40.8087000000000017507773009128868579864501953125,-73.9190899999999970759745338000357151031494140625,Entire home/apt,265,1
Gorgeous 80's vibe loft with a modern touch,388868701,Brooklyn,Canarsie,40.6395600000000030149749363772571086883544921875,-73.8829099999999954206941765733063220977783203125,Entire home/apt,159,1
"Williamsburg-prime location.1 bed, 3 min to Manhat",305092694,Brooklyn,Williamsburg,40.71679000000000314685166813433170318603515625,-73.95674999999999954525264911353588104248046875,Entire home/apt,200,1
Underground Garden in Springfield Gardens Near JFK,396548417,Queens,Jamaica,40.6691000000000002501110429875552654266357421875,-73.7717099999999987858245731331408023834228515625,Entire home/apt,191,1
Queens Blvd Cute & Comfy,68077644,Queens,Briarwood,40.715519999999997935447026975452899932861328125,-73.82423000000000001818989403545856475830078125,Entire home/apt,329,1
Cozy & Charming Artsy Studio with private entrance,53766519,Staten Island,Arden Heights,40.5643400000000013960743672214448451995849609375,-74.183729999999997062332113273441791534423828125,Entire home/apt,83,1
Magnificent & Bright Apartment in Brooklyn,103841276,Brooklyn,Williamsburg,40.70116999999999762849256512708961963653564453125,-73.9448399999999992360244505107402801513671875,Entire home/apt,648,1
TheEdgeHouse.QUEENS.NY.3BR.FAMILY.FUN.JFK9m.,145412589,Queens,Jamaica,40.691789999999997462509782053530216217041015625,-73.7919200000000046202330850064754486083984375,Entire home/apt,314,1
"Furnished Studio in heart of FiDi
 (Wall Street)",363672432,Manhattan,Financial District,40.70687000000000210775397135876119136810302734375,-74.008859999999998535713530145585536956787109375,Entire home/apt,150,1
Luxury Oasis☆30min to ✈ ✪3br w/AC+Kitchen+ Parking,333057838,Brooklyn,Flatlands,40.63242699999999985038812155835330486297607421875,-73.9228289999999930159901850856840610504150390625,Entire home/apt,331,1
MUDDNETT Evsp. 🌟🌟🌟🌟🌟,388190137,Brooklyn,Bushwick,40.69803999999999888359525357373058795928955078125,-73.9314499999999981127984938211739063262939453125,Entire home/apt,314,1
"Cozy SoHo Duplex 2br/2ba, Sleeps 8, Best Area!",405865572,Manhattan,East Village,40.72317000000000319914761348627507686614990234375,-73.9891499999999950887286104261875152587890625,Entire home/apt,221,1
S+ Location Midtown Studio Apt,341752262,Manhattan,Midtown,40.74640000000000128466126625426113605499267578125,-73.98700999999999794454197399318218231201171875,Entire home/apt,996,1
Superb Location Midtown Sutudio,341752262,Manhattan,Midtown,40.74645000000000294448909698985517024993896484375,-73.9886999999999943611328490078449249267578125,Entire home/apt,991,1
Private Rooftop Family Studio w/ Amazing CityView,341752262,Manhattan,Midtown,40.74652999999999991587174008600413799285888671875,-73.988619999999997389750205911695957183837890625,Entire home/apt,991,1
Shoreham Hotel - Comfortable Unit in Manhattan,423873487,Manhattan,Midtown,40.76229000000000013415046851150691509246826171875,-73.9775499999999937017491902224719524383544921875,Entire home/apt,195,1
Cozy and Clean Suite Near JFK and UBS Arena.,401614822,Queens,St. Albans,40.6932800000000014506440493278205394744873046875,-73.7525600000000025602275854907929897308349609375,Entire home/apt,85,1
One Bedroom 2 Queen room at Brooklyn,399379000,Brooklyn,Downtown Brooklyn,40.69021000000000043428372009657323360443115234375,-73.9889399999999994861354934982955455780029296875,Entire home/apt,340,1
"Carlie’s Corner
Event space",400792052,Brooklyn,Flatlands,40.632779999999996789483702741563320159912109375,-73.9196400000000011232259566895663738250732421875,Entire home/apt,1100,1
One Bedroom Studio Near Long Island City,401245166,Queens,Maspeth,40.73069000000000272621036856435239315032958984375,-73.919939999999996871338225901126861572265625,Entire home/apt,90,1
MASSIVE 3 bed/2 bath Harlem Gem,3251620,Manhattan,Harlem,40.81013999999999697365637985058128833770751953125,-73.954689999999999372448655776679515838623046875,Entire home/apt,616,1
SOHO FAMILY TOWNHOUSE,43599290,Manhattan,SoHo,40.72272000000000247155185206793248653411865234375,-74.0040800000000018599166651256382465362548828125,Entire home/apt,863,1
Large 2 BR in Bushwick Home with Free Parking,13303603,Brooklyn,Bushwick,40.69398000000000337195160682313144207000732421875,-73.919839999999993551682564429938793182373046875,Entire home/apt,191,1
One-of-a-kind Historic Carriage House w/ Rooftop,4989542,Manhattan,Lower East Side,40.7209500000000019781509763561189174652099609375,-73.9904700000000019599610823206603527069091796875,Entire home/apt,2899,1
Near Hell’s Kitchen Luxury Apartment,398849838,Manhattan,Hell's Kitchen,40.7578800000000001091393642127513885498046875,-73.99542999999999892679625190794467926025390625,Entire home/apt,106,1
Gated Home W/ King Bed & On-site Parking,176710208,Brooklyn,Flatlands,40.62957999999999714191289967857301235198974609375,-73.9299299999999988131094141863286495208740234375,Entire home/apt,225,1
Cozy Bergen,387699039,Brooklyn,Crown Heights,40.67504000000000274894773610867559909820556640625,-73.915040000000004738467396236956119537353515625,Entire home/apt,200,1
"Spacious 2 Bedroom Home in Brooklyn, NY",398408597,Brooklyn,East New York,40.6672200000000003683453542180359363555908203125,-73.87400999999999839928932487964630126953125,Entire home/apt,190,1
30th floor entire apartment Midtown West,39922917,Manhattan,Hell's Kitchen,40.75997000000000269892552751116454601287841796875,-73.9987200000000058253135648556053638458251953125,Entire home/apt,110,1
European enormous 2 bedroom with garden oasis,99547346,Manhattan,Washington Heights,40.8356899999999995998223312199115753173828125,-73.9429300000000040427039493806660175323486328125,Entire home/apt,212,1
Prestige Location Brick Wall Two-bedroom,341752262,Manhattan,Midtown,40.74698000000000064346750150434672832489013671875,-73.9888499999999993406163412146270275115966796875,Entire home/apt,991,1
Momma Roses' Garden Stay,415732126,Brooklyn,Fort Greene,40.69035999999999830833985470235347747802734375,-73.9734600000000028785507311113178730010986328125,Entire home/apt,178,1
A 2 bedroom rental with a kitchen and backyard,405671301,Bronx,Eastchester,40.88752000000000208501660381443798542022705078125,-73.81806000000000267391442321240901947021484375,Entire home/apt,102,1
Spacious Basement Studio,149139706,Brooklyn,East Flatbush,40.6343200000000024374458007514476776123046875,-73.92297999999999547071638517081737518310546875,Entire home/apt,98,1
1st FL w/backyard in 2-fam House Fresh Meadows,45192944,Queens,Flushing,40.72360199934791324949401314370334148406982421875,-73.798541637867316467236378230154514312744140625,Entire home/apt,167,1
HEART OF ASTORIA! Cozy 2 queen bed 1 bath apt,415121156,Queens,Astoria,40.7661599999999992860466591082513332366943359375,-73.9087099999999992405719240196049213409423828125,Entire home/apt,213,1
Bright Cozy East Williamsburg 2 Bedroom Fast Wi-Fi,414139170,Brooklyn,Williamsburg,40.71204999999999785131876706145703792572021484375,-73.939899999999994406607584096491336822509765625,Entire home/apt,215,1
studio with patio in the heart of Harlem,165193108,Manhattan,Harlem,40.80205000000000126192389870993793010711669921875,-73.9458000000000055251803132705390453338623046875,Entire home/apt,184,1
1 bedroom with personal kitchen and bathroom,276704855,Brooklyn,Williamsburg,40.7179000000000002046363078989088535308837890625,-73.9493499999999954752638586796820163726806640625,Entire home/apt,225,1
Cozy apt office/art studio in East Williamsburg.,401278500,Brooklyn,Williamsburg,40.70533999999999963392838253639638423919677734375,-73.9424599999999969668351695872843265533447265625,Entire home/apt,180,1
"Airbnb By Keisha- Private Studio in Queens, NY",412138034,Queens,Jamaica,40.68569000000000102090780274011194705963134765625,-73.79397000000000161890056915581226348876953125,Entire home/apt,60,1
1 Block from the Bedford Ave L!,407661651,Brooklyn,Williamsburg,40.71878000000000241698216996155679225921630859375,-73.959599999999994679455994628369808197021484375,Entire home/apt,161,1
Peaceful Living,132536008,Queens,Springfield Gardens,40.660719999999997753548086620867252349853515625,-73.756159999999994170138961635529994964599609375,Entire home/apt,160,1
🏆❤️🦜Unique Elegant Comfort 3BR6GUESTS JFK7LGA15mins,227872371,Queens,Springfield Gardens,40.6623418436893189209513366222381591796875,-73.7710477193076741286859032697975635528564453125,Entire home/apt,245,1
Entire 3Bed Room Apt. 1st Floor in East Elmhurst,295247374,Queens,East Elmhurst,40.76118000000000307636582874692976474761962890625,-73.8688800000000043155523599125444889068603515625,Entire home/apt,126,1
"2 bedroom apartment, upper west side",267112113,Manhattan,Upper West Side,40.80033999999999849706000532023608684539794921875,-73.96980999999999539795680902898311614990234375,Entire home/apt,121,1
"Central, clean & cozy private 1-bedroom apartment",25233305,Queens,Laurelton,40.67625000000000312638803734444081783294677734375,-73.7387800000000055433702073059976100921630859375,Entire home/apt,82,1
Brooklyn home away from home - One Bedroom Rental,27895636,Brooklyn,Brownsville,40.66751000000000004774847184307873249053955078125,-73.922920000000004847606760449707508087158203125,Entire home/apt,156,1
The Bronx Secret !,407386185,Bronx,Throgs Neck,40.82775000000000176214598468504846096038818359375,-73.823790000000002464730641804635524749755859375,Entire home/apt,98,1
Modern 1-Bedroom Apartment in Beautiful Bed-Stuy!,44811074,Brooklyn,Bedford-Stuyvesant,40.68632000000000203954186872579157352447509765625,-73.921009999999995443431544117629528045654296875,Entire home/apt,165,1
Lovely 1 Bedrom apartment Close to M station and L,169873853,Queens,Ridgewood,40.7082300000000003592504072003066539764404296875,-73.905249999999995225152815692126750946044921875,Entire home/apt,87,1
Brownstone-Morningside Heights-Harlem,11369454,Manhattan,Harlem,40.8085200000000014597389963455498218536376953125,-73.954880000000002837623469531536102294921875,Entire home/apt,170,1
"The Palm, A Two-Bedroom Artist’s Loft",2955215,Brooklyn,Bedford-Stuyvesant,40.6944500000000033423930290155112743377685546875,-73.9611400000000003274180926382541656494140625,Entire home/apt,370,1
Untitled at 3 Freeman - Sky King,158969505,Manhattan,Lower East Side,40.722700000000003228706191293895244598388671875,-73.9930499999999966576069709844887256622314453125,Entire home/apt,211,1
Renovated studio near Columbia University,137842078,Manhattan,Harlem,40.8213099999999968758856994099915027618408203125,-73.9572699999999940700945444405078887939453125,Entire home/apt,180,1
Family inn,274118210,Bronx,Williamsbridge,40.87749000000000165755409398116171360015869140625,-73.864000000000004320099833421409130096435546875,Entire home/apt,150,1
Amazing apartment with gorgeous views,19015886,Brooklyn,Greenpoint,40.72982999999999975671016727574169635772705078125,-73.9606299999999947658579912967979907989501953125,Entire home/apt,316,1
Absolutely Stunning Williamsburg Penthouse,173307,Brooklyn,Williamsburg,40.70893000000000228055796469561755657196044921875,-73.9498999999999995225152815692126750946044921875,Entire home/apt,199,1
Stunning Modern Apartment in New York,228146367,Brooklyn,Borough Park,40.6182000000000016370904631912708282470703125,-73.9855199999999939564077067188918590545654296875,Entire home/apt,128,1
Large East Village Comfort Sanctuary In The City,1533191,Manhattan,East Village,40.7224599999999981037035468034446239471435546875,-73.979029999999994515746948309242725372314453125,Entire home/apt,400,1
"1 Bedroom, 1 Futon Loft In Queens",68740200,Queens,Ditmars Steinway,40.77349000000000245336195803247392177581787109375,-73.9029100000000056525095715187489986419677734375,Entire home/apt,142,1
The Gem: Studio Apartment in Park Slope,96166120,Brooklyn,South Slope,40.66613000000000255340637522749602794647216796875,-73.980559999999996989572537131607532501220703125,Entire home/apt,150,1
Chic upper west-side apartment by central park,97179902,Manhattan,Upper West Side,40.78676999999999708279574406333267688751220703125,-73.9750099999999974897946231067180633544921875,Entire home/apt,224,1
Untitled at 3 Freeman - Sky Queen,158969505,Manhattan,Nolita,40.72250999999999976353137753903865814208984375,-73.9935799999999943565853754989802837371826171875,Entire home/apt,200,1
Modern 1 BR APT w/ Balcony & Self Check-in,369416627,Brooklyn,East Flatbush,40.63483999999999696228769607841968536376953125,-73.9437300000000021782398107461631298065185546875,Entire home/apt,111,1
"Location, Space, & Entertainment steps away!",10712727,Manhattan,Harlem,40.80855999999999994543031789362430572509765625,-73.9519499999999965211827657185494899749755859375,Entire home/apt,90,1
The best place for your party,183111215,Queens,Forest Hills,40.7342799999999982674125931225717067718505859375,-73.8469300000000004047251422889530658721923828125,Entire home/apt,999,1
Cozy 1 Bedroom Flat (First Floor Unit),46710719,Bronx,Parkchester,40.8354148173464892579431761987507343292236328125,-73.86914678547918811091221868991851806640625,Entire home/apt,99,1
Artist’s Studio in Gramercy Park,90633806,Manhattan,Gramercy,40.7367100000000021964297047816216945648193359375,-73.987390000000004874891601502895355224609375,Entire home/apt,350,1
Picturesque Duplex Home in The Bronx - near subway,59795431,Bronx,Williamsbridge,40.8820400000000034879121812991797924041748046875,-73.86317999999999983629095368087291717529296875,Entire home/apt,250,1
Entire 1 Bedroom Apt. | Williamsburg | Furnished,4030621,Brooklyn,Williamsburg,40.70759000000000327190718962810933589935302734375,-73.9423799999999999954525264911353588104248046875,Entire home/apt,122,1
Cozy space in the heart of Brooklyn,413772712,Brooklyn,Crown Heights,40.67027999999999821056917426176369190216064453125,-73.9573400000000020781953935511410236358642578125,Entire home/apt,153,1
Modern Studio Apartment,119936528,Brooklyn,Bedford-Stuyvesant,40.688029999999997698978404514491558074951171875,-73.92820000000000391082721762359142303466796875,Entire home/apt,109,1
Beautiful 2br in Brooklyn w/ Scenic Balcony,362851420,Brooklyn,Bedford-Stuyvesant,40.6918399999999991223376127891242504119873046875,-73.93882999999999583451426587998867034912109375,Entire home/apt,131,1
NYC Style Family Studio Close To Time Square # 50,345231956,Manhattan,Midtown,40.74678999999999717829268774949014186859130859375,-73.9866999999999990222931955941021442413330078125,Entire home/apt,107,1
⭐️Cozy Stylish 2 Bedroom Apt near Bay Plaza Mall⭐️,70541327,Bronx,Baychester,40.8701099999999968304109643213450908660888671875,-73.835139999999995552570908330380916595458984375,Entire home/apt,133,1
Cozy 1 bedroom apt in prime location,55191496,Queens,Elmhurst,40.73958999999999974761522025801241397857666015625,-73.870080000000001518856151960790157318115234375,Entire home/apt,212,1
420 Cozy One Bedroom Bedstuy Bklyn,13954781,Brooklyn,Bedford-Stuyvesant,40.685259999999999536157702095806598663330078125,-73.9493499999999954752638586796820163726806640625,Entire home/apt,165,1
Near Times Square1,412378045,Manhattan,Financial District,40.70862000000000335830918629653751850128173828125,-74.0079300000000017689671949483454227447509765625,Entire home/apt,1011,1
"4 people, center of the city",8309060,Manhattan,Midtown,40.74781999999999726469468441791832447052001953125,-73.9869800000000026329871616326272487640380859375,Entire home/apt,139,1
Perfect Lovely Studio With Private Bath / WiFi #82,343381111,Manhattan,Midtown,40.74595000000000055706550483591854572296142578125,-73.9866999999999990222931955941021442413330078125,Entire home/apt,108,1
💥Enjoy a backyard party with your friends!🎉🎉,302951011,Manhattan,Hell's Kitchen,40.769599999999996953192749060690402984619140625,-73.99070000000000391082721762359142303466796875,Entire home/apt,750,1
Beautiful Penthouse Suite with skyline views!,435341575,Brooklyn,Vinegar Hill,40.70199000000000211230144486762583255767822265625,-73.9836600000000004229150363244116306304931640625,Entire home/apt,414,1
100 Years Old  New York Traditional Townhouse,425647682,Queens,Woodhaven,40.69480999999999681904228054918348789215087890625,-73.85538999999999987267074175179004669189453125,Entire home/apt,363,1
"A 2bedroom apartment 
in East New York Brooklyn",381319750,Brooklyn,Brownsville,40.67356000000000193494997802190482616424560546875,-73.9059299999999979036147124134004116058349609375,Entire home/apt,170,1
Lovely 2 Bedroom Apartment with Buses,334611519,Queens,Flushing,40.75659999999999882902557146735489368438720703125,-73.804900000000003501554601825773715972900390625,Entire home/apt,111,1
New 2bedrm  Mins from Manhattan,216984109,Bronx,Port Morris,40.80664999999999764668245916254818439483642578125,-73.9244499999999931105776340700685977935791015625,Entire home/apt,185,1
Great location across to astoria park,356380817,Queens,Ditmars Steinway,40.77993000000000023419488570652902126312255859375,-73.9174600000000054933479987084865570068359375,Entire home/apt,199,1
Imperial Midtown Studios 829,433145666,Manhattan,Midtown,40.7480199999999967985786497592926025390625,-73.9867899999999991678123478777706623077392578125,Entire home/apt,142,1
Lovely one bedroom apt near Times Square,72715655,Manhattan,Hell's Kitchen,40.7624641999999965946699376218020915985107421875,-73.9893617999999975154423736967146396636962890625,Entire home/apt,272,1
Shoreham Hotel - Bright Unit in Midtown Manhattan,423873487,Manhattan,Midtown,40.76174999999999926103555480949580669403076171875,-73.9775700000000000500222085975110530853271484375,Entire home/apt,201,1
Shoreham Hotel - Chic Unit in the heart of NYC!,423873487,Manhattan,Midtown,40.76344000000000278305378742516040802001953125,-73.9752399999999994406607584096491336822509765625,Entire home/apt,198,1
Shoreham Hotel - Dainty Unit in Midtown Manhattan!,423873487,Manhattan,Midtown,40.76281000000000176441972143948078155517578125,-73.9754099999999965575625537894666194915771484375,Entire home/apt,219,1
Shoreham Hotel - Cozy Unit in the heart of NYC,423873487,Manhattan,Midtown,40.76359000000000065710992203094065189361572265625,-73.977339999999998099156073294579982757568359375,Entire home/apt,213,1
Shoreham Hotel - Charming Unit in NYC!,423873487,Manhattan,Midtown,40.7620500000000021145751816220581531524658203125,-73.97530000000000427462509833276271820068359375,Entire home/apt,202,1
Homey 3-bedroom unit with Movie Theater Livingroom,102015407,Queens,Springfield Gardens,40.66790999999999911551640252582728862762451171875,-73.763319999999993115125107578933238983154296875,Entire home/apt,90,1
Luxury Studio in forest hills 5min LGA 12 min JFK,55465174,Queens,Forest Hills,40.73499000000000336285665980540215969085693359375,-73.8498100000000050613380153663456439971923828125,Entire home/apt,158,1
"Lovely one bedroom in midtown, Manhattan",425854650,Manhattan,Hell's Kitchen,40.76149000000000199861460714600980281829833984375,-73.9937000000000040245140553452074527740478515625,Entire home/apt,220,1
Cozy basement,269909179,Queens,Woodside,40.7519300000000015415935195051133632659912109375,-73.9004900000000048976289690472185611724853515625,Entire home/apt,99,1
4 Bedroom Premium Gourmet | Placemakr Wall Street,420415528,Manhattan,Financial District,40.70490300000000161162461154162883758544921875,-74.00641600000000153158907778561115264892578125,Entire home/apt,937,1
"At the water edge, 2 bedroom, 1 bathroom apartment",86233928,Brooklyn,Sheepshead Bay,40.5860899999999986675902619026601314544677734375,-73.9338599999999956935425871051847934722900390625,Entire home/apt,131,1
1 Bedroom Premium Gourmet |  Placemakr Wall Street,420415528,Manhattan,Financial District,40.70490300000000161162461154162883758544921875,-74.00641600000000153158907778561115264892578125,Entire home/apt,364,1
Cheerful one bedroom apartment close to Manhattan.,133620428,Queens,Maspeth,40.72082999999999941564965411089360713958740234375,-73.89280999999999721694621257483959197998046875,Entire home/apt,96,1
Modern Queen Suite | close to NYC | Parking | Gym,30283594,Bronx,Mott Haven,40.81184799999999768260749988257884979248046875,-73.9296649999999999636202119290828704833984375,Entire home/apt,140,1
"Sunny Junior One Bedroom in Hell’s Kitchen, NYC",51664729,Manhattan,Hell's Kitchen,40.7599799999999987676346790976822376251220703125,-73.992040000000002919477992691099643707275390625,Entire home/apt,250,1
Lovely apartment in the upper Manhattan,58687873,Manhattan,Inwood,40.8671700000000015506884665228426456451416015625,-73.9214300000000008594724931754171848297119140625,Entire home/apt,900,1
"Create
Converge
Connect",375344103,Manhattan,West Village,40.74043999999999954297891235910356044769287109375,-74.005439999999993005985743366181850433349609375,Entire home/apt,3900,1
Private Queen Suite | Kitchenette | Gym | near NYC,30283594,Bronx,Mott Haven,40.81184799999999768260749988257884979248046875,-73.9296649999999999636202119290828704833984375,Entire home/apt,122,1
Dreamy & Unique Prospect Park 1-BR Apt Near Trains,78801372,Brooklyn,Prospect-Lefferts Gardens,40.65829000000000092995833256281912326812744140625,-73.961399999999997589839040301740169525146484375,Entire home/apt,154,1
Luxury Multimedia Creative Townhouse,301831302,Manhattan,Washington Heights,40.83160000000000167119651450775563716888427734375,-73.940910000000002355591277591884136199951171875,Entire home/apt,618,1
70s designer studio in the East Village,428426634,Manhattan,Lower East Side,40.72082999999999941564965411089360713958740234375,-73.982810000000000627551344223320484161376953125,Entire home/apt,286,1
Beautiful one bedroom Loft in Williamsburg BK,1400194,Brooklyn,Williamsburg,40.7192500000000023874235921539366245269775390625,-73.958830000000006066329660825431346893310546875,Entire home/apt,290,1
Air Train/Free Parking/ JFK/ LGA/UBS/Citi Field/EV,162927656,Queens,Jamaica,40.6928300000000007230482879094779491424560546875,-73.805080000000003792592906393110752105712890625,Entire home/apt,185,1
Charming 1b/studio in primary east village,66120210,Manhattan,East Village,40.7243799999999964711605571210384368896484375,-73.99070000000000391082721762359142303466796875,Entire home/apt,220,1
Spacious Apartment next to Central Park.,47023469,Manhattan,East Harlem,40.78757999999999839246811461634933948516845703125,-73.9525699999999943656803225167095661163330078125,Entire home/apt,293,1
"Beautiful  Appt, Soho/Nolita Book Now!",427251657,Manhattan,Nolita,40.72171999999999769670466776005923748016357421875,-73.9950500000000062073013396002352237701416015625,Entire home/apt,179,1
Spacious Brooklyn Studio,8661571,Brooklyn,Bedford-Stuyvesant,40.68182999999999793772076372988522052764892578125,-73.92113000000000511136022396385669708251953125,Entire home/apt,106,1
Artful 3-Bedroom Townhouse in Williamsburg,427916211,Brooklyn,Williamsburg,40.70770999999999872898115427233278751373291015625,-73.950829999999996289261616766452789306640625,Entire home/apt,392,1
Between between 56 and 57 st on 2nd ave,168532479,Manhattan,Midtown,40.75989027651906582150331814773380756378173828125,-73.9649861694073962326001492328941822052001953125,Entire home/apt,180,1
Wonderful  Family Friendly Home Near  Broadway #87,343623135,Manhattan,Midtown,40.7481599999999986039256327785551548004150390625,-73.988740000000007057678885757923126220703125,Entire home/apt,102,1
Huge 1200 sq ft 1 bedroom in NoMad. Very spacious!,18261318,Manhattan,Midtown,40.744720000000000936779542826116085052490234375,-73.9903199999999969804775901138782501220703125,Entire home/apt,400,1
NYC Boho Chic 3BR Gameroom/Parking 25m to Penn Stn,379993600,Queens,Bayside,40.76778999999999797410055180080235004425048828125,-73.7703800000000029513103072531521320343017578125,Entire home/apt,229,1
Lovely NYC apt With Free Garage Parking,382100439,Queens,Jamaica,40.7060699999999968667907523922622203826904296875,-73.803210000000007084963726811110973358154296875,Entire home/apt,150,1
"Lovely 2 bedrooms, 3 beds. Basement apt. Location",398867059,Queens,Ditmars Steinway,40.77031000000000204863681574352085590362548828125,-73.8971599999999995134203345514833927154541015625,Entire home/apt,135,1
Entire Apartment w/free parking by Airport (LGA),396969684,Queens,East Elmhurst,40.76668000000000091631591203622519969940185546875,-73.8658300000000025420376914553344249725341796875,Entire home/apt,179,1
Serenity Park Slope -  Entire Brownstone apt.,303867618,Brooklyn,Park Slope,40.67017700000000246518538915552198886871337890625,-73.977271999999999252395355142652988433837890625,Entire home/apt,168,1
Shoreham Hotel - Chic Room in Midtown Manhattan,423873487,Manhattan,Midtown,40.7636600000000015597834135405719280242919921875,-73.9755499999999983629095368087291717529296875,Entire home/apt,194,1
Studio Plus Apartment |  Placemakr Wall Street NYC,420415528,Manhattan,Financial District,40.70490300000000161162461154162883758544921875,-74.00641600000000153158907778561115264892578125,Entire home/apt,238,1
Plush Pink Two Bedroom in the Heart of Hip NYC,75737941,Manhattan,East Village,40.72802999999999684632712160237133502960205078125,-73.98547999999999547071638517081737518310546875,Entire home/apt,232,1
Lovely 1-bedroom rental unit in Manhattan,229950463,Manhattan,Hell's Kitchen,40.7544299999999992678567650727927684783935546875,-73.996139999999996916812960989773273468017578125,Entire home/apt,200,1
"Cozy Studio room with
private bathroom",299097519,Queens,Astoria,40.757959999999997080522007308900356292724609375,-73.9162900000000036015990190207958221435546875,Entire home/apt,97,1
"FAMILY FRIENDLY RETREAT ,IMMACULATELY CLEAN",240706448,Queens,St. Albans,40.69277000000000299451130558736622333526611328125,-73.762879999999995561665855348110198974609375,Entire home/apt,264,1
Lovely entire 1bdApt-3 min from LGAAirport+Parking,93231383,Queens,East Elmhurst,40.7691099999999977399056660942733287811279296875,-73.870530000000002246451913379132747650146484375,Entire home/apt,179,1
Look No Further! Near Metropolitan Museum of Art!,5615582,Manhattan,Upper West Side,40.780000000000001136868377216160297393798828125,-73.9818499999999943383954814635217189788818359375,Entire home/apt,304,1
Just What You Were Looking For! Near Hudson River,5615582,Manhattan,Upper West Side,40.7816600000000022419044398702681064605712890625,-73.981979999999992969605955295264720916748046875,Entire home/apt,304,1
"Rare Gem! Full Kitchen, Near Museum of Modern Art",5615582,Manhattan,Upper West Side,40.78000999999999720557752880267798900604248046875,-73.9816200000000065983840613625943660736083984375,Entire home/apt,304,1
Lovely 1-Bedroom unit in the Bronx.,397595133,Bronx,Concourse,40.8304600000000021964297047816216945648193359375,-73.92351999999999634383129887282848358154296875,Entire home/apt,112,1
NICE 1 BEDROOM WITH BACKYARD,413485013,Queens,Forest Hills,40.73207000000000022055246517993509769439697265625,-73.847340000000002646629582159221172332763671875,Entire home/apt,188,1
★ Perfect For Family/Friends Trip or Sleepovers ★,374576747,Bronx,Parkchester,40.83756000000000341287886840291321277618408203125,-73.8690399999999982583176461048424243927001953125,Entire home/apt,278,1
★ Luxurious 1BR Oasis w/ Contemporary Kitchen ★,374576747,Bronx,Parkchester,40.837749999999999772626324556767940521240234375,-73.8685600000000022191670723259449005126953125,Entire home/apt,202,1
Bright Loft Deluxe  With 3 Beds & Broadway View #4,177174475,Manhattan,Midtown,40.746139999999996916812960989773273468017578125,-73.9890599999999949432094581425189971923828125,Entire home/apt,139,1
BROOKLYN DREAM ART STUDIO,417740213,Brooklyn,Bedford-Stuyvesant,40.68334999999999723740984336473047733306884765625,-73.9431900000000013051248970441520214080810546875,Entire home/apt,77,1
Romantic spacious restored 1920s artist's home,23678781,Brooklyn,Bushwick,40.6950599999999980127540766261518001556396484375,-73.9149900000000030786395655013620853424072265625,Entire home/apt,146,1
"Cozy, convenient Manhattan Studio",23018972,Manhattan,Washington Heights,40.84924000000000177124093170277774333953857421875,-73.94162000000000034560798667371273040771484375,Entire home/apt,107,1
A lovely studio in the Morris park,58687873,Bronx,Van Nest,40.8472900000000009868017514236271381378173828125,-73.861729999999994333848007954657077789306640625,Entire home/apt,500,1
Cute place in heart of Manhattan/ 3ppl,57782700,Manhattan,Midtown,40.74651999999999674173523089848458766937255859375,-73.9884899999999987585397320799529552459716796875,Entire home/apt,151,1
BEAUTIFUL NEW 3 BEDROOMS NEXT TO ALL,413485013,Queens,Forest Hills,40.733074188232421875,-73.84833526611328125,Entire home/apt,388,1
Lavish NYC Apt★LaGuardia ✈️ 10 min |♛King Bed,421638103,Manhattan,East Harlem,40.80002999999999957481122692115604877471923828125,-73.9368199999999973215381032787263393402099609375,Entire home/apt,215,1
Cozy 1BDRM APT in the heart of Astoria (QN sz bed),73450674,Queens,Ditmars Steinway,40.7784400000000033514879760332405567169189453125,-73.9108899999999948704498820006847381591796875,Entire home/apt,115,1
Unique Sunny & Local Art Gallery | Fits 75+ Guests,41931898,Brooklyn,Sunset Park,40.6634600000000006048139766789972782135009765625,-73.992019999999996571204974316060543060302734375,Entire home/apt,1147,1
"Lovely 1-bedroom | Manhattan, Times Square",87215632,Manhattan,Hell's Kitchen,40.76829000000000036152414395473897457122802734375,-73.9927699999999930469130049459636211395263671875,Entire home/apt,340,1
An artist and creatives retreat,228017415,Brooklyn,Bushwick,40.7053700000000020509105524979531764984130859375,-73.9227499999999935198502498678863048553466796875,Entire home/apt,299,1
Stylish Manhattan studio apt on 1st floor,264984346,Manhattan,Harlem,40.81036999999999892452251515351235866546630859375,-73.94459000000000514774001203477382659912109375,Entire home/apt,138,1
Enjoy The Big Apple And Its Wonderful Sites!,5615582,Manhattan,Murray Hill,40.75095999999999918372850515879690647125244140625,-73.97849999999999681676854379475116729736328125,Entire home/apt,470,1
Entire romantic house,427705801,Manhattan,Harlem,40.81454000000000092995833256281912326812744140625,-73.9424900000000064892446971498429775238037109375,Entire home/apt,412,1
Full Bed at the Crossroads of the World,431986439,Manhattan,Theater District,40.7564899999999994406607584096491336822509765625,-73.9885199999999940700945444405078887939453125,Entire home/apt,195,1
"ROYALTY HOST LLC Beautiful, Spacious 3-bedroom apt",432388965,Brooklyn,Prospect-Lefferts Gardens,40.65711999999999903820935287512838840484619140625,-73.9472200000000015052137314341962337493896484375,Entire home/apt,350,1
Lovely 1-bedroom unit !,432058192,Bronx,Wakefield,40.90167999999999892679625190794467926025390625,-73.8504199999999997316990629769861698150634765625,Entire home/apt,137,1
Bushwick-Ridgewood  Indush Loft (events only),48112774,Queens,Ridgewood,40.6944500000000033423930290155112743377685546875,-73.9030499999999932470018393360078334808349609375,Entire home/apt,750,1
Stylish & Cozy | In the ♥ of Flushing | ♛ King Bed,212164658,Queens,Flushing,40.75771999999999906094672041945159435272216796875,-73.8259800000000012687451089732348918914794921875,Entire home/apt,156,1
Spacious 1 BR Near Time Square & Central Park,110184707,Manhattan,Hell's Kitchen,40.75977999999999923375071375630795955657958984375,-73.9932900000000017826096154749393463134765625,Entire home/apt,400,1
"Huge, Bright Brooklyn Loft with Outdoor Space",319077,Brooklyn,Red Hook,40.6814600000000012869350030086934566497802734375,-74.0058599999999984220266924239695072174072265625,Entire home/apt,3000,1
Beautiful King Suite+Balcony | Kitchenette+Desk,30283594,Bronx,Port Morris,40.81056000000000238969732890836894512176513671875,-73.931340000000005829861038364470005035400390625,Entire home/apt,174,1
"Spacious Suite,2 King Beds+ Kitchenette | near NYC",30283594,Bronx,Mott Haven,40.81184799999999768260749988257884979248046875,-73.9296649999999999636202119290828704833984375,Entire home/apt,204,1
Luxury Double King Studio | Mott Haven Manhattan,30283594,Bronx,Mott Haven,40.812150000000002592059900052845478057861328125,-73.931070000000005393303581513464450836181640625,Entire home/apt,204,1
A Family-Friendly 1 BR Traditional Townhouse,425647682,Queens,Woodhaven,40.69657000000000124373400467447936534881591796875,-73.856369999999998299244907684624195098876953125,Entire home/apt,106,1
Spacious Studio in Tribeca,24071322,Manhattan,Tribeca,40.712839999999999918145476840436458587646484375,-74.0111500000000006593836587853729724884033203125,Entire home/apt,120,1
Comfortable stay in Upper West Side with Studio,345220925,Manhattan,Upper West Side,40.79516000000000275349520961754024028778076171875,-73.97521000000000412910594604909420013427734375,Entire home/apt,600,1
Great One Bedroom  Apartment Next  Empire State #9,177174475,Manhattan,Midtown,40.747759999999999536157702095806598663330078125,-73.9869599999999962847141432575881481170654296875,Entire home/apt,138,1
"3 Bedroom Apartment |  Placemakr Wall Street, NYC",420415528,Manhattan,Financial District,40.70490300000000161162461154162883758544921875,-74.00641600000000153158907778561115264892578125,Entire home/apt,598,1
Comfortable Stay! Close to Times Square!,5615582,Manhattan,Upper West Side,40.78155000000000285353962681256234645843505859375,-73.9814899999999937563188723288476467132568359375,Entire home/apt,230,1
Your Home Away from Home! Close to Central Park!,5615582,Manhattan,Upper West Side,40.78108999999999895180735620670020580291748046875,-73.981930000000005520632839761674404144287109375,Entire home/apt,230,1
Your Home Away from Home in NYC!,5615582,Manhattan,Upper West Side,40.78117999999999909732650849036872386932373046875,-73.9818000000000068894223659299314022064208984375,Entire home/apt,243,1
Cozy Basement Studio minutes from LGA,432491766,Queens,Ditmars Steinway,40.76821000000000339014150085859000682830810546875,-73.8971499999999963392838253639638423919677734375,Entire home/apt,112,1
The ShoStopper Suite @ the Crossroads of the World,431986439,Manhattan,Midtown,40.7543500000000022964741219766438007354736328125,-73.988560000000006766640581190586090087890625,Entire home/apt,395,1
The Ensemble Suite at the Crossroads of the World,431986439,Manhattan,Theater District,40.7565299999999979263520799577236175537109375,-73.9877800000000007685230229981243610382080078125,Entire home/apt,295,1
King Bed at the Crossroads of the World,431986439,Manhattan,Theater District,40.7556299999999964711605571210384368896484375,-73.989069999999998117345967330038547515869140625,Entire home/apt,195,1
Untitled at 3 Freeman - Large Freeman King,158969505,Manhattan,Lower East Side,40.72296000000000049112713895738124847412109375,-73.9929900000000060344973462633788585662841796875,Entire home/apt,221,1
1 bed with full office setup| Heart of hipster BK,39942368,Brooklyn,Bushwick,40.70154000000000138470568344928324222564697265625,-73.9265599999999949432094581425189971923828125,Entire home/apt,89,1
Beautiful place in the heart of Manhattan/5ppl,57782700,Manhattan,Midtown,40.7479799999999983128873282112181186676025390625,-73.9885100000000051068127504549920558929443359375,Entire home/apt,161,1
Your Home Away From Home! Close to Times Square,5615582,Manhattan,Upper West Side,40.781080000000002883098204620182514190673828125,-73.9819600000000008321876521222293376922607421875,Entire home/apt,230,1
Great One Bedroom  Apartment Next  Empire State #6,177174475,Manhattan,Midtown,40.74611999999999767396730021573603153228759765625,-73.987030000000004292814992368221282958984375,Entire home/apt,145,1
Cozy 2 bedroom apartment with hotel-like features,425584890,Brooklyn,East New York,40.6755500000000012050804798491299152374267578125,-73.8871100000000069485395215451717376708984375,Entire home/apt,150,1
Modern 1 bed brooklyn condo with outdoor space,19294795,Brooklyn,Crown Heights,40.67951000000000050249582272954285144805908203125,-73.957570000000004029061528854072093963623046875,Entire home/apt,250,1
"Cozy and modern entire apt.
NY",108550734,Queens,Ridgewood,40.69953938335965659689463791437447071075439453125,-73.90419929108924179672612808644771575927734375,Entire home/apt,101,1
Sans Souci Palace,192584956,Brooklyn,Canarsie,40.63500045860376275186354178003966808319091796875,-73.891167587913201941773877479135990142822265625,Entire home/apt,104,1
Your Own Spacious Loft in the Heart of Bushwick,49410148,Brooklyn,Williamsburg,40.70268999999999692818164476193487644195556640625,-73.9340499999999991587174008600413799285888671875,Entire home/apt,200,1
Spacious 1 bedroom apartment w/ parking on premise,443310211,Queens,Queens Village,40.70528999999999797410055180080235004425048828125,-73.738110000000006039044819772243499755859375,Entire home/apt,135,1
Snug 1 bedroom apartment Entire private apartment,5481358,Brooklyn,East Flatbush,40.6526300000000020418156054802238941192626953125,-73.939989999999994552126736380159854888916015625,Entire home/apt,96,1
Spacious 1bedroom in the Bronx with WIFI & Netflix,283338112,Bronx,Baychester,40.87516000000000104819264379329979419708251953125,-73.8486500000000063437255448661744594573974609375,Entire home/apt,52,1
Lovely 1- bedroom 1- living room entire apartment,342131155,Queens,Jackson Heights,40.75265999999999877445588936097919940948486328125,-73.8776299999999963574737193994224071502685546875,Entire home/apt,130,1
"Lovely One Bedroom in Midtown, close to everything",5800619,Manhattan,Chelsea,40.75350999999999856981958146207034587860107421875,-73.9973600000000004683897714130580425262451171875,Entire home/apt,295,1
Entire cozy 2 Bedroom prime UES…walk to museums!,140090423,Manhattan,Upper East Side,40.7718399999999974170350469648838043212890625,-73.9557099999999962847141432575881481170654296875,Entire home/apt,350,1
The Cozy Corner Suite | Fast Wi-Fi | Private,398622781,Bronx,Schuylerville,40.840699999999998226485331542789936065673828125,-73.83328000000000201907823793590068817138671875,Entire home/apt,97,1
AWESOME 1-BEDROOM RESIDENTIAL HOME IN BUSHWICK!,264358932,Brooklyn,Bushwick,40.6961900000000014188117347657680511474609375,-73.91536999999999579813447780907154083251953125,Entire home/apt,140,1
Studio apartment for  rent,442311487,Staten Island,West Brighton,40.63412957170101691417585243470966815948486328125,-74.116203581144162626515026204288005828857421875,Entire home/apt,116,1
Spacious bedroom in Bronx with free WIFI & NETFLIX,283338112,Bronx,Williamsbridge,40.87686999999999670762917958199977874755859375,-73.8495300000000014506440493278205394744873046875,Entire home/apt,65,1
Hotel Living in Renovated Queens Apartment,442243452,Queens,South Ozone Park,40.6774300000000010868461686186492443084716796875,-73.8232600000000047657522372901439666748046875,Entire home/apt,79,1
2 Bedroom- Perfect For Four .Garden View,440648976,Brooklyn,Greenpoint,40.72626000000000345835360349155962467193603515625,-73.9485800000000068621375248767435550689697265625,Entire home/apt,169,1
Extra Large 1 BR APT/Queen sizeBed NearJFK/LGA/UBS,440220965,Queens,Rosedale,40.659030000000001336957211606204509735107421875,-73.734049999999996316546457819640636444091796875,Entire home/apt,111,1
Exclusive Cobble Hill  Brooklyn 10 min to NYC,433564446,Brooklyn,Columbia St,40.6888799999999974943420966155827045440673828125,-73.9993500000000068439476308412849903106689453125,Entire home/apt,122,1
Just steps from city's cultural wonders-The Quin-S,355450429,Manhattan,Midtown,40.764645000000001573425834067165851593017578125,-73.977585000000004811226972378790378570556640625,Entire home/apt,115,1
Clean & Elegant Brownstone Home With Free Laundry,439414066,Brooklyn,Bedford-Stuyvesant,40.68446999999999746933099231682717800140380859375,-73.9423799999999999954525264911353588104248046875,Entire home/apt,105,1
Lovely 1-bedroom sanctuary w/ office—location!,33998591,Brooklyn,Park Slope,40.68424999999999869260136620141565799713134765625,-73.9782900000000012141754268668591976165771484375,Entire home/apt,114,1
KING BED | FAST Wi-Fi | YouTube TV | Pet Friendly,398622781,Bronx,Schuylerville,40.8399500000000017507773009128868579864501953125,-73.8331699999999955252860672771930694580078125,Entire home/apt,138,1
Lovely Entire 1BR unit,83422715,Brooklyn,East Flatbush,40.63768999999999920191839919425547122955322265625,-73.944019999999994752215570770204067230224609375,Entire home/apt,119,1
The Garvey XXL 2 Bedoom + Creative Space,433321587,Brooklyn,Bedford-Stuyvesant,40.6862799999999964484231895767152309417724609375,-73.9398900000000054433257901109755039215087890625,Entire home/apt,386,1
Studio apartment in Brooklyn,6781477,Brooklyn,Bedford-Stuyvesant,40.693590000000000372892827726900577545166015625,-73.934020000000003847162588499486446380615234375,Entire home/apt,147,1
Spacious and unique One-Bedroom Apt in Brooklyn,148383782,Brooklyn,Prospect-Lefferts Gardens,40.65682000000000329009708366356790065765380859375,-73.953710000000000945874489843845367431640625,Entire home/apt,90,1
💚Cozy 1-bedroom with city view 🧡Central Park,87215632,Manhattan,Hell's Kitchen,40.76691000000000286718204733915627002716064453125,-73.9911799999999999499777914024889469146728515625,Entire home/apt,313,1
Cozy FiDi 1 bedroom apt - high-rise (WTC views),20539345,Manhattan,Financial District,40.70873000000000274667399935424327850341796875,-74.0064699999999930923877400346100330352783203125,Entire home/apt,275,1
Nice Apt in heart of Manhattan/ 4ppl,57782700,Manhattan,Midtown,40.7482600000000019235812942497432231903076171875,-73.987269999999995206962921656668186187744140625,Entire home/apt,151,1
Luxury Multimedia Townhouse,301831302,Manhattan,Washington Heights,40.8316200000000009140421752817928791046142578125,-73.9407800000000037243808037601411342620849609375,Entire home/apt,496,1
Quiet 1-bedroom apartment with indoor fireplace,50678563,Manhattan,Upper East Side,40.78537000000000034560798667371273040771484375,-73.95355000000000700310920365154743194580078125,Entire home/apt,700,1
Lovely and Cozy 2 Bedroom Duplex with 2 Balconies,61436372,Brooklyn,East Flatbush,40.6603300000000018599166651256382465362548828125,-73.937939999999997553459252230823040008544921875,Entire home/apt,200,1
Lovely one bedroom basement with huge space,106434970,Brooklyn,Bushwick,40.69364999999999810142981004901230335235595703125,-73.9138200000000011868905858136713504791259765625,Entire home/apt,96,1
Charming studio in Hamilton Heights,398460031,Manhattan,Harlem,40.82381000000000170757630257867276668548583984375,-73.9499200000000058707882999442517757415771484375,Entire home/apt,189,1
Luxurious Apartment near LaGuardia & JFK Airport,78339088,Queens,Corona,40.75142000000000308546077576465904712677001953125,-73.85529999999999972715158946812152862548828125,Entire home/apt,158,1
3 Bedroom Residential home with wood fire place,440957041,Brooklyn,Canarsie,40.63848999999999733745426055975258350372314453125,-73.8987300000000004729372449219226837158203125,Entire home/apt,464,1
"Spacious w/ Kitchenette, Desk, WiFi & 2 Queen Beds",30283594,Bronx,Mott Haven,40.81103999999999842884790268726646900177001953125,-73.9294100000000042882675188593566417694091796875,Entire home/apt,194,1
2 bedroom semi basement apt -close to Manhattan,441489344,Queens,Jackson Heights,40.75567000000000206227923627011477947235107421875,-73.8835700000000059617377701215445995330810546875,Entire home/apt,121,1
"European Style Airbnb, across from The Mark Hotel!",432468665,Manhattan,Upper East Side,40.77622000000000213049133890308439731597900390625,-73.962930000000000063664629124104976654052734375,Entire home/apt,550,1
"Simple, Clean, Quiet 3 Bed 2 Bath East Harlem",395965505,Manhattan,East Harlem,40.79885999999999768306224723346531391143798828125,-73.9410299999999978126652422361075878143310546875,Entire home/apt,150,1
Stylish LES apartment with Skylight,8015397,Manhattan,Two Bridges,40.711150000000003501554601825773715972900390625,-73.9945100000000053341864258982241153717041015625,Entire home/apt,185,1
Cozy one- bedroom apartment mins from Manhattan!,407531685,Queens,Astoria,40.76830000000000353566065314225852489471435546875,-73.925600000000002864908310584723949432373046875,Entire home/apt,101,1
Super Cozy 1 Bedroom by JFK/LGA Airport,117378121,Queens,Jamaica,40.69910999999999745568857179023325443267822265625,-73.7896300000000024965629563666880130767822265625,Entire home/apt,103,1
Lovely 1 bedroom apartment,345159362,Bronx,Fordham,40.85976000000000141199052450247108936309814453125,-73.9017900000000054205884225666522979736328125,Entire home/apt,244,1
Modern 2 Bed in stylish Bushwick home + backyard,41773438,Brooklyn,Bushwick,40.68681000000000125282895169220864772796630859375,-73.9114000000000004320099833421409130096435546875,Entire home/apt,174,1
City Gem 15 minutes from Midtown Manhattan,441796951,Queens,Long Island City,40.7582000000000022055246517993509769439697265625,-73.933840000000003556124283932149410247802734375,Entire home/apt,206,1
Comfortable studio apartment rental in Brooklyn.,412998473,Brooklyn,Fort Greene,40.6865999999999985448084771633148193359375,-73.9756000000000000227373675443232059478759765625,Entire home/apt,90,1
Bright Clinton Hills  1-Bedroom Charm,57907042,Brooklyn,Fort Greene,40.682490000000001373336999677121639251708984375,-73.9679100000000033787728170864284038543701171875,Entire home/apt,96,1
Imperial Midtown Studios 728,433145666,Manhattan,Midtown,40.7481700000000017780621419660747051239013671875,-73.98881000000000085492501966655254364013671875,Entire home/apt,140,1
St. Albans Cozy Inn,29176423,Queens,St. Albans,40.6943399999999968486008583568036556243896484375,-73.767120000000005575202521868050098419189453125,Entire home/apt,130,1
"4 mnts from JFK🛬,  6 people",361182285,Queens,South Ozone Park,40.669049999999998590283212251961231231689453125,-73.8082600000000041973180486820638179779052734375,Entire home/apt,112,1
Unique & spacious 1 bedroom in the east village!,23566374,Manhattan,East Village,40.72655999999999920646587270312011241912841796875,-73.97629000000000587533577345311641693115234375,Entire home/apt,139,1
"Loft on 5th with Rooftop, Kitchen & Staff included",439257326,Manhattan,Flatiron District,40.74222999999999927922544884495437145233154296875,-73.991410000000001900843926705420017242431640625,Entire home/apt,2000,1
"Beautiful,  quite residential 3 bedroom house.",82115963,Queens,Queens Village,40.70580000000000353566065314225852489471435546875,-73.73556999999999561623553745448589324951171875,Entire home/apt,249,1
New Spacious Lovely 1Bedroom rental 10min from JFK,439181612,Queens,Jamaica,40.68583000000000282625478575937449932098388671875,-73.77821000000000140062184073030948638916015625,Entire home/apt,127,1
Midtown Elegant Corner Loft  With  Great Views #89,438550739,Manhattan,Midtown,40.746409999999997353370417840778827667236328125,-73.9884200000000049612935981713235378265380859375,Entire home/apt,88,1
"Spacious apartment in Bay Ridge, Brooklyn",443862589,Brooklyn,Bay Ridge,40.63264099999999956480678520165383815765380859375,-74.0254589999999978999767336063086986541748046875,Entire home/apt,147,1
NEW apt in Central♥️Astoria near Laguardia Airport!,432811481,Queens,Ditmars Steinway,40.78061000000000291265678242780268192291259765625,-73.916190000000000281943357549607753753662109375,Entire home/apt,162,1
"2 King Beds W/ Disney+,Fast wifi, Ps5 available,",176710208,Brooklyn,Flatlands,40.62789000000000072532202466391026973724365234375,-73.930260000000004083631210960447788238525390625,Entire home/apt,225,1
Cozy place,428147699,Manhattan,Inwood,40.867379539476161198763293214142322540283203125,-73.923012106869094850480905734002590179443359375,Entire home/apt,150,1
"A perfect little place in Park Slope, Brooklyn",368010652,Brooklyn,Park Slope,40.68245999999999895635482971556484699249267578125,-73.9776200000000017098500393331050872802734375,Entire home/apt,221,1
Simple 4 Bedroom Apartment near Bus Stop,434697141,Queens,Flushing,40.75442000000000319914761348627507686614990234375,-73.8036799999999999499777914024889469146728515625,Entire home/apt,233,1
The Home Lounge,336355364,Queens,Flushing,40.74231999999999942474460112862288951873779296875,-73.828980000000001382431946694850921630859375,Entire home/apt,528,1
"Charming 3-Bedroom Townhouse, Upstairs Suite",427357222,Queens,Bayswater,40.60712000000000188038029591552913188934326171875,-73.758160000000003719833330251276493072509765625,Entire home/apt,128,1
Somewhere Silk King Bed Suite ✪ Waterline views,146807013,Manhattan,Financial District,40.70743999999999829242369742132723331451416015625,-74.00619000000000369254848919808864593505859375,Entire home/apt,200,1
Beautiful  luxury open concept. Look no further!!,427337597,Queens,Cambria Heights,40.70049999999999812416717759333550930023193359375,-73.7473499999999972942532622255384922027587890625,Entire home/apt,299,1
NY State of Mind - Entire Floor,144688687,Queens,Springfield Gardens,40.66669999999999873807610129006206989288330078125,-73.763450000000005957190296612679958343505859375,Entire home/apt,305,1
Hotel vibes studio apt 3 minute walk to the train,50411243,Bronx,Morris Heights,40.84933000000000191676008398644626140594482421875,-73.9178399999999982128429110161960124969482421875,Entire home/apt,118,1
Very private place mini studio,221913542,Brooklyn,Bushwick,40.69062999999999874489731155335903167724609375,-73.9031499999999965666575008071959018707275390625,Entire home/apt,110,1
Suite+Balcony | Full Bed+Kitchenette | near NYC,30283594,Bronx,Mott Haven,40.81184799999999768260749988257884979248046875,-73.9296649999999999636202119290828704833984375,Entire home/apt,149,1
This is a lovely studio in an amazing location,36393546,Manhattan,East Harlem,40.7964300000000008594724931754171848297119140625,-73.93792999999999437932274304330348968505859375,Entire home/apt,148,1
Spacious 2 bedroom apartment rental. By LGA.2nd FL,377823632,Queens,East Elmhurst,40.76579000000000263526089838705956935882568359375,-73.87731999999999743522494100034236907958984375,Entire home/apt,140,1
"♥♥ Entire Newly Renovated Studio -  Modern, Gorgeous, Private Space ♥♥",374576747,Bronx,Parkchester,40.8382500000000021600499167107045650482177734375,-73.8689600000000012869350030086934566497802734375,Entire home/apt,158,1
⭐️ Homey/Cozy 2 Bedroom Apt Close To Casino ⭐️,344340194,Bronx,Wakefield,40.900520000000000209183781407773494720458984375,-73.8428300000000064073901739902794361114501953125,Entire home/apt,123,1
budget friendly studio near metro JFK/LGA airport,153340219,Brooklyn,East New York,40.6764399999999994861354934982955455780029296875,-73.8871500000000054342308430932462215423583984375,Entire home/apt,103,1
Jnana,204746258,Brooklyn,Prospect-Lefferts Gardens,40.6614900000000005775291356258094310760498046875,-73.9615500000000025693225325085222721099853515625,Entire home/apt,140,1
Spacious Vacation Apt w/4BR/2Bath in Manhattan,419205691,Manhattan,Washington Heights,40.8511400000000008958522812463343143463134765625,-73.932379999999994879544829018414020538330078125,Entire home/apt,432,1
Modern Midtown Family Studio close everything # 59,48088611,Manhattan,Midtown,40.74804000000000314685166813433170318603515625,-73.986999999999994770405464805662631988525390625,Entire home/apt,106,1
Lovely 2-bedroom rental unit with indoor fireplace,305613328,Bronx,Olinville,40.8854400000000026693669497035443782806396484375,-73.8620700000000027785063139162957668304443359375,Entire home/apt,250,1
♥ AMAZING Location ♛ KING BED ♥ GREAT PRICE ♥,212164658,Queens,Flushing,40.75733000000000316731529892422258853912353515625,-73.823949999999996407495927996933460235595703125,Entire home/apt,156,1
Budget comfort studio near metro🚊 ➡️JFK airport,153340219,Brooklyn,East New York,40.67255999999999716010279371403157711029052734375,-73.8691900000000032378011383116245269775390625,Entire home/apt,116,1
Authentic Bronx Dwelling,8535372,Bronx,Morris Heights,40.84626297514068227201278205029666423797607421875,-73.922411509735553636346594430506229400634765625,Entire home/apt,77,1
SPRINGFIELD ESTATE-9 MINS FRM JFK/ 20 MINS FRM LGA,385425813,Queens,Springfield Gardens,40.66447000000000144837031257338821887969970703125,-73.7677000000000049340087571181356906890869140625,Entire home/apt,75,1
Luxury 2-bedroom and 2-bathroom No kitchen,344223705,Bronx,Williamsbridge,40.88365999999999900182956480421125888824462890625,-73.861639999999994188328855670988559722900390625,Entire home/apt,200,1
The Ultimate Escape (a home away from home),436210041,Queens,Jamaica,40.6939100000000024692781153135001659393310546875,-73.797910000000001673470251262187957763671875,Entire home/apt,111,1
Starlit Theater Luxury Townhouse,301831302,Manhattan,Harlem,40.82997999999999905185177340172231197357177734375,-73.9410599999999931242200545966625213623046875,Entire home/apt,1474,1
Middle Of Manhattan Apartment for FIVE People # 53,48088611,Manhattan,Midtown,40.7463800000000020418156054802238941192626953125,-73.9871299999999934016159386374056339263916015625,Entire home/apt,127,1
"Better location, heart of Manhattan/ 4ppl",57782700,Manhattan,Midtown,40.74687000000000125510268844664096832275390625,-73.988910000000004174580681137740612030029296875,Entire home/apt,148,1
Great Apt on the water! Balcony w/ Skyline view!,427458930,Staten Island,Shore Acres,40.613529999999997244231053628027439117431640625,-74.0633499999999997953636921010911464691162109375,Entire home/apt,158,1
Sunday’s with Lovey! 3 bedroom unit 2 full baths.,112820798,Brooklyn,East New York,40.6752800000000007685230229981243610382080078125,-73.88474999999999681676854379475116729736328125,Entire home/apt,195,1
Cozy studio 2,185029671,Manhattan,Inwood,40.860669999999998935891198925673961639404296875,-73.9281399999999990768628777004778385162353515625,Entire home/apt,148,1
Romantic and sunny 2-bedrooms rental unit Brooklyn,13187650,Brooklyn,Bedford-Stuyvesant,40.689300000000002910383045673370361328125,-73.9545399999999943929651635698974132537841796875,Entire home/apt,288,1
1BR - Heart of Hell’s Kitchen!,54235026,Manhattan,Hell's Kitchen,40.76400000000000289901436190120875835418701171875,-73.98727999999999838109943084418773651123046875,Entire home/apt,199,1
Modern gut renovated condo 2 BR / 1 ba -smart home,410110418,Brooklyn,Bay Ridge,40.634399999999999408828443847596645355224609375,-74.0248299999999943565853754989802837371826171875,Entire home/apt,159,1
Loft Like Basement w/ Back Yard Access  JFK-8mins,271110030,Queens,Springfield Gardens,40.68950000000000244426701101474463939666748046875,-73.7520899999999954843588056974112987518310546875,Entire home/apt,165,1
Clean / Comfy Family Studio With 3 Double Beds # 5,438550739,Manhattan,Midtown,40.7477200000000010504663805477321147918701171875,-73.9886800000000022237145458348095417022705078125,Entire home/apt,103,1
Midtown Elegant Corner Loft  With  Great Views #19,438550739,Manhattan,Midtown,40.74622000000000099362296168692409992218017578125,-73.9869800000000026329871616326272487640380859375,Entire home/apt,115,1
The REAL New York City Style Apartment,314253814,Manhattan,Chelsea,40.74900999999999839928932487964630126953125,-74.0022000000000019781509763561189174652099609375,Entire home/apt,219,1
Clean / Comfy Family Studio With 3 Double Beds #29,438550739,Manhattan,Midtown,40.74694000000000215777617995627224445343017578125,-73.989000000000004320099833421409130096435546875,Entire home/apt,90,1
A+ Location Corner Deluxe Studio with 3 beds #7,348619646,Manhattan,Midtown,40.74786999999999892452251515351235866546630859375,-73.9868000000000023419488570652902126312255859375,Entire home/apt,175,1
Large Queen Room Near Flatiron Building & Union Sq,260577152,Manhattan,Midtown,40.74371000000000009322320693172514438629150390625,-73.9841100000000011505107977427542209625244140625,Hotel room,292,1
Spacious King Bed Studio Layout  in Times Square,260618374,Manhattan,Theater District,40.75544000000000011141310096718370914459228515625,-73.988370000000003301465767435729503631591796875,Hotel room,483,1
Studio Style King  steps away from Times Square,260618374,Manhattan,Theater District,40.75544000000000011141310096718370914459228515625,-73.988370000000003301465767435729503631591796875,Hotel room,315,1
India Room at Incentra Village Guest House,241889662,Manhattan,West Village,40.73695000000000021600499167107045650482177734375,-74.00502000000000180079950951039791107177734375,Hotel room,325,1
Dakota Room at Incentra Village Guest House,241889662,Manhattan,West Village,40.73756999999999806050254846923053264617919921875,-74.0031599999999940564521239139139652252197265625,Hotel room,325,1
Hudson Yard - Comfy Queen Room,224414117,Manhattan,Hell's Kitchen,40.7548900000000031695890356786549091339111328125,-73.996430000000003701643436215817928314208984375,Hotel room,207,1
Maine Room at Incentra Village Guest House,241889662,Manhattan,West Village,40.73892000000000024328983272425830364227294921875,-74.0047799999999966757968650199472904205322265625,Hotel room,325,1
Corner Studio with King Bed in  Heart of Times Sq.,260618374,Manhattan,Theater District,40.75544000000000011141310096718370914459228515625,-73.988370000000003301465767435729503631591796875,Hotel room,573,1
Large King Room Near Flatiron Building & Union Sq,260577152,Manhattan,Midtown,40.7439200000000028012436814606189727783203125,-73.98637999999999692590790800750255584716796875,Hotel room,317,1
Manhattan West - Standard Queen (Free Breakfast),224414117,Manhattan,Hell's Kitchen,40.75473000000000212139639188535511493682861328125,-73.996700000000004138200893066823482513427734375,Hotel room,209,1
"Nesva Hotel, King Premium Balcony",263720409,Queens,Long Island City,40.75330999999999903593561612069606781005859375,-73.935010000000005447873263619840145111083984375,Hotel room,167,1
Courtyard King,257995608,Manhattan,SoHo,40.72440000000000281943357549607753753662109375,-74.0079400000000049431037041358649730682373046875,Hotel room,204,1
Superior @ Box House,417504,Brooklyn,Greenpoint,40.737560000000001991793396882712841033935546875,-73.9535000000000053432813729159533977508544921875,Hotel room,179,1
Studio 2 Queen Beds steps away from Times Square,260618374,Manhattan,Theater District,40.75544000000000011141310096718370914459228515625,-73.988370000000003301465767435729503631591796875,Hotel room,385,1
San Carlos Hotel Deluxe Room - up to 3,173685298,Manhattan,Midtown,40.755910000000000081854523159563541412353515625,-73.9715699999999998226485331542789936065673828125,Hotel room,339,1
"Shelburne Hotel & Suites, 2 Bedroom Terrace",268613328,Manhattan,Murray Hill,40.74953000000000002955857780762016773223876953125,-73.978489999999993642632034607231616973876953125,Hotel room,879,1
Empire CIty - King Lux King Room (Free Breakfast),224414117,Manhattan,Hell's Kitchen,40.75468000000000046156856114976108074188232421875,-73.99840000000000372892827726900577545166015625,Hotel room,220,1
The Bishop Suite at Incentra Village Guest House,241889662,Manhattan,West Village,40.7367100000000021964297047816216945648193359375,-74.0049900000000064892446971498429775238037109375,Hotel room,352,1
"Shelburne Hotel & Suites, Two Bedroom Penthouse",268613328,Manhattan,Murray Hill,40.7477099999999978763298713602125644683837890625,-73.9791000000000025238477974198758602142333984375,Hotel room,938,1
Broadway - Cozy King Room,224414117,Manhattan,Hell's Kitchen,40.755321502685546875,-73.9932861328125,Hotel room,226,1
"Shelburne Hotel & Suites,  2 Bedroom Suite",268613328,Manhattan,Murray Hill,40.7493199999999973215381032787263393402099609375,-73.9778199999999941383066470734775066375732421875,Hotel room,625,1
Approx. 370 sq ft Room near Flatiron & Union Sq,260577152,Manhattan,Midtown,40.7439200000000028012436814606189727783203125,-73.98637999999999692590790800750255584716796875,Hotel room,367,1
Approx. 700 sqft Suite near Flatiron & Union Sq,260577152,Manhattan,Midtown,40.7439200000000028012436814606189727783203125,-73.98637999999999692590790800750255584716796875,Hotel room,592,1
"Shelburne Hotel & Suites, One Bedroom  2 Beds",268613328,Manhattan,Murray Hill,40.74806000000000238969732890836894512176513671875,-73.9789200000000022328094928525388240814208984375,Hotel room,476,1
Approx. 775 sqft Suite near Flatiron & Union Sq,260577152,Manhattan,Midtown,40.7439200000000028012436814606189727783203125,-73.98637999999999692590790800750255584716796875,Hotel room,692,1
"Fifty Hotel & Suites by Affinia, Jr Suite 2 Beds",269305936,Manhattan,Midtown,40.75706000000000273075784207321703433990478515625,-73.9721300000000070440364652313292026519775390625,Hotel room,269,1
"Nesva Hotel, Twin Premium Balcony",263720409,Queens,Long Island City,40.75330999999999903593561612069606781005859375,-73.935010000000005447873263619840145111083984375,Hotel room,203,1
"Nesva Hotel, Twin Standard",263720409,Queens,Long Island City,40.752150000000000318323145620524883270263671875,-73.93581000000000358340912498533725738525390625,Hotel room,179,1
Surrey Room at Incentra Village Guest House,241889662,Manhattan,West Village,40.73884000000000327190718962810933589935302734375,-74.0034200000000055297277867794036865234375,Hotel room,295,1
Lahore Suite at Incentra Village Guest House,241889662,Manhattan,West Village,40.73868999999999829242369742132723331451416015625,-74.0032700000000005502442945726215839385986328125,Hotel room,331,1
2 Queen Bed Spacious Room near Flatiron & Union Sq,260577152,Manhattan,Midtown,40.7439200000000028012436814606189727783203125,-73.98637999999999692590790800750255584716796875,Hotel room,349,1
"Shelburne Hotel & Suites, One Bedroom Apartment",268613328,Manhattan,Murray Hill,40.7477099999999978763298713602125644683837890625,-73.9790799999999961755747790448367595672607421875,Hotel room,329,1
Grove Queen,248122395,Manhattan,Greenwich Village,40.7354399999999969850250636227428913116455078125,-73.9974700000000069621819420717656612396240234375,Hotel room,394,1
Empire State - Comfy King Room,224414117,Manhattan,Hell's Kitchen,40.75542999999999693727659177966415882110595703125,-73.99849000000000387444742955267429351806640625,Hotel room,220,1
Midtown West - Cozy Double Double (Free Breakfast),224414117,Manhattan,Hell's Kitchen,40.75583999999999917918103164993226528167724609375,-73.9972900000000066711436375044286251068115234375,Hotel room,240,1
Courtyard Queen,257995608,Manhattan,SoHo,40.72440000000000281943357549607753753662109375,-74.0079400000000049431037041358649730682373046875,Hotel room,177,1
Bunk Room ADA,257995608,Manhattan,SoHo,40.72440000000000281943357549607753753662109375,-74.0079400000000049431037041358649730682373046875,Hotel room,199,1
"Fifty Hotel & Suites by Affinia, Jr. Suite 1 Bed",269305936,Manhattan,Midtown,40.75513000000000118916432256810367107391357421875,-73.9716700000000031423041946254670619964599609375,Hotel room,259,1
"Artful UWS King Room - near Central Park, Museums",245314318,Manhattan,Upper West Side,40.78217000000000069803718361072242259979248046875,-73.9803399999999982128429110161960124969482421875,Hotel room,285,1
Empire Bright CIty  King Room,224414117,Manhattan,Hell's Kitchen,40.7549700000000001409716787748038768768310546875,-73.9964700000000021873347577638924121856689453125,Hotel room,220,1
"Shelburne Hotel & Suites, Studio Apartment 1 Bed",268613328,Manhattan,Murray Hill,40.7488799999999997680788510479032993316650390625,-73.9772099999999994679455994628369808197021484375,Hotel room,239,1
Stable Room at Incentra Village Guest House,241889662,Manhattan,West Village,40.73837999999999937017491902224719524383544921875,-74.00348999999999932697392068803310394287109375,Hotel room,295,1
Time Square South Deluxe King Room(Free Breakfast),224414117,Manhattan,Hell's Kitchen,40.75614999999999810142981004901230335235595703125,-73.9966299999999961301000439561903476715087890625,Hotel room,220,1
Double Double Room · Broadway,224414117,Manhattan,Hell's Kitchen,40.7566199999999980718712322413921356201171875,-73.99696000000000140062184073030948638916015625,Hotel room,240,1
"Artful UWS King Room near Central Park, Museums",245314318,Manhattan,Upper West Side,40.78217000000000069803718361072242259979248046875,-73.9803399999999982128429110161960124969482421875,Hotel room,265,1
Double Double Room · Empire CIty New York,224414117,Manhattan,Hell's Kitchen,40.7547899999999998499333742074668407440185546875,-73.998279999999994060999597422778606414794921875,Hotel room,240,1
Artful UWS Penthouse with Balcony by Central Park,245314318,Manhattan,Upper West Side,40.78217000000000069803718361072242259979248046875,-73.9803399999999982128429110161960124969482421875,Hotel room,545,1
Bunk Room,257995608,Manhattan,SoHo,40.72440000000000281943357549607753753662109375,-74.0079400000000049431037041358649730682373046875,Hotel room,199,1
Freehand New York - Private Bunk Room,164291123,Manhattan,Flatiron District,40.74029999999999773763192933984100818634033203125,-73.9859900000000010322764865122735500335693359375,Hotel room,242,1
Tabor Room at Incentra Village Guest House,241889662,Manhattan,West Village,40.73888000000000175759851117618381977081298828125,-74.005009999999998626663000322878360748291015625,Hotel room,331,1
Brodway- Double Double Room (Free Breakfast),224414117,Manhattan,Hell's Kitchen,40.7565900000000027603164198808372020721435546875,-73.9963900000000052159521146677434444427490234375,Hotel room,246,1
UWS King Room with Broadway View Near Central Park,245314318,Manhattan,Upper West Side,40.78217000000000069803718361072242259979248046875,-73.9803399999999982128429110161960124969482421875,Hotel room,305,1
Superior @ Box House,417504,Brooklyn,Greenpoint,40.7377699999999975943865138106048107147216796875,-73.9536599999999992860466591082513332366943359375,Hotel room,179,1
Artful UWS Room-2 Double Beds Near Central Park,245314318,Manhattan,Upper West Side,40.78217000000000069803718361072242259979248046875,-73.9803399999999982128429110161960124969482421875,Hotel room,329,1
Dylan Hotel NYC - Luxury Double Room,266764027,Manhattan,Midtown,40.75263000000000346290107700042426586151123046875,-73.9782100000000042427927837707102298736572265625,Hotel room,314,1
Washington Suite at Incentra Village Guest House,241889662,Manhattan,West Village,40.7372299999999967212716001085937023162841796875,-74.0050700000000034606273402459919452667236328125,Hotel room,332,1
EMPIRE COZY DOUBLE DOUBLE,224414117,Manhattan,Hell's Kitchen,40.75477000000000060708771343342959880828857421875,-73.9971900000000033514879760332405567169189453125,Hotel room,240,1
Duplex w/ Terrace @ Box House Hotel,417504,Brooklyn,Greenpoint,40.737560000000001991793396882712841033935546875,-73.9535000000000053432813729159533977508544921875,Hotel room,429,1
Artful UWS Superior Queen Near Central Park,245314318,Manhattan,Upper West Side,40.78217000000000069803718361072242259979248046875,-73.9803399999999982128429110161960124969482421875,Hotel room,155,1
Broadway - Cozy Standard King (Free Breakfast),224414117,Manhattan,Hell's Kitchen,40.75504000000000104364517028443515300750732421875,-73.996949999999998226485331542789936065673828125,Hotel room,220,1
Superior @ Box House,417504,Brooklyn,Greenpoint,40.7377699999999975943865138106048107147216796875,-73.9536599999999992860466591082513332366943359375,Hotel room,179,1
Freehand New York - Solo Room,164291123,Manhattan,Flatiron District,40.74029999999999773763192933984100818634033203125,-73.9859900000000010322764865122735500335693359375,Hotel room,155,1
Dylan Hotel NYC - Standard Queen,266764027,Manhattan,Murray Hill,40.75164000000000186219040188007056713104248046875,-73.9791000000000025238477974198758602142333984375,Hotel room,246,1
Manhattan - Cozy King Room (Free Breakfast),224414117,Manhattan,Hell's Kitchen,40.75670000000000214868123293854296207427978515625,-73.996679999999997789927874691784381866455078125,Hotel room,220,1
San Carlos Hotel One Bedrm Suite up to 5,173685298,Manhattan,Midtown,40.756720000000001391526893712580204010009765625,-73.972139999999996007318259216845035552978515625,Hotel room,459,1
Midtown West - Sunny Queen Room(Free Breakfast),224414117,Manhattan,Hell's Kitchen,40.75681999999999760575519758276641368865966796875,-74.0014699999999976398612488992512226104736328125,Hotel room,209,1
Central Park - Comfy King Room,224414117,Manhattan,Hell's Kitchen,40.755099999999998772182152606546878814697265625,-73.9984500000000053887561080045998096466064453125,Hotel room,220,1
Spacious King Studio Steps from Times Square,260618374,Manhattan,Theater District,40.75544000000000011141310096718370914459228515625,-73.988370000000003301465767435729503631591796875,Hotel room,358,1
Queen Room Sky,259169672,Manhattan,Midtown,40.746229999999997062332113273441791534423828125,-73.9849899999999962574293022044003009796142578125,Hotel room,282,1
"Nesva Hotel, Double Room Mobility",263720409,Queens,Long Island City,40.75330999999999903593561612069606781005859375,-73.935010000000005447873263619840145111083984375,Hotel room,140,1
Approx. 980 sqft Suite near Flatiron & Union Sq,260577152,Manhattan,Midtown,40.7439200000000028012436814606189727783203125,-73.98637999999999692590790800750255584716796875,Hotel room,1092,1
Queen Room Terrace,259169672,Manhattan,Midtown,40.746229999999997062332113273441791534423828125,-73.9849899999999962574293022044003009796142578125,Hotel room,301,1
King Room City,259169672,Manhattan,Midtown,40.746229999999997062332113273441791534423828125,-73.9849899999999962574293022044003009796142578125,Hotel room,244,1
Courtyard Queen ADA,257995608,Manhattan,SoHo,40.72440000000000281943357549607753753662109375,-74.0079400000000049431037041358649730682373046875,Hotel room,177,1
City Queen – Terrace,257995608,Manhattan,SoHo,40.72440000000000281943357549607753753662109375,-74.0079400000000049431037041358649730682373046875,Hotel room,248,1
"Family Room, One Double size bed and a Twin bed",263720409,Queens,Long Island City,40.75330999999999903593561612069606781005859375,-73.935010000000005447873263619840145111083984375,Hotel room,146,1
Two Twin Room - Terrace,257995608,Manhattan,SoHo,40.72440000000000281943357549607753753662109375,-74.0079400000000049431037041358649730682373046875,Hotel room,299,1
Freehand New York - Premium Queen Room,164291123,Manhattan,Flatiron District,40.74029999999999773763192933984100818634033203125,-73.9859900000000010322764865122735500335693359375,Hotel room,188,1
Two Twin Room,257995608,Manhattan,SoHo,40.72440000000000281943357549607753753662109375,-74.0079400000000049431037041358649730682373046875,Hotel room,229,1
Dylan Hotel NYC - Penthouse,266764027,Manhattan,Murray Hill,40.75048000000000314457793137989938259124755859375,-73.979680000000001882654032669961452484130859375,Hotel room,651,1
Approx. 980 sqft Suite with Large Outdoor Terrace,260577152,Manhattan,Midtown,40.7439200000000028012436814606189727783203125,-73.98637999999999692590790800750255584716796875,Hotel room,1492,1
Spacious King Room near Times Square,261750091,Manhattan,Theater District,40.76156999999999896999725024215877056121826171875,-73.9825699999999955025486997328698635101318359375,Hotel room,248,1
The Chester Himes Room at The Harlem Flophouse,3236595,Manhattan,Harlem,40.808999999999997498889570124447345733642578125,-73.95166000000000394720700569450855255126953125,Hotel room,150,1
Dylan Hotel NYC - Alchemy Suite,266764027,Manhattan,Murray Hill,40.7504899999999992132870829664170742034912109375,-73.9802700000000044155967771075665950775146484375,Hotel room,336,1
The Stonewall Room at Incentra Village Guest House,241889662,Manhattan,West Village,40.73709999999999809006112627685070037841796875,-74.0047699999999935016603558324277400970458984375,Hotel room,272,1
Park Avenue Suite with Large Outdoor Terrace,260577152,Manhattan,Midtown,40.7439200000000028012436814606189727783203125,-73.98637999999999692590790800750255584716796875,Hotel room,1592,1
City Queen,257995608,Manhattan,SoHo,40.72440000000000281943357549607753753662109375,-74.0079400000000049431037041358649730682373046875,Hotel room,195,1
City Queen – Terrace ADA,257995608,Manhattan,SoHo,40.72440000000000281943357549607753753662109375,-74.0079400000000049431037041358649730682373046875,Hotel room,248,1
Queen Room Urban,259169672,Manhattan,Midtown,40.746229999999997062332113273441791534423828125,-73.9849899999999962574293022044003009796142578125,Hotel room,188,1
Vessel- Double Double Room(Free Breakfast),224414117,Manhattan,Hell's Kitchen,40.75493999999999772398950881324708461761474609375,-73.99648999999999432475306093692779541015625,Hotel room,240,1
"Shelburne Hotel & Suites, Studio Apartment 2 Beds",268613328,Manhattan,Murray Hill,40.74949000000000154386725625954568386077880859375,-73.978419999999999845385900698602199554443359375,Hotel room,250,1
Bunk Room ADA,259169672,Manhattan,Midtown,40.746229999999997062332113273441791534423828125,-73.9849899999999962574293022044003009796142578125,Hotel room,188,1
Queen Room ADA Terrace,259169672,Manhattan,Midtown,40.746229999999997062332113273441791534423828125,-73.9849899999999962574293022044003009796142578125,Hotel room,301,1
"Fifty Hotel & Suites by Affinia, Guest Room 1 Bed",269305936,Manhattan,Midtown,40.7569500000000033423930290155112743377685546875,-73.970550000000002910383045673370361328125,Hotel room,209,1
"Nesva Hotel, King City View",263720409,Queens,Long Island City,40.75330999999999903593561612069606781005859375,-73.935010000000005447873263619840145111083984375,Hotel room,166,1
Queen Room City ADA,259169672,Manhattan,Midtown,40.746229999999997062332113273441791534423828125,-73.9849899999999962574293022044003009796142578125,Hotel room,188,1
Queen Room,259169672,Manhattan,Midtown,40.746229999999997062332113273441791534423828125,-73.9849899999999962574293022044003009796142578125,Hotel room,188,1
"Fifty Hotel & Suites by Affinia, Guest Room 2 Bed",269305936,Manhattan,Midtown,40.7566800000000029058355721645057201385498046875,-73.9721799999999944930095807649195194244384765625,Hotel room,219,1
San Carlos Hotel  Deluxe Room- up to 3,173685298,Manhattan,Midtown,40.755910000000000081854523159563541412353515625,-73.9715699999999998226485331542789936065673828125,Hotel room,339,1
Hudson Yard -Sunny King Hotel Room(Free Breakfast),224414117,Manhattan,Hell's Kitchen,40.756990000000001828084350563585758209228515625,-73.99846999999999752617441117763519287109375,Hotel room,220,1
"Nesva Hotel, Twin Standard",263720409,Queens,Long Island City,40.75330999999999903593561612069606781005859375,-73.935010000000005447873263619840145111083984375,Hotel room,184,1
TIME SQ WEST-COZY KING ROOM (Free Breakfast),224414117,Manhattan,Hell's Kitchen,40.75551999999999708279574406333267688751220703125,-73.9987100000000026511770556680858135223388671875,Hotel room,220,1
BIG APPLE - COMFY KING ROOM,224414117,Manhattan,Hell's Kitchen,40.75547000000000252839527092874050140380859375,-73.9963699999999988676790962927043437957763671875,Hotel room,220,1
Spacious Studio 2 Queens Mobility Accessible Tub,260618374,Manhattan,Theater District,40.75544000000000011141310096718370914459228515625,-73.988370000000003301465767435729503631591796875,Hotel room,544,1
Luxury King City View Studio in Times Square,260618374,Manhattan,Theater District,40.75544000000000011141310096718370914459228515625,-73.988370000000003301465767435729503631591796875,Hotel room,421,1
Studio King Bed Mobility Accessible Roll-in Shower,260618374,Manhattan,Theater District,40.75544000000000011141310096718370914459228515625,-73.988370000000003301465767435729503631591796875,Hotel room,358,1
Hudson Yard - Luxe King Room (Free Breakfast),224414117,Manhattan,Hell's Kitchen,40.756720000000001391526893712580204010009765625,-73.9969099999999997407940099947154521942138671875,Hotel room,220,1
Designer Studio  in the Heart of Times Square,260618374,Manhattan,Theater District,40.75544000000000011141310096718370914459228515625,-73.988370000000003301465767435729503631591796875,Hotel room,921,1
Spacious Studio-Style 2 Queen Beds in Times Square,260618374,Manhattan,Theater District,40.75544000000000011141310096718370914459228515625,-73.988370000000003301465767435729503631591796875,Hotel room,525,1
"The Allen Hotel, King Deluxe",266741420,Manhattan,Lower East Side,40.71903999999999967940311762504279613494873046875,-73.9897399999999976216713548637926578521728515625,Hotel room,185,1
"King Studio w abundance of natural light, SoHo",260861596,Manhattan,SoHo,40.72276000000000095724317361600697040557861328125,-74.0047799999999966757968650199472904205322265625,Hotel room,450,1
Manhattan - Double Double Hotel (Free Breakfast),224414117,Manhattan,Hell's Kitchen,40.7567499999999967030817060731351375579833984375,-73.9968099999999964211383485235273838043212890625,Hotel room,240,1
ADA Compliant Studio Room near Central Park,261750091,Manhattan,Theater District,40.76156999999999896999725024215877056121826171875,-73.9825699999999955025486997328698635101318359375,Hotel room,264,1
"The Allen Hotel, Double Bed Deluxe",266741420,Manhattan,Lower East Side,40.71697000000000343788997270166873931884765625,-73.9898699999999962528818286955356597900390625,Hotel room,219,1
"Accessible Queen room,  your sanctuary in SoHo",260861596,Manhattan,SoHo,40.72281000000000261707100435160100460052490234375,-74.00475000000000136424205265939235687255859375,Hotel room,425,1
King Bed Suite near Central Park,261750091,Manhattan,Theater District,40.76156999999999896999725024215877056121826171875,-73.9825699999999955025486997328698635101318359375,Hotel room,354,1
High Line-Double Double Hotel Room(Free Breakfast),224414117,Manhattan,Hell's Kitchen,40.7566599999999965575625537894666194915771484375,-73.9985599999999976716935634613037109375,Hotel room,240,1
"The Allen Hotel, King Balcony",266741420,Manhattan,Lower East Side,40.7191499999999990677679306827485561370849609375,-73.9897600000000039699443732388317584991455078125,Hotel room,198,1
Perfect Suite Retreat in Times Square,261750091,Manhattan,Theater District,40.76156999999999896999725024215877056121826171875,-73.9825699999999955025486997328698635101318359375,Hotel room,419,1
Penthouse One Bedroom Suite in Times Square,260618374,Manhattan,Theater District,40.75544000000000011141310096718370914459228515625,-73.988370000000003301465767435729503631591796875,Hotel room,1164,1
TIMES SQ WEST- COZY DOUBLE DOUBLE(Free Breakfast),224414117,Manhattan,Hell's Kitchen,40.7563999999999992951416061259806156158447265625,-73.998279999999994060999597422778606414794921875,Hotel room,240,1
GOTHAM  - DOUBLE DOUBLE (Free Breakfast),224414117,Manhattan,Hell's Kitchen,40.75475000000000136424205265939235687255859375,-73.9970699999999936835592961870133876800537109375,Hotel room,240,1
King Room Sky,259169672,Manhattan,Midtown,40.746229999999997062332113273441791534423828125,-73.9849899999999962574293022044003009796142578125,Hotel room,320,1
Manhattan West - Double Hotel Room(Free Breakfast),224414117,Manhattan,Hell's Kitchen,40.755459999999999354258761741220951080322265625,-73.99669000000000096406438387930393218994140625,Hotel room,240,1
Garden Suite at Incentra Village Guest House,241889662,Manhattan,West Village,40.7367100000000021964297047816216945648193359375,-74.0053999999999945202944218181073665618896484375,Hotel room,325,1
Spacious Studio with 2 Queen Beds in Times Square,260618374,Manhattan,Theater District,40.75544000000000011141310096718370914459228515625,-73.988370000000003301465767435729503631591796875,Hotel room,406,1
Queen Room City,259169672,Manhattan,Midtown,40.746229999999997062332113273441791534423828125,-73.9849899999999962574293022044003009796142578125,Hotel room,210,1
"Modern Queen room, your sanctuary in SoHo",260861596,Manhattan,SoHo,40.722790000000003374225343577563762664794921875,-74.00475000000000136424205265939235687255859375,Hotel room,350,1
"King modern room,  your sanctuary in SoHo",260861596,Manhattan,SoHo,40.722769999999997025952325202524662017822265625,-74.0047100000000028785507311113178730010986328125,Hotel room,375,1
Family Room to fit all of YOU!,261750091,Manhattan,Theater District,40.76156999999999896999725024215877056121826171875,-73.9825699999999955025486997328698635101318359375,Hotel room,276,1
A Studio Fit for a King,261750091,Manhattan,Theater District,40.76156999999999896999725024215877056121826171875,-73.9825699999999955025486997328698635101318359375,Hotel room,282,1
"High floor king bed, your sanctuary in SoHo",260861596,Manhattan,SoHo,40.722790000000003374225343577563762664794921875,-74.0047299999999950159690342843532562255859375,Hotel room,400,1
Midtown West - Cozy Standard King (Free Breakfast),224414117,Manhattan,Hell's Kitchen,40.7567499999999967030817060731351375579833984375,-73.9969799999999935380401439033448696136474609375,Hotel room,220,1
“Most Comfortable Bed”  1 Block From TSquare Train,9653082,Manhattan,Harlem,40.82074999999999675992512493394315242767333984375,-73.956580000000002428350853733718395233154296875,Private room,98,1
Laki John,280209892,Brooklyn,East Flatbush,40.65055000000000262616595136933028697967529296875,-73.9500599999999934652805677615106105804443359375,Private room,65,1
Cozy Home in the heart of S.I,257434395,Staten Island,Graniteville,40.6222391393574326912130345590412616729736328125,-74.1628125686904269286969793029129505157470703125,Private room,109,1
Vibrantly Victorian Room in Williamsburg,417275418,Brooklyn,Williamsburg,40.71041000000000309455572278238832950592041015625,-73.959779999999994970494299195706844329833984375,Private room,92,1
Swanky Queen Queen Hotel Room,383332265,Manhattan,Chelsea,40.74788000000000209865902434103190898895263671875,-73.9927200000000055979398894123733043670654296875,Private room,326,1
Near Broadway / King Bed Hotel Room,371972456,Manhattan,Financial District,40.7044700000000005957190296612679958343505859375,-74.00565000000000281943357549607753753662109375,Private room,239,1
Cute Room Besides Central Park West,176809727,Manhattan,Upper West Side,40.80100999999999800138539285399019718170166015625,-73.962050000000004956746124662458896636962890625,Private room,79,1
Comfortable place in convenient & lovely location,238686010,Brooklyn,Windsor Terrace,40.65474999999999994315658113919198513031005859375,-73.9794600000000031059244065545499324798583984375,Private room,112,1
It's Always Sunny in Bed-Stuy!,444889759,Brooklyn,Cypress Hills,40.678010000000000445652403868734836578369140625,-73.9061300000000045429260353557765483856201171875,Private room,65,1
Large spacious room with a very quiet neighbohood,202287550,Queens,Sunnyside,40.7388499999999993406163412146270275115966796875,-73.922280000000000654836185276508331298828125,Private room,160,1
Terracotta Room in LES,11280566,Manhattan,Lower East Side,40.71970999999999918372850515879690647125244140625,-73.9928400000000010550138540565967559814453125,Private room,98,1
Near Eataly & WTC / King Bed Hotel Room,371972456,Manhattan,Financial District,40.7062600000000003319655661471188068389892578125,-74.0057199999999966166797094047069549560546875,Private room,239,1
"Luminous, Large, Lovely Central PK Upper West Side",319642149,Manhattan,Upper West Side,40.79451000000000249201548285782337188720703125,-73.96399999999999863575794734060764312744140625,Private room,79,1
Cozy room in lovely east williamsburg w/ priv bath,8793489,Brooklyn,Williamsburg,40.7153899999999993042365531437098979949951171875,-73.94035999999999830833985470235347747802734375,Private room,105,1
Cute Room In Williamsburg Townhouse w/ en suite,359500,Brooklyn,Williamsburg,40.7130599999999986948751029558479785919189453125,-73.95076000000000249201548285782337188720703125,Private room,179,1
Best Room in Bay Ridge,207195903,Brooklyn,Bay Ridge,40.62939000000000078216544352471828460693359375,-74.02375000000000682121026329696178436279296875,Private room,105,1
Time Square Boutique Hotel Private Standard Room,394817730,Manhattan,Theater District,40.75950999999999879719325690530240535736083984375,-73.986940000000004147295840084552764892578125,Private room,192,1
Beautiful King Bed Hotel Room,371972456,Manhattan,Financial District,40.7057300000000026329871616326272487640380859375,-74.0056900000000013051248970441520214080810546875,Private room,239,1
"Spacious Private bath Brooklyn near F,G trains",363928053,Brooklyn,Kensington,40.64298999999999750798451714217662811279296875,-73.9796500000000065710992203094065189361572265625,Private room,54,1
"King Hotel, Room with 2 Beds & private bathroom.",422234306,Brooklyn,Sunset Park,40.648020000000002482920535840094089508056640625,-73.9998499999999950205165077932178974151611328125,Private room,152,1
Near Pace University / King Bed Hotel Room,371972456,Manhattan,Financial District,40.70448999999999983856469043530523777008056640625,-74.005570000000005848050932399928569793701171875,Private room,239,1
The Blue Velvet Underground.,263331130,Brooklyn,Bushwick,40.70100000000000051159076974727213382720947265625,-73.9185499999999962028596200980246067047119140625,Private room,64,1
Spacious Master Bedroom w. Bathroom,74488815,Queens,Astoria,40.75950999999999879719325690530240535736083984375,-73.9108800000000059071680880151689052581787109375,Private room,85,1
Near Broadway / King Bed Hotel Room,371972456,Manhattan,Financial District,40.70456999999999680994733353145420551300048828125,-74.0053599999999960346031002700328826904296875,Private room,239,1
"Beautiful, clean, Spacious room in Bushwick",128093565,Brooklyn,Bushwick,40.7028600000000011505107977427542209625244140625,-73.9190200000000032787283998914062976837158203125,Private room,91,1
Sunny private room next to Sunset Park,7722968,Brooklyn,Borough Park,40.64356000000000079808160080574452877044677734375,-73.9923299999999954934537527151405811309814453125,Private room,71,1
Beach life,58533091,Queens,St. Albans,40.69572000000000144837031257338821887969970703125,-73.751339999999999008650775067508220672607421875,Private room,135,1
Amazing Location! Private room in shared apartment,167377761,Manhattan,Two Bridges,40.7116299999999995407051756046712398529052734375,-73.9956600000000008776623872108757495880126953125,Private room,142,1
Comfy Large Room.  Private bath private entrance,275800186,Brooklyn,Bedford-Stuyvesant,40.68524000000000029331204132176935672760009765625,-73.9315299999999950841811369173228740692138671875,Private room,68,1
Beautiful King Bed Hotel Room,371972456,Manhattan,Financial District,40.7060800000000000409272615797817707061767578125,-74.00360000000000582076609134674072265625,Private room,239,1
Vintage Brooklyn Room 1 minute to Subway,251817531,Brooklyn,Bedford-Stuyvesant,40.6894800000000032014213502407073974609375,-73.954260000000004993125912733376026153564453125,Private room,90,1
Fantastic and confortable room to rest nd be quiet,393016479,Bronx,Mount Hope,40.84772000000000247155185206793248653411865234375,-73.9084500000000019781509763561189174652099609375,Private room,50,1
It's a Stunning Day in Bed-Stuy!,444889759,Brooklyn,Brownsville,40.67587999999999937017491902224719524383544921875,-73.9068400000000025329427444376051425933837890625,Private room,65,1
LARGE BEDROOM CLOSE TO MANHATTAN,284110817,Queens,Astoria,40.77091999999999671899786335416138172149658203125,-73.9248099999999936926542432047426700592041015625,Private room,66,1
"Cozy Room Newly Renovated, A1",231138233,Queens,Ridgewood,40.712209999999998899511410854756832122802734375,-73.92014000000000351064954884350299835205078125,Private room,50,1
Private room in beautiful neighborhood!,337846634,Queens,Woodhaven,40.69210000000000349018591805361211299896240234375,-73.8662700000000000954969436861574649810791015625,Private room,65,1
Lovely 2 bdrm duplex share with giant backyard,66926,Brooklyn,Bedford-Stuyvesant,40.68712000000000017507773009128868579864501953125,-73.9468700000000040972736314870417118072509765625,Private room,120,1
Modern clean private room,166713328,Queens,Ozone Park,40.67721999999999837882569408975541591644287109375,-73.8602499999999935198502498678863048553466796875,Private room,45,1
East Flathbush Brooklyn. Laundry in apartman.,281700813,Brooklyn,Flatlands,40.63065000000000281943357549607753753662109375,-73.9265599999999949432094581425189971923828125,Private room,50,1
"Cuarto limpio, tranquilo y cómodo",37847510,Queens,Kew Gardens Hills,40.7282000000000010686562745831906795501708984375,-73.827640000000002373781171627342700958251953125,Private room,61,1
Creative Artist Experience In Brooklyn,7952814,Brooklyn,Bedford-Stuyvesant,40.690010000000000900399754755198955535888671875,-73.955680000000000973159330897033214569091796875,Private room,95,1
Very clean private room in ditmas park Brooklyn,154763419,Brooklyn,Flatbush,40.641480000000001382431946694850921630859375,-73.955430000000006884874892421066761016845703125,Private room,84,1
Simple,396461379,Manhattan,Washington Heights,40.8496200000000015961632016114890575408935546875,-73.9307500000000032969182939268648624420166015625,Private room,50,1
Exclusive Standard Room at Times SQ Boutique Hotel,394817730,Manhattan,Theater District,40.76001999999999725332600064575672149658203125,-73.9855199999999939564077067188918590545654296875,Private room,192,1
Private Room near Sunset Park Area,250358007,Brooklyn,Sunset Park,40.64475999999999800138539285399019718170166015625,-74.0013900000000006684786058031022548675537109375,Private room,59,1
"Parking ! Best Location & Price, subway close !",87629139,Bronx,Mott Haven,40.807220000000000936779542826116085052490234375,-73.9210900000000066256689024157822132110595703125,Private room,115,1
TRYP by Wyndham Midtown Times Square - Sleeps 8,38592279,Manhattan,Hell's Kitchen,40.75439999999999685087459511123597621917724609375,-73.9953900000000004411049303598701953887939453125,Private room,373,1
It's a Fine Day in Bed-Stuy!,444889759,Brooklyn,Cypress Hills,40.676119999999997389750205911695957183837890625,-73.906620000000003756213118322193622589111328125,Private room,65,1
"Private, Cozy Room 10 min subway ride to Manhattan",163374912,Queens,Sunnyside,40.7405499999999989313437254168093204498291015625,-73.92595000000000027284841053187847137451171875,Private room,59,1
Home recording studio minutes from the beach!,207367268,Brooklyn,Sheepshead Bay,40.59978000000000264435584540478885173797607421875,-73.9630300000000033833202905952930450439453125,Private room,102,1
Welcome to my Oasis,334495442,Brooklyn,Bushwick,40.689830000000000609361450187861919403076171875,-73.9146400000000056706994655542075634002685546875,Private room,114,1
Kiki's Cottage,397758091,Queens,Queens Village,40.706490000000002282831701450049877166748046875,-73.7476300000000009049472282640635967254638671875,Private room,116,1
1 Private Bedroom with Queen Size bed,41339282,Queens,Elmhurst,40.746949999999998226485331542789936065673828125,-73.8737899999999996225596987642347812652587890625,Private room,55,1
"Location, Location, Location....15min to Manhattan",469081668,Queens,Ditmars Steinway,40.77168000000000347426976077258586883544921875,-73.9176599999999979218046064488589763641357421875,Private room,69,1
Exclusive Private Studio 623 | Private Bathroom,401202937,Manhattan,Midtown,40.747669999999999390638549812138080596923828125,-73.986639999999994188328855670988559722900390625,Private room,219,1
Beautiful apartment in the heart of all amenities,397743459,Brooklyn,Bedford-Stuyvesant,40.68838000000000221234586206264793872833251953125,-73.9290199999999941837813821621239185333251953125,Private room,120,1
Large room with a private roof in Park Slope!,255420742,Brooklyn,Windsor Terrace,40.65885999999999711462805862538516521453857421875,-73.984049999999996316546457819640636444091796875,Private room,67,1
Center of a lively area of Upper West Side,76901881,Manhattan,Upper West Side,40.783940000000001191438059322535991668701171875,-73.9749000000000052068571676500141620635986328125,Private room,106,1
"Times SQ., Boutique Hotel Private Room",394817730,Manhattan,Theater District,40.7608000000000032514435588382184505462646484375,-73.985489999999998644852894358336925506591796875,Private room,192,1
Private Room S in Upper Manhattan,243009708,Manhattan,Washington Heights,40.85652999999999934743755147792398929595947265625,-73.928259999999994533936842344701290130615234375,Private room,39,1
Time SQ Boutique Hotel Charming Suite,394817730,Manhattan,Hell's Kitchen,40.7614200000000010959411156363785266876220703125,-73.98718999999999823558027856051921844482421875,Private room,192,1
A+ Location (3 Studio APTs Selected at Check-in)#D,348619646,Manhattan,Midtown,40.74605999999999994543031789362430572509765625,-73.9886599999999958754415274597704410552978515625,Private room,750,1
Exclusive Private Suite at Times SQ Boutique Hotel,394817730,Manhattan,Theater District,40.7596800000000030195224098861217498779296875,-73.986119999999999663486960344016551971435546875,Private room,192,1
The west wing,247502306,Brooklyn,Williamsburg,40.7173599999999993315213941968977451324462890625,-73.956230000000005020410753786563873291015625,Private room,130,1
HUGE bedroom with Fireplace in Astoria,284110817,Queens,Astoria,40.77024000000000114596332423388957977294921875,-73.924700000000001409716787748038768768310546875,Private room,61,1
Excellent big room in cypress hills,371421385,Brooklyn,Cypress Hills,40.68507000000000317641024594195187091827392578125,-73.8719799999999935380401439033448696136474609375,Private room,54,1
Upgraded 1 bed room with beach view and Led lights,423982333,Queens,Far Rockaway,40.5951400000000006684786058031022548675537109375,-73.763000000000005229594535194337368011474609375,Private room,100,1
Boho Chic Upper East Side Private Room,10348207,Manhattan,Upper East Side,40.769260000000002719389158301055431365966796875,-73.9573199999999957299223751761019229888916015625,Private room,124,1
Hotel Room Chelsea Queen/Queen Beds,383332265,Manhattan,Chelsea,40.7471000000000032059688237495720386505126953125,-73.9927500000000009094947017729282379150390625,Private room,340,1
Cozy beautiful room in Times Square,322791021,Manhattan,Hell's Kitchen,40.7569799999999986539478413760662078857421875,-73.9930499999999966576069709844887256622314453125,Private room,118,1
Private Room with Comfy Bed in Canarsie.,235585976,Brooklyn,East Flatbush,40.6494100000000031513991416431963443756103515625,-73.920559999999994715835782699286937713623046875,Private room,47,1
Cozy room in Central Harlem,67395042,Manhattan,Harlem,40.82274000000000313548298436217010021209716796875,-73.94625999999999521605786867439746856689453125,Private room,69,1
Cosmopolitan Chelsea Quaint Room,418449940,Manhattan,Chelsea,40.7496799999999979036147124134004116058349609375,-73.995419999999995752659742720425128936767578125,Private room,117,1
Paradise on Earth minutes away to JFK,406760220,Queens,Springfield Gardens,40.662340000000000372892827726900577545166015625,-73.75736000000000558429746888577938079833984375,Private room,98,1
Paradise on Earth minutes away to JFK,406760220,Queens,Springfield Gardens,40.66107000000000226691554416902363300323486328125,-73.7573399999999992360244505107402801513671875,Private room,105,1
Exclusive Private Studio 1008 | Private Bathroom,401202937,Manhattan,Midtown,40.74831999999999965211827657185494899749755859375,-73.9871700000000060981619753874838352203369140625,Private room,102,1
Comfortably Cozy Room in Brooklyn,329271,Brooklyn,Bedford-Stuyvesant,40.685980000000000700310920365154743194580078125,-73.9305200000000013460521586239337921142578125,Private room,60,1
Chelsea Rooms Empire State,418449940,Manhattan,Chelsea,40.7492299999999971760189509950578212738037109375,-73.9964800000000053614712669514119625091552734375,Private room,117,1
Chelsea Luxury Bunkbeds for two.,418449940,Manhattan,Chelsea,40.7477999999999980218490236438810825347900390625,-73.9965300000000070212990976870059967041015625,Private room,117,1
Sweet and Neat Boutique Hotel,418449940,Manhattan,Chelsea,40.747939999999999827196006663143634796142578125,-73.9946699999999992769517120905220508575439453125,Private room,117,1
"Lovely large rental room in North Bronx, with a beautiful view to Jerome Park and, the 3.5 miles water reservoir, less than 5 minutes walk  to restaurants, shopping, Bus, subway and more!",424150408,Bronx,Kingsbridge,40.872489999999999099600245244801044464111328125,-73.900270000000006120899342931807041168212890625,Private room,79,1
Hotel Room Queen/Queen Bed,383332265,Manhattan,Midtown,40.74580999999999875171852181665599346160888671875,-73.9904800000000051340975915081799030303955078125,Private room,340,1
Prime Manhattan Location,365090021,Manhattan,Harlem,40.826470000000000482032191939651966094970703125,-73.9468200000000024374458007514476776123046875,Private room,61,1
Beautiful Basement Room near Prospect park NYC,411936329,Brooklyn,Prospect-Lefferts Gardens,40.66163999999999845158527023158967494964599609375,-73.940820000000002210072125308215618133544921875,Private room,67,1
Superior @ The Box House Hotel,417504,Brooklyn,Greenpoint,40.7382300000000014961187844164669513702392578125,-73.9549200000000013233147910796105861663818359375,Private room,179,1
Cozy bunk bedroom 5 mins away from La Guardia,376764698,Queens,East Elmhurst,40.75695999999999941110218060202896595001220703125,-73.8972600000000028330759960226714611053466796875,Private room,45,1
Relaxing room near JFK,381374171,Queens,South Ozone Park,40.67119000000000283989720628596842288970947265625,-73.8124700000000046884451876394450664520263671875,Private room,70,1
Private bedroom. Your home away from home,122372251,Manhattan,East Harlem,40.79279999999999972715158946812152862548828125,-73.9444799999999986539478413760662078857421875,Private room,89,1
Lovely privet room,425779086,Queens,Maspeth,40.72270999999999929741534288041293621063232421875,-73.893720000000001846274244599044322967529296875,Private room,65,1
Vibe JFK•Casino•Beach,133197429,Queens,Ozone Park,40.6714300000000008594724931754171848297119140625,-73.8405699999999995952748577110469341278076171875,Private room,95,1
Master Bedroom w. Bathroom,74488815,Queens,Astoria,40.7683200000000027785063139162957668304443359375,-73.9250300000000066802385845221579074859619140625,Private room,75,1
Spacious and Lovely One Bedroom,68995107,Manhattan,Harlem,40.80810000000000314912540488876402378082275390625,-73.947079999999999699866748414933681488037109375,Private room,100,1
Cheerful  room in a 3 bedroom home with a hot tub,111293940,Brooklyn,Bedford-Stuyvesant,40.682400000000001227817847393453121185302734375,-73.95184000000000423824531026184558868408203125,Private room,71,1
Beautiful and clean private bedroom,74488815,Queens,Astoria,40.76859999999999928377292235381901264190673828125,-73.9296800000000047248249757103621959686279296875,Private room,57,1
♥ Perfect Getaway in Stunning Rental ♥,374576747,Bronx,Parkchester,40.8378900000000015779733075760304927825927734375,-73.86862999999999601641320623457431793212890625,Private room,109,1
"SPACIOUS PRIVATE ROOM!!!, 30 mins to Manhattan",257487417,Brooklyn,Midwood,40.62763000000000346290107700042426586151123046875,-73.9634199999999992769517120905220508575439453125,Private room,68,1
A Quiet Cabin/Pod in a noisy city.,155440053,Manhattan,Chelsea,40.74933999999999656438376405276358127593994140625,-73.996700000000004138200893066823482513427734375,Private room,100,1
Superior @ The Box House Hotel,417504,Brooklyn,Greenpoint,40.7368799999999993133315001614391803741455078125,-73.953440000000000509317032992839813232421875,Private room,179,1
Hotel Room Chelsea King Bed,383332265,Manhattan,Chelsea,40.74625999999999947931428323499858379364013671875,-73.9907199999999960482455207966268062591552734375,Private room,340,1
"Sohotel, Jr Suite King",266797018,Manhattan,Lower East Side,40.71829999999999927240423858165740966796875,-73.9935899999999975307218846864998340606689453125,Private room,353,1
Lovely private bedroom with great amenities.,421792224,Brooklyn,Bedford-Stuyvesant,40.691969999999997753548086620867252349853515625,-73.9384500000000031150193535722792148590087890625,Private room,49,1
Spacious room by the prospect park,424459512,Brooklyn,Prospect-Lefferts Gardens,40.6574600000000003774403012357652187347412109375,-73.961939999999998462953954003751277923583984375,Private room,50,1
Luxury Master Suite + Movie Theater,301831302,Manhattan,Washington Heights,40.83095999999999747842593933455646038055419921875,-73.9407800000000037243808037601411342620849609375,Private room,275,1
Near Airport LGA Comfortable! Bright Self Check-in,346903753,Queens,East Elmhurst,40.7654399999999981218934408389031887054443359375,-73.877170000000006666596163995563983917236328125,Private room,58,1
Your Exclusive  STAY  at Times SQ  Boutique Hotel,394817730,Manhattan,Hell's Kitchen,40.76174999999999926103555480949580669403076171875,-73.9873500000000063892002799548208713531494140625,Private room,192,1
Private Room Near Airport LGA Self Check-In Bright,346903753,Queens,East Elmhurst,40.76510999999999995679900166578590869903564453125,-73.8760199999999969122654874809086322784423828125,Private room,58,1
Swanky King Bed/ Hotel Room,383332265,Manhattan,Chelsea,40.74781999999999726469468441791832447052001953125,-73.990530000000006793925422243773937225341796875,Private room,326,1
Beautiful King Bed Hotel Room,371972456,Manhattan,Financial District,40.70660000000000167119651450775563716888427734375,-74.0040800000000018599166651256382465362548828125,Private room,239,1
Beautiful King Bed Hotel Room,371972456,Manhattan,Financial District,40.70479999999999876081346883438527584075927734375,-74.0056900000000013051248970441520214080810546875,Private room,239,1
"Lovely 1 bedroom, spacious and neat.",74488815,Queens,Astoria,40.7684899999999998954081092961132526397705078125,-73.9241200000000020509105524979531764984130859375,Private room,58,1
Beautiful King Bed Hotel Room,371972456,Manhattan,Financial District,40.7060000000000030695446184836328029632568359375,-74.0057900000000046247805585153400897979736328125,Private room,239,1
Out of this🌎 Hospitality in NY 2 minutes from LGA✈️,380446280,Queens,East Elmhurst,40.759219999999999117790139280259609222412109375,-73.882599999999996498445398174226284027099609375,Private room,76,1
Boutique Hotel with Bunkbeds,418449940,Manhattan,Chelsea,40.74858100000000149520928971469402313232421875,-73.9956509999999951787685859017074108123779296875,Private room,117,1
Trendy Chelsea Hotel,418449940,Manhattan,Chelsea,40.74907999999999930196281638927757740020751953125,-73.9944600000000036743585951626300811767578125,Private room,119,1
Spacious private room 2 ( 30 minutes to Manhattan),257487417,Brooklyn,Midwood,40.627780000000001336957211606204509735107421875,-73.9622200000000020736479200422763824462890625,Private room,50,1
Private Room in West Village,36057973,Manhattan,West Village,40.73129999999999739657141617499291896820068359375,-74.004739999999998190105543471872806549072265625,Private room,100,1
Welcome to a 1 bedroom in Chelsea New York,418449940,Manhattan,Chelsea,40.74858100000000149520928971469402313232421875,-73.9956509999999951787685859017074108123779296875,Private room,117,1
Cozy Modest Private Room 15-Min from Times Square,251455701,Queens,Sunnyside,40.7481599999999986039256327785551548004150390625,-73.91491999999999507053871639072895050048828125,Private room,180,1
Exclusive Private Suite at Times SQ Boutique Hotel,394817730,Manhattan,Hell's Kitchen,40.7611500000000006593836587853729724884033203125,-73.9872500000000030695446184836328029632568359375,Private room,192,1
Beautiful bedroom with private bathroom,382191358,Bronx,Parkchester,40.83344000000000306727088172920048236846923828125,-73.8675700000000006184563972055912017822265625,Private room,200,1
PEACEFUL AND MODERN SPACIOUS PRIVATE ROOM,31410393,Brooklyn,Flatlands,40.62856000000000022964741219766438007354736328125,-73.92014000000000351064954884350299835205078125,Private room,58,1
Boutique and Trendy Chelsea Hotel,418449940,Manhattan,Chelsea,40.74882000000000203954186872579157352447509765625,-73.9947599999999994224708643741905689239501953125,Private room,117,1
Queen Queen Hotel Room,383332265,Manhattan,Chelsea,40.74725000000000108002495835535228252410888671875,-73.992400000000003501554601825773715972900390625,Private room,340,1
Cozy Hotel in the heart of Chelsea,418449940,Manhattan,Chelsea,40.74858100000000149520928971469402313232421875,-73.9956509999999951787685859017074108123779296875,Private room,117,1
1- Room Renting in Beautiful Apartment Near Subway,128629269,Queens,Astoria,40.76762999999999692590790800750255584716796875,-73.9241300000000052250470616854727268218994140625,Private room,100,1
Lovely one bedroom rental unit in Queens,74488815,Queens,Astoria,40.7662499999999994315658113919198513031005859375,-73.923460000000005720721674151718616485595703125,Private room,52,1
Chelsea Rooms Unique Hotel,418449940,Manhattan,Chelsea,40.74750000000000227373675443232059478759765625,-73.9947300000000041109160520136356353759765625,Private room,118,1
Homey lovely,244116720,Bronx,Throgs Neck,40.827719999999999345163814723491668701171875,-73.8192999999999983629095368087291717529296875,Private room,80,1
Chelsea New York Hip Hotel,418449940,Manhattan,Chelsea,40.74857999999999691453922423534095287322998046875,-73.9956499999999977035258780233561992645263671875,Private room,117,1
XL Comfort Room.,55948559,Bronx,Pelham Gardens,40.867040000000002919477992691099643707275390625,-73.8416399999999981673681759275496006011962890625,Private room,45,1
Natural Light & Comfy twin bed,368722719,Manhattan,Upper West Side,40.8015299999999996316546457819640636444091796875,-73.970339999999993096935213543474674224853515625,Private room,75,1
"cozy bedroom a
5 minis away from La guardia",376764698,Queens,East Elmhurst,40.7571200000000004592948243953287601470947265625,-73.8977200000000067348082666285336017608642578125,Private room,45,1
Chelsea New York Hip Hotel,418449940,Manhattan,Chelsea,40.74940000000000139834810397587716579437255859375,-73.996679999999997789927874691784381866455078125,Private room,118,1
Private Room in Prospect Heights!,374804480,Brooklyn,Crown Heights,40.67528999999999683723217458464205265045166015625,-73.9587099999999963984009809792041778564453125,Private room,80,1
No Cleaning Fees Private Room w/ backyard,263331130,Brooklyn,Bushwick,40.6994600000000019690560293383896350860595703125,-73.9203499999999991132426657713949680328369140625,Private room,88,1
Hotel Room King Bed Chelsea,383332265,Manhattan,Chelsea,40.74783000000000043883119360543787479400634765625,-73.9926300000000054524207371287047863006591796875,Private room,326,1
Energy ²     JFK•Casino•Beach,133197429,Queens,Ozone Park,40.67186000000000234422259381972253322601318359375,-73.8423399999999929832483758218586444854736328125,Private room,100,1
"Cozy Room -near Montefiore,WIFI,AC -25 min to NYC",262060162,Bronx,Olinville,40.88065999999999888814272708259522914886474609375,-73.86597000000000434738467447459697723388671875,Private room,69,1
Large Bedroom w/ En-suite Bathroom & Private Entry,34353017,Staten Island,Tompkinsville,40.6298799999999999954525264911353588104248046875,-74.08638999999999441570253111422061920166015625,Private room,98,1
Standard Charm Suite at Times SQ Boutique Hotel,394817730,Manhattan,Hell's Kitchen,40.76169999999999760120772407390177249908447265625,-73.9869599999999962847141432575881481170654296875,Private room,192,1
A+ Location Superior Studio,348619646,Manhattan,Midtown,40.746160000000003265085979364812374114990234375,-73.986819999999994479367160238325595855712890625,Private room,140,1
Exclusive Queen Stay  at  SQ Boutique Hotel,394817730,Manhattan,Theater District,40.7616000000000013869794202037155628204345703125,-73.9851799999999997226041159592568874359130859375,Private room,196,1
Boutique Hotel Times SQ King Size Room,394817730,Manhattan,Theater District,40.76169999999999760120772407390177249908447265625,-73.9851900000000028967406251467764377593994140625,Private room,201,1
Home away from Home,403061977,Bronx,North Riverdale,40.91138000000000118916432256810367107391357421875,-73.89677000000000361978891305625438690185546875,Private room,120,1
Deluxe Private Queen boutique Hotel 55th Fifth Ave,394817730,Manhattan,Midtown,40.76332000000000022055246517993509769439697265625,-73.9772600000000011277734301984310150146484375,Private room,178,1
TRYP by Wyndham - Luxury that sleeps 6 - Midtown,38592279,Manhattan,Hell's Kitchen,40.754130000000003519744495861232280731201171875,-73.9936000000000007048583938740193843841552734375,Private room,371,1
Charming Queen Suite 55th&Fifth Ave Boutique Hotel,394817730,Manhattan,Midtown,40.763700000000000045474735088646411895751953125,-73.9772200000000026420821086503565311431884765625,Private room,178,1
"room near R,M subway  in Queens,New York",140241933,Queens,Astoria,40.75494640000000146073944051750004291534423828125,-73.913163599999990083233569748699665069580078125,Private room,90,1
Beautiful private room with breakfast(self make),217326324,Brooklyn,Bedford-Stuyvesant,40.68182999999999793772076372988522052764892578125,-73.95287999999999328792910091578960418701171875,Private room,175,1
Premium Queen Room Theater District Boutique Hotel,394817730,Manhattan,Midtown,40.76368000000000080262907431460916996002197265625,-73.9761199999999945475792628712952136993408203125,Private room,178,1
Charming Twin Room at Times SQ Boutique Hotel,394817730,Manhattan,Hell's Kitchen,40.7612299999999976307663018815219402313232421875,-73.9871399999999965757524478249251842498779296875,Private room,201,1
Fifth Avenue Boutique Hotel Private Queen Stay.,394817730,Manhattan,Midtown,40.76319000000000158934199134819209575653076171875,-73.976979999999997517079464159905910491943359375,Private room,178,1
A small room in a luxury condo,90417316,Queens,Long Island City,40.7516499999999979308995534665882587432861328125,-73.937150000000002592059900052845478057861328125,Private room,70,1
Exclusive Deluxe  Suite Times SQ Boutique Hotel,394817730,Manhattan,Theater District,40.75965000000000060254023992456495761871337890625,-73.985579999999998790372046642005443572998046875,Private room,192,1
Exclusive Private Queen at Times SQ Boutique Hotel,394817730,Manhattan,Theater District,40.75965999999999667124939151108264923095703125,-73.987110000000001264197635464370250701904296875,Private room,196,1
"Safe and Sweet, Bright East Harlem",395965505,Manhattan,East Harlem,40.78576000000000334466676576994359493255615234375,-73.9444799999999986539478413760662078857421875,Private room,62,1
Queen of Charm Suite at Times SQ Boutique Hotel,394817730,Manhattan,Theater District,40.75992000000000103909769677557051181793212890625,-73.9871700000000060981619753874838352203369140625,Private room,196,1
3 bedrooms in East Village Apartment,2495677,Manhattan,East Village,40.72628999999999876990841585211455821990966796875,-73.987660000000005311449058353900909423828125,Private room,450,1
Times SQ Exclusive Queen Charm Boutique Hotel,394817730,Manhattan,Theater District,40.760210000000000718500814400613307952880859375,-73.9854299999999938108885544352233409881591796875,Private room,196,1
Queens home with easy shopping and city access,388056806,Queens,Briarwood,40.706760000000002719389158301055431365966796875,-73.8136899999999940291672828607261180877685546875,Private room,62,1
Luxury Room with Balcony Mars Room,8387407,Brooklyn,East Flatbush,40.63759999999999905639924691058695316314697265625,-73.946899999999999408828443847596645355224609375,Private room,70,1
Deluxe Private Room at Times Square Boutique Hotel,394817730,Manhattan,Theater District,40.76104000000000127101884572766721248626708984375,-73.985489999999998644852894358336925506591796875,Private room,192,1
Deluxe Two Double Beds Times Square View,397872858,Manhattan,Theater District,40.762169999999997571649146266281604766845703125,-73.98300000000000409272615797817707061767578125,Private room,269,1
Arlo Midtown - Two Double Room,397160899,Manhattan,Hell's Kitchen,40.7565799999999995861799106933176517486572265625,-73.9926799999999929013938526622951030731201171875,Private room,239,1
Hudson River View King Bed at Higher Floor,397872858,Manhattan,Theater District,40.761899999999997135091689415276050567626953125,-73.9845399999999955298335407860577106475830078125,Private room,247,1
Private Studio Room,17889038,Queens,Ridgewood,40.70154000000000138470568344928324222564697265625,-73.896039999999999281499185599386692047119140625,Private room,90,1
"Private Queen Suite Times SQ, Boutique Hotel",394817730,Manhattan,Theater District,40.75974000000000074805939220823347568511962890625,-73.9858799999999945384843158535659313201904296875,Private room,196,1
ROOM w Garden view & updated kitchen in S. Slope,14840359,Brooklyn,Windsor Terrace,40.65888000000000346290107700042426586151123046875,-73.9846600000000051977622206322848796844482421875,Private room,76,1
Private Bathroom with Room,8387407,Brooklyn,East Flatbush,40.63745999999999725105226389132440090179443359375,-73.9453299999999984493115334771573543548583984375,Private room,70,1
1 Bedroom in Recently Renovated Apartment in LIC,349624504,Queens,Long Island City,40.7429300000000012005330063402652740478515625,-73.9501699999999999590727384202182292938232421875,Private room,750,1
Superior @ The Box House Hotel,417504,Brooklyn,Greenpoint,40.7387599999999991950971889309585094451904296875,-73.953000000000002955857780762016773223876953125,Private room,179,1
Private comfy room steps away from JFK Airport,391440782,Queens,Rosedale,40.6552199999999999135980033315718173980712890625,-73.7354600000000033332980819977819919586181640625,Private room,80,1
Times Sq & Central Park Queen Suite Boutique Hotel,394817730,Manhattan,Midtown,40.76371999999999928832039586268365383148193359375,-73.975539999999995188773027621209621429443359375,Private room,184,1
"Modern Private Room, 25 mins to MANHATTAN 1",231138233,Queens,Ridgewood,40.7115000000000009094947017729282379150390625,-73.9183100000000052887116908095777034759521484375,Private room,53,1
"Cozy Room newly renovated house, 2",231138233,Queens,Ridgewood,40.710970000000003210516297258436679840087890625,-73.9185499999999962028596200980246067047119140625,Private room,48,1
"Cozy Room newly renovated house, 3",231138233,Queens,Ridgewood,40.7124900000000025102053768932819366455078125,-73.920150000000006684786058031022548675537109375,Private room,52,1
Comfort Big Room Near Airport  Restaurant & shops,392360860,Queens,St. Albans,40.69986999999999710553311160765588283538818359375,-73.755279999999999063220457173883914947509765625,Private room,200,1
Lovely Private Room with Office in Heart of Brooke,299930452,Brooklyn,Bedford-Stuyvesant,40.689019999999999299689079634845256805419921875,-73.9331700000000040517988963983952999114990234375,Private room,500,1
Home away from Home: Serenity,347560493,Queens,East Elmhurst,40.7621299999999990859578247182071208953857421875,-73.873009999999993624442140571773052215576171875,Private room,49,1
Small Cozy Private Room in shared apartment in Brooklyn,223558519,Brooklyn,Prospect-Lefferts Gardens,40.6582300000000032014213502407073974609375,-73.956019999999995206962921656668186187744140625,Private room,50,1
Private room in Greenpoint (2 min from subway),2493847,Brooklyn,Greenpoint,40.7317699999999973670128383673727512359619140625,-73.951580000000006975824362598359584808349609375,Private room,70,1
Beautiful Basement room near Prospect park,411936329,Brooklyn,Prospect-Lefferts Gardens,40.66199000000000296495272777974605560302734375,-73.941090000000002646629582159221172332763671875,Private room,67,1
Eccentric and Comfy East Village Apt,88929878,Manhattan,East Village,40.7223699999999979581843945197761058807373046875,-73.97642999999999346982804127037525177001953125,Private room,133,1
1 bedroom shared Space close to LaGuardia airport,404960164,Queens,East Elmhurst,40.7616900000000015324985724873840808868408203125,-73.8823000000000007503331289626657962799072265625,Private room,51,1
Deluxe Standard Suite at Times SQ Boutique Hotel,394817730,Manhattan,Theater District,40.76100000000000278532752417959272861480712890625,-73.9852599999999966939867590554058551788330078125,Private room,192,1
Hotel Room King Bed Chelsea,383332265,Manhattan,Chelsea,40.7460099999999982856024871580302715301513671875,-73.9909200000000026875568437390029430389404296875,Private room,340,1
Lovely Bedroom to Stay in Brooklyn NYC,411936329,Brooklyn,Prospect-Lefferts Gardens,40.66085000000000349018591805361211299896240234375,-73.9430200000000041882231016643345355987548828125,Private room,67,1
Hotel Room King Bed Chelsea,383332265,Manhattan,Chelsea,40.74741999999999819692675373516976833343505859375,-73.9927799999999962210495141334831714630126953125,Private room,340,1
420 Friendly Private Room @BrooklynCosmicGarden,96202808,Brooklyn,Bedford-Stuyvesant,40.67811999999999983401721692644059658050537109375,-73.9371699999999947294782032258808612823486328125,Private room,258,1
Boutique Hotel Times SQ Queen Private  Deluxe,394817730,Manhattan,Theater District,40.75974999999999681676854379475116729736328125,-73.985330000000004702087608166038990020751953125,Private room,196,1
"Stunning, Safe Central Park Upper West Side",395949423,Manhattan,Upper West Side,40.79424999999999812416717759333550930023193359375,-73.96345999999999776264303363859653472900390625,Private room,65,1
Charming Queen Deluxe at Time SQ Boutique Hotel,394817730,Manhattan,Theater District,40.76013999999999981582732289098203182220458984375,-73.985309999999998353814589790999889373779296875,Private room,196,1
Beautiful room with lofted bed and huge backyard,146614700,Brooklyn,Williamsburg,40.71533000000000157569957082159817218780517578125,-73.94315000000000281943357549607753753662109375,Private room,75,1
"Charming Private Room at Times SQ, Boutique Hotel.",394817730,Manhattan,Theater District,40.76127000000000322188498103059828281402587890625,-73.98574999999999590727384202182292938232421875,Private room,192,1
Not available,204704622,Queens,Elmhurst,40.7451200000000000045474735088646411895751953125,-73.872919999999993478922988288104534149169921875,Private room,35,1
Exclusive Private Duplex 862 | Private Bathroom,401202937,Manhattan,Midtown,40.74813000000000329237082041800022125244140625,-73.987200000000001409716787748038768768310546875,Private room,171,1
Private room in queens,166713328,Queens,Ozone Park,40.67721000000000231011654250323772430419921875,-73.8597299999999989950083545409142971038818359375,Private room,36,1
Stylish private 1 bedroom in the center of the LES,40805731,Manhattan,Lower East Side,40.72066000000000229874785873107612133026123046875,-73.988370000000003301465767435729503631591796875,Private room,88,1
Room w/private bath in Manhattan NYC!,183038816,Manhattan,Lower East Side,40.7165600000000011959855328314006328582763671875,-73.9892300000000062709659687243402004241943359375,Private room,120,1
Deluxe Private Suite at Times SQ Boutique Hotel,394817730,Manhattan,Hell's Kitchen,40.76167000000000228965291171334683895111083984375,-73.98736999999999852661858312785625457763671875,Private room,192,1
Hotel Room King Bed Chelsea,383332265,Manhattan,Chelsea,40.7477999999999980218490236438810825347900390625,-73.992040000000002919477992691099643707275390625,Private room,326,1
Kasa | Steps to Broadway | Times Square,88566861,Manhattan,Hell's Kitchen,40.76017999999999830151864443905651569366455078125,-73.990780000000000882209860719740390777587890625,Private room,181,1
Rooms near Hells Kitchen Overlooking Hudson River,397872858,Manhattan,Theater District,40.7622199999999992314769770018756389617919921875,-73.9844800000000049067239160649478435516357421875,Private room,261,1
♥☆Private One Bedroom | Train+Fast WiFi+Parking♥☆,34177401,Brooklyn,East New York,40.6756299999999981764631229452788829803466796875,-73.8780900000000002592059900052845478057861328125,Private room,39,1
Peaceful top bedroom in bungalow w/ patio & sauna,681225,Queens,Rockaway Beach,40.58809999999999718056642450392246246337890625,-73.814269999999993387973518110811710357666015625,Private room,104,1
Hotel Room King Bed Chelsea,383332265,Manhattan,Chelsea,40.746409999999997353370417840778827667236328125,-73.9905499999999989313437254168093204498291015625,Private room,340,1
Hotel Room King Bed Chelsea,383332265,Manhattan,Chelsea,40.74766000000000332192939822562038898468017578125,-73.9922700000000048703441279940307140350341796875,Private room,340,1
Hotel Room King Bed Chelsea,383332265,Manhattan,Chelsea,40.74560000000000314912540488876402378082275390625,-73.9920800000000014051693142391741275787353515625,Private room,340,1
Cozy stay in Clinton Hill  Downtown Brooklyn,313011393,Brooklyn,Bedford-Stuyvesant,40.69462999999999652800397598184645175933837890625,-73.960340000000002191882231272757053375244140625,Private room,50,1
Private Room L in Upper Manhattan,243009708,Manhattan,Washington Heights,40.85730000000000217141860048286616802215576171875,-73.929540000000002919477992691099643707275390625,Private room,59,1
Central Park Cute Cozy Private Room,53686964,Manhattan,Upper East Side,40.77138000000000062073013396002352237701416015625,-73.9543100000000066529537434689700603485107421875,Private room,87,1
Hotel Room King Bed Chelsea,383332265,Manhattan,Chelsea,40.7462799999999987221599440090358257293701171875,-73.9906600000000054251358960755169391632080078125,Private room,340,1
BLUE NEON LOCKED PRIVATE ROOM W/ TV,253332603,Brooklyn,Bedford-Stuyvesant,40.6775200000000012323653209023177623748779296875,-73.922280000000000654836185276508331298828125,Private room,73,1
Lovely Huge 2br rental in 3br apartment Brighton,404556757,Brooklyn,Brighton Beach,40.577089999999998326529748737812042236328125,-73.966620000000006029949872754514217376708984375,Private room,691,1
"Safe and Sweet, Stellar East Harlem",395965505,Manhattan,East Harlem,40.78692000000000206227923627011477947235107421875,-73.9426799999999957435647957026958465576171875,Private room,58,1
Standard Charming Suite at times SQ Boutique Hotel,394817730,Manhattan,Theater District,40.760030000000000427462509833276271820068359375,-73.9854700000000065074345911853015422821044921875,Private room,192,1
Kasa | Hells Kitchen Haven | Times Square,88566861,Manhattan,Hell's Kitchen,40.76241999999999876536094234324991703033447265625,-73.9923399999999986675902619026601314544677734375,Private room,196,1
Cozy Room on Brighton Beach,250263013,Brooklyn,Brighton Beach,40.57699000000000211230144486762583255767822265625,-73.965450000000004138200893066823482513427734375,Private room,79,1
Small oasis,42814202,Queens,Jamaica Estates,40.7269000000000005456968210637569427490234375,-73.780879999999996243786881677806377410888671875,Private room,162,1
Kasa | Walk to Rockefeller Center | Times Square,88566861,Manhattan,Hell's Kitchen,40.76174999999999926103555480949580669403076171875,-73.9928100000000057434590416960418224334716796875,Private room,212,1
TRYP by Wyndham - Sleeps 6 - Midtown /Times Square,38592279,Manhattan,Hell's Kitchen,40.75278999999999740566636319272220134735107421875,-73.9936500000000023646862246096134185791015625,Private room,371,1
Cozy room in shared apartment near major trains,43601655,Brooklyn,Bedford-Stuyvesant,40.68133999999999872443368076346814632415771484375,-73.911280000000004974936018697917461395263671875,Private room,40,1
TRYP by Wyndham -Times Square / Midtown - sleeps4,38592279,Manhattan,Hell's Kitchen,40.754739999999998190105543471872806549072265625,-73.994360000000000354702933691442012786865234375,Private room,280,1
A cozy private room in a 3 bedroom apt   3rd floor,257640921,Bronx,Clason Point,40.81320199999999687179297325201332569122314453125,-73.8606869999999986475813784636557102203369140625,Private room,50,1
Perfect Get Away,406446693,Queens,Jamaica,40.68287000000000119825926958583295345306396484375,-73.773719999999997298800735734403133392333984375,Private room,100,1
"Penthouse Suite in hotel in West Midtown, NYC",395781469,Manhattan,Midtown,40.7654399999999981218934408389031887054443359375,-73.9802600000000012414602679200470447540283203125,Private room,600,1
Private room in shared artist loft in Williamsburg,24516141,Brooklyn,Williamsburg,40.71746999999999871988620725460350513458251953125,-73.9646500000000060026650317013263702392578125,Private room,300,1
It's a Beautiful Day in Bed-Stuy!,444889759,Brooklyn,Bedford-Stuyvesant,40.677559999999999718056642450392246246337890625,-73.908109999999993533492670394480228424072265625,Private room,65,1
Full/Double bed in East Village Apartment,2495677,Manhattan,East Village,40.72852999999999923375071375630795955657958984375,-73.98836000000000012732925824820995330810546875,Private room,130,1
Beautiful Room 30min to Manhattan,41232114,Queens,Jackson Heights,40.75551999999999708279574406333267688751220703125,-73.8727099999999978763298713602125644683837890625,Private room,49,1
Private Room in Historic House with Yard,263331130,Brooklyn,Bushwick,40.70002000000000208501660381443798542022705078125,-73.920109999999993988240021280944347381591796875,Private room,53,1
Deluxe Standard Charm at Times SQ Boutique Hotel,394817730,Manhattan,Theater District,40.75948000000000348563844454474747180938720703125,-73.985320000000001527951098978519439697265625,Private room,192,1
Hotel Room King Bed Chelsea,383332265,Manhattan,Chelsea,40.74745999999999668261807528324425220489501953125,-73.99088000000000420186552219092845916748046875,Private room,340,1
Hotel Room King Bed Chelsea,383332265,Manhattan,Chelsea,40.74692999999999898363967076875269412994384765625,-73.992739999999997735358192585408687591552734375,Private room,340,1
Bedstuy - Cozy Room #1,25608298,Brooklyn,Bedford-Stuyvesant,40.6933599999999984220266924239695072174072265625,-73.9417499999999989768184605054557323455810546875,Private room,50,1
Spacious TS Ball Drop Overlooking View Higher Fl,397872858,Manhattan,Theater District,40.7632899999999978035702952183783054351806640625,-73.9828700000000054615156841464340686798095703125,Private room,265,1
Hotel Room King Bed Chelsea,383332265,Manhattan,Chelsea,40.74761000000000166210156749002635478973388671875,-73.991299999999995407051756046712398529052734375,Private room,340,1
"Free Parking, Habitación/Apartamento Turístico",223087887,Queens,Corona,40.73766326904296875,-73.86444854736328125,Private room,75,1
Cozy room available in Astoria-15 min to the city,313257412,Queens,Astoria,40.76174999999999926103555480949580669403076171875,-73.9170100000000047657522372901439666748046875,Private room,128,1
Two Double Beds Premier Times Square View High Fl,397872858,Manhattan,Theater District,40.7622199999999992314769770018756389617919921875,-73.98444000000000642103259451687335968017578125,Private room,280,1
Hotel Room Queen/Queen Beds Chelsea,383332265,Manhattan,Chelsea,40.7459300000000013142198440618813037872314453125,-73.9920699999999982310328050516545772552490234375,Private room,340,1
Amazing 19th story Appartmemt at upper west side!,368276707,Manhattan,Upper West Side,40.7933799999999990859578247182071208953857421875,-73.9701299999999974943420966155827045440673828125,Private room,60,1
Newly Furnished Bedroom Currently At Low Price!,28722667,Brooklyn,Flatlands,40.6224399999999974397724145092070102691650390625,-73.9240300000000019053914002142846584320068359375,Private room,79,1
"""Solitude Bedroom Short Distance To Yankee Stadium",365301635,Bronx,Mount Eden,40.83773999999999659848981536924839019775390625,-73.9171500000000065710992203094065189361572265625,Private room,80,1
Cozy bedroom to 20 minut a airport guardia,376764698,Queens,East Elmhurst,40.75706000000000273075784207321703433990478515625,-73.8982799999999997453414835035800933837890625,Private room,45,1
59th,346283145,Brooklyn,East Flatbush,40.65010000000000189857018995098769664764404296875,-73.92050000000000409272615797817707061767578125,Private room,60,1
Arlo Midtown - Accessible King Room,397160899,Manhattan,Hell's Kitchen,40.7550700000000034606273402459919452667236328125,-73.994969999999995025063981302082538604736328125,Private room,189,1
Midtown West Private Room-weekly/monthly available,16480700,Manhattan,Hell's Kitchen,40.76189000000000106638253782875835895538330078125,-73.991029999999994970494299195706844329833984375,Private room,217,1
Arlo Midtown - King City Room,397160899,Manhattan,Hell's Kitchen,40.75688000000000243971953750587999820709228515625,-73.9933400000000034424374462105333805084228515625,Private room,239,1
Arlo Midtown - King Room,397160899,Manhattan,Hell's Kitchen,40.756720000000001391526893712580204010009765625,-73.99452999999999747160472907125949859619140625,Private room,199,1
Serene and Comfortable Bedroom,212058279,Brooklyn,Flatlands,40.6295300000000025875124265439808368682861328125,-73.9468700000000040972736314870417118072509765625,Private room,60,1
Private King Room 55th & 5th Ave  Boutique Hotel.,394817730,Manhattan,Midtown,40.76203000000000287172952084802091121673583984375,-73.9758599999999972851583152078092098236083984375,Private room,188,1
Bright private Room  in  Cozy Apartment,401904837,Brooklyn,Bushwick,40.688119999999997844497556798160076141357421875,-73.914410000000003719833330251276493072509765625,Private room,67,1
Beautiful shared Apt on Waterfront!,347139856,Queens,Astoria,40.77669999999999816964191268198192119598388671875,-73.9337100000000049249138101004064083099365234375,Private room,99,1
"PURPLE COZY PRIVATE ROOM W/TV, SMOKING ALLOWED",253332603,Brooklyn,Crown Heights,40.6757199999999983219822752289474010467529296875,-73.9236800000000044974513002671301364898681640625,Private room,85,1
Newly renovated room in the heart of Astoria!,313257412,Queens,Astoria,40.763599999999996725819073617458343505859375,-73.91671999999999798092176206409931182861328125,Private room,128,1
Great Room Manhattan,400013151,Manhattan,Kips Bay,40.74327000000000253976395470090210437774658203125,-73.981459999999998444764059968292713165283203125,Private room,109,1
Theater Time Private Queen Room Boutique Hotel NYC,394817730,Manhattan,Midtown,40.7614099999999979218046064488589763641357421875,-73.9772600000000011277734301984310150146484375,Private room,184,1
Queen Suite at Time SQ Boutique Hotel,394817730,Manhattan,Hell's Kitchen,40.76160999999999745568857179023325443267822265625,-73.986670000000003710738383233547210693359375,Private room,196,1
Short walk to Central Park/5th Ave/Radio City,397872858,Manhattan,Theater District,40.76176000000000243517206399701535701751708984375,-73.9839300000000008594724931754171848297119140625,Private room,245,1
Cozy Room MED/Nurse/student Special,11379822,Bronx,Mount Hope,40.84534000000000020236257114447653293609619140625,-73.90420000000000300133251585066318511962890625,Private room,48,1
Cozy and Clean Convenience  Harlem Gem,368901342,Manhattan,Harlem,40.817329999999998335624695755541324615478515625,-73.9382499999999964757080306299030780792236328125,Private room,200,1
Center of Times Square with Ball Drop View,397872858,Manhattan,Theater District,40.7617699999999985038812155835330486297607421875,-73.982650000000006684786058031022548675537109375,Private room,254,1
Beautiful cozy room jfk/ lga  Airport,179951095,Queens,Richmond Hill,40.69501000000000345835360349155962467193603515625,-73.8256200000000006866684998385608196258544921875,Private room,68,1
Arlo Midtown - Accessible Two Double Room,397160899,Manhattan,Hell's Kitchen,40.754919999999998481143848039209842681884765625,-73.99452999999999747160472907125949859619140625,Private room,239,1
Arlo Midtown - King UrbanRoom,397160899,Manhattan,Hell's Kitchen,40.75638000000000005229594535194337368011474609375,-73.99299999999999499777914024889469146728515625,Private room,208,1
Private 5th Ave 55th St. King Room Boutique Hotel,394817730,Manhattan,Midtown,40.76332000000000022055246517993509769439697265625,-73.9754999999999967030817060731351375579833984375,Private room,188,1
Water View King Bed Hotel Room,371972456,Manhattan,Financial District,40.7044599999999974215825204737484455108642578125,-74.005439999999993005985743366181850433349609375,Private room,239,1
Newly Renovated Master Suite w/ Private Entry,34353017,Staten Island,Tompkinsville,40.62836999999999676447259844280779361724853515625,-74.0860799999999954934537527151405811309814453125,Private room,102,1
Newly renovated clean and accessible to transport,72400000,Bronx,Parkchester,40.82985999999999648935045115649700164794921875,-73.876090000000004920366336591541767120361328125,Private room,65,1
Lovely Room in fort Washington,325451328,Manhattan,Washington Heights,40.83628999999999820147422724403440952301025390625,-73.9441900000000060799720813520252704620361328125,Private room,70,1
Luxurious room Near JFK,381374171,Queens,South Ozone Park,40.67287999999999925648808130063116550445556640625,-73.8125500000000016598278307355940341949462890625,Private room,70,1
The Miami Connection,263331130,Brooklyn,Bushwick,40.6998099999999993769961292855441570281982421875,-73.9202499999999957935870043002068996429443359375,Private room,56,1
Master room 15 min to city available in Astoria,313257412,Queens,Astoria,40.76883000000000123463905765675008296966552734375,-73.9192800000000005411493475548923015594482421875,Private room,75,1
Near Flushing Main St Stay up to 13 guest,277698942,Queens,Flushing,40.759579999999999699866748414933681488037109375,-73.826909999999998035491444170475006103515625,Private room,88,1
Your Own Studio Room Prime Midtown N779,419091705,Manhattan,Midtown,40.7461100000000016052581486292183399200439453125,-73.9882999999999952933649183250963687896728515625,Private room,269,1
"Clean- quite place , friendly Roommates 2 guest",388178312,Queens,Whitestone,40.77830999999999761485014460049569606781005859375,-73.8242500000000063664629124104976654052734375,Private room,80,1
Your Own Studio Room Prime Midtown N406,419091705,Manhattan,Midtown,40.74640000000000128466126625426113605499267578125,-73.987110000000001264197635464370250701904296875,Private room,269,1
Your Own Studio Room Prime Midtown N677,419091705,Manhattan,Midtown,40.7461899999999985766407917253673076629638671875,-73.9875100000000003319655661471188068389892578125,Private room,269,1
Your Own Studio Room Prime Midtown N775,419091705,Manhattan,Midtown,40.7481599999999986039256327785551548004150390625,-73.9880699999999933424987830221652984619140625,Private room,269,1
Coltrane,14785032,Queens,St. Albans,40.6894199999999983674570103175938129425048828125,-73.775970000000000936779542826116085052490234375,Private room,62,1
Grand Concourse Gem,287782529,Bronx,Norwood,40.8759399999999999408828443847596645355224609375,-73.884039999999998826751834712922573089599609375,Private room,650,1
Water View King Bed Hotel Room,371972456,Manhattan,Financial District,40.70618999999999942929207463748753070831298828125,-74.005549999999999499777914024889469146728515625,Private room,239,1
Water View King Bed Hotel Room,371972456,Manhattan,Financial District,40.70638000000000289446688839234411716461181640625,-74.0049700000000001409716787748038768768310546875,Private room,239,1
"1 bedroom near JFK, entertainment, public transportation (buses & A train).",314049729,Queens,Richmond Hill,40.67931999999999703732100897468626499176025390625,-73.8234900000000067166183725930750370025634765625,Private room,72,1
High Floor River View King Bed Hotel Room,371972456,Manhattan,Financial District,40.70575999999999794454197399318218231201171875,-74.00565000000000281943357549607753753662109375,Private room,239,1
Red Cozy Room,387784105,Brooklyn,Bedford-Stuyvesant,40.6853100000000011959855328314006328582763671875,-73.931860000000000354702933691442012786865234375,Private room,46,1
"Modern room with TV, private bathroom and balcony",419834692,Brooklyn,East New York,40.66322000000000258523868978954851627349853515625,-73.8794999999999930651028989814221858978271484375,Private room,99,1
High Floor River View w/ King Bed Hotel Room,371972456,Manhattan,Financial District,40.70570000000000021600499167107045650482177734375,-74.0057699999999982765075401403009891510009765625,Private room,239,1
High Floor River View w/ King Bed Hotel Room,371972456,Manhattan,Financial District,40.70645999999999986584953148849308490753173828125,-74.0039100000000047430148697458207607269287109375,Private room,239,1
Room A,208365297,Queens,Long Island City,40.75466000000000121872290037572383880615234375,-73.9372000000000042518877307884395122528076171875,Private room,80,1
Your Own Studio Room Prime Midtown N833,419091705,Manhattan,Midtown,40.74786999999999892452251515351235866546630859375,-73.986999999999994770405464805662631988525390625,Private room,269,1
Your Own Studio Room Prime Midtown N478,419091705,Manhattan,Midtown,40.74613000000000084810380940325558185577392578125,-73.989000000000004320099833421409130096435546875,Private room,269,1
Your Own Studio Room Prime Midtown N441,419091705,Manhattan,Midtown,40.7483399999999988949639373458921909332275390625,-73.98845000000000027284841053187847137451171875,Private room,269,1
Private small and cozy room in Queens,388056806,Queens,Briarwood,40.70627999999999957481122692115604877471923828125,-73.81529000000000451109372079372406005859375,Private room,52,1
Water View King Bed Hotel Room,371972456,Manhattan,Financial District,40.70457999999999998408384271897375583648681640625,-74.0049900000000064892446971498429775238037109375,Private room,239,1
Hotel Room Queen/Queen Bright and Cozy,383332265,Manhattan,Chelsea,40.74775000000000346744855050928890705108642578125,-73.9920599999999950568962958641350269317626953125,Private room,326,1
Water View King Bed Hotel Room,371972456,Manhattan,Financial District,40.70439999999999969304553815163671970367431640625,-74.0053099999999943747752695344388484954833984375,Private room,239,1
Water View King Bed Hotel Room,371972456,Manhattan,Financial District,40.70463000000000164391167345456779003143310546875,-74.00592000000000325599103234708309173583984375,Private room,239,1
Lovely comfortable home,420076709,Bronx,Soundview,40.8301000000000016143530956469476222991943359375,-73.8685200000000037334757507778704166412353515625,Private room,113,1
Water View King Bed Hotel Room,371972456,Manhattan,Financial District,40.7064400000000006230038707144558429718017578125,-74.0040800000000018599166651256382465362548828125,Private room,239,1
Cute Private Rm 15 min fm JFK/LGA Airport,412948033,Queens,Jamaica Estates,40.7178499999999985448084771633148193359375,-73.8049299999999988131094141863286495208740234375,Private room,57,1
High Floor River View King Bed Hotel Room,371972456,Manhattan,Financial District,40.70615000000000094360075308941304683685302734375,-74.0037899999999950750861898995935916900634765625,Private room,239,1
Spacious private room in NYC 8 mins Times Square,10164435,Queens,Astoria,40.7557199999999966166797094047069549560546875,-73.927899999999993951860233210027217864990234375,Private room,57,1
Bedstuy - Colorful Room #2,25608298,Brooklyn,Bedford-Stuyvesant,40.69189999999999685087459511123597621917724609375,-73.944559999999995625330484472215175628662109375,Private room,42,1
A+ Location (3 Studio APTs Selected at Check-in),348619646,Manhattan,Midtown,40.74645000000000294448909698985517024993896484375,-73.9885100000000051068127504549920558929443359375,Private room,1500,1
Elegant Bohemian Royale - Private Studio,29358602,Manhattan,Harlem,40.80810999999999921783455647528171539306640625,-73.9506400000000070349415182135999202728271484375,Private room,79,1
Times Sq/Midtown Manhattan - Private ROOM,16480700,Manhattan,Hell's Kitchen,40.75945999999999713736542616970837116241455078125,-73.9906799999999975625541992485523223876953125,Private room,150,1
Lovely penthouse bedroom- WFH paradise in BK,226007552,Brooklyn,Bushwick,40.69832000000000249428921961225569248199462890625,-73.935419999999993478922988288104534149169921875,Private room,65,1
Green Room and Lounge,386678438,Manhattan,Upper West Side,40.80004999999999881765688769519329071044921875,-73.9613800000000054524207371287047863006591796875,Private room,90,1
Private Bathroom inside Your Master bedroom,419642286,Queens,Douglaston,40.75802999999999798319549881853163242340087890625,-73.7317000000000035697667044587433338165283203125,Private room,27,1
Lovely Quiet Bedroom in the Heart of Manhattan,297240751,Manhattan,Hell's Kitchen,40.76194000000000272621036856435239315032958984375,-73.9899999999999948840923025272786617279052734375,Private room,100,1
"The Beekman, A Thompson Hotel - Double Queen",373480843,Manhattan,Civic Center,40.71173999999999892906998866237699985504150390625,-74.00794999999999390638549812138080596923828125,Private room,349,1
"The Beekman, A Thompson Hotel - Studio Suite",373480843,Manhattan,Financial District,40.7108300000000014051693142391741275787353515625,-74.0079300000000017689671949483454227447509765625,Private room,349,1
Steps away from Central Park/Hell's Kitchen,417166424,Manhattan,Theater District,40.7561299999999988585841492749750614166259765625,-73.9857300000000037698555388487875461578369140625,Private room,189,1
Walk distance to Broadway/Bryant Park/Top of rock,417166424,Manhattan,Theater District,40.75755000000000194404492503963410854339599609375,-73.9857300000000037698555388487875461578369140625,Private room,215,1
Peaceful,365301635,Bronx,Mount Eden,40.83872000000000213049133890308439731597900390625,-73.91915000000000190993887372314929962158203125,Private room,110,1
Right in the center of Times Square/Broadway Show,417166424,Manhattan,Theater District,40.75592999999999932470018393360078334808349609375,-73.985309999999998353814589790999889373779296875,Private room,185,1
Rare apartment located in Heart of Harlem!,54269012,Manhattan,Harlem,40.8113799999999997680788510479032993316650390625,-73.94468000000000529325916431844234466552734375,Private room,83,1
Studio-Like Bright Room in Flushing Zen Home,167241670,Queens,Flushing,40.75437000000000153931978275068104267120361328125,-73.8189200000000056434146245010197162628173828125,Private room,100,1
2 double beds with private bathroom LES NYC,33867639,Manhattan,Chinatown,40.7135099999999994224708643741905689239501953125,-73.997060000000004720277502201497554779052734375,Private room,155,1
Ade Logic's,179364522,Brooklyn,Bedford-Stuyvesant,40.68968000000000273530531558208167552947998046875,-73.9240199999999987312548910267651081085205078125,Private room,100,1
Accessible room @ Center of Times Square,397872858,Manhattan,Theater District,40.76187999999999789224602864123880863189697265625,-73.98255000000000336513039655983448028564453125,Private room,230,1
BK Short Stay,167636238,Brooklyn,Cypress Hills,40.6821699999999992769517120905220508575439453125,-73.8826099999999996725819073617458343505859375,Private room,109,1
Charming Boutique Hotel in Chelsea New York,418449940,Manhattan,Chelsea,40.74858100000000149520928971469402313232421875,-73.9956509999999951787685859017074108123779296875,Private room,117,1
1 Bedroom W/Private Bathroom in Bed-Stuy,369203714,Brooklyn,Bedford-Stuyvesant,40.69100999999999856981958146207034587860107421875,-73.931749999999993860910763032734394073486328125,Private room,74,1
Students' Paradise near DUMBO,174383553,Brooklyn,Crown Heights,40.67108999999999952024154481478035449981689453125,-73.934020000000003847162588499486446380615234375,Private room,159,1
Newly Renovated 2- Bedroom Rental. Amazing !,420837401,Queens,Queens Village,40.70873999999999881538315094076097011566162109375,-73.7353499999999968395059113390743732452392578125,Private room,86,1
"Nesva Hotel, King Premium Balcony",263720409,Queens,Long Island City,40.7527199999999965029928716830909252166748046875,-73.9340399999999959845808916725218296051025390625,Private room,170,1
Stop&Rest.Eat&Sleep. For busy bodies on the move.,164883120,Queens,Jamaica,40.6954300000000017689671949483454227447509765625,-73.795850000000001500666257925331592559814453125,Private room,50,1
Private room airy modern,13462855,Brooklyn,Bedford-Stuyvesant,40.6807900000000017826096154749393463134765625,-73.93777000000000043655745685100555419921875,Private room,120,1
Private room close to JFK/LGA,420405708,Queens,Jamaica,40.6863900000000029422153602354228496551513671875,-73.8057900000000017826096154749393463134765625,Private room,160,1
Private & Neat Full Apartment w/ Kitchen + Bath!,10806025,Manhattan,Harlem,40.8195699999999987994669936597347259521484375,-73.94288000000000238287611864507198333740234375,Private room,71,1
Stylish King Bed Hotel Room,383332265,Manhattan,Chelsea,40.7471900000000033514879760332405567169189453125,-73.9926999999999992496668710373342037200927734375,Private room,340,1
Queen bed + Loft. 2 Room deal with Yard.,263331130,Brooklyn,Bushwick,40.70127000000000094814822659827768802642822265625,-73.918049999999993815436027944087982177734375,Private room,120,1
Large Queen/Queen Hotel Room,383332265,Manhattan,Chelsea,40.74640000000000128466126625426113605499267578125,-73.9903900000000049885784392245113849639892578125,Private room,340,1
Private Brooklyn Room Minutes to Manhattan,55346267,Brooklyn,Bushwick,40.6963700000000017098500393331050872802734375,-73.9340499999999991587174008600413799285888671875,Private room,74,1
"Quite & Cozy private room, 15 mins away from JFK",374822883,Brooklyn,Canarsie,40.640489999999999781721271574497222900390625,-73.89136999999999488863977603614330291748046875,Private room,60,1
Water View King Bed Hotel Room,371972456,Manhattan,Financial District,40.70629999999999881765688769519329071044921875,-74.003569999999996298356563784182071685791015625,Private room,239,1
Boutique Hotel Experience in heart of NYC,49108760,Manhattan,Midtown,40.75865999999999900182956480421125888824462890625,-73.96811999999999898136593401432037353515625,Private room,270,1
Natalie home away from home JFK/Room #1,472607067,Queens,Springfield Gardens,40.6646829000000025189365260303020477294921875,-73.78010199999999940700945444405078887939453125,Private room,90,1
"NoMo SoHo, Queen Suite",271308645,Manhattan,Little Italy,40.7186999999999983401721692644059658050537109375,-73.99918999999999869032762944698333740234375,Private room,310,1
"NoMo SoHo, King Suite",271308645,Manhattan,SoHo,40.720900000000000318323145620524883270263671875,-73.99952999999999292413122020661830902099609375,Private room,330,1
Modern Apartment in Bedford Stuyvesant,219137805,Brooklyn,Bedford-Stuyvesant,40.6863699999999965939423418603837490081787109375,-73.93058999999999514329829253256320953369140625,Private room,75,1
Two full size beds large bedroom in Bklyn heights,6724578,Brooklyn,Brooklyn Heights,40.6918399999999991223376127891242504119873046875,-73.9963699999999988676790962927043437957763671875,Private room,199,1
One big lovely room king bed New York apartment,190340531,Manhattan,Washington Heights,40.8368200000000030058799893595278263092041015625,-73.939179999999993242454365827143192291259765625,Private room,95,1
"NoMo SoHo, Double Deluxe Room",271308645,Manhattan,Chinatown,40.71865999999999985448084771633148193359375,-74.0011200000000002319211489520967006683349609375,Private room,280,1
PRIVATE ROOM IN HIP BUSHWICK,472893117,Brooklyn,Bushwick,40.6913100000000014233592082746326923370361328125,-73.905450000000001864464138634502887725830078125,Private room,74,1
PRIVATE ROOM IN HIP BUSHWICK,472893117,Brooklyn,Bushwick,40.6898800000000022691892809234559535980224609375,-73.907319999999998572093318216502666473388671875,Private room,74,1
Relaxing Private Rm 15min fm JFK/LGA Airports,412948033,Queens,Jamaica Estates,40.7182600000000007867129170335829257965087890625,-73.80540999999999485225998796522617340087890625,Private room,54,1
Affordable Room Bronx Zoo Area,109671307,Bronx,Norwood,40.87042999999999892679625190794467926025390625,-73.877039999999993824530974961817264556884765625,Private room,119,1
The grey corner Min away from Barclay's,284603393,Brooklyn,Bedford-Stuyvesant,40.68856000000000250338416662998497486114501953125,-73.9444400000000001682565198279917240142822265625,Private room,102,1
Chill-A-Way 301,471922429,Brooklyn,Flatbush,40.6313099999999991496224538423120975494384765625,-73.9635899999999963938535074703395366668701171875,Private room,91,1
accent. Quick stay spot quiet block apt.building,286502016,Brooklyn,Crown Heights,40.67576999999999998181010596454143524169921875,-73.9470199999999948659024084918200969696044921875,Private room,300,1
"NoMo SoHo, Premium King Room",271308645,Manhattan,SoHo,40.72028000000000247382558882236480712890625,-73.998930000000001427906681783497333526611328125,Private room,289,1
"Casita Jurado - 1 bedroom, private entrance & bath",471461245,Queens,Flushing,40.7464086517988590685490635223686695098876953125,-73.8307180999999985715476213954389095306396484375,Private room,114,1
JFK Tiny Room to sleep Room #4,232251881,Queens,Jamaica,40.668419999999997571649146266281604766845703125,-73.783580000000000609361450187861919403076171875,Private room,40,1
Lovely and cozy room in Brooklyn,197489882,Brooklyn,Prospect-Lefferts Gardens,40.66241240000000090049070422537624835968017578125,-73.9534408999999897105226409621536731719970703125,Private room,88,1
Cozy Oasis in Bed-Stuy,83801982,Brooklyn,Bedford-Stuyvesant,40.6904099999999999681676854379475116729736328125,-73.9314499999999981127984938211739063262939453125,Private room,180,1
Cozy Room-DreamWell Mattress & Smart Bed frame,79651295,Queens,Jamaica,40.6802100000000024238033802248537540435791015625,-73.7762900000000030331648304127156734466552734375,Private room,42,1
Private Room in Luxury LIC/NYC Apartment,12856103,Queens,Long Island City,40.7492299999999971760189509950578212738037109375,-73.9429899999999946658135741017758846282958984375,Private room,64,1
Large Room available in the heart of Manhattan,470587727,Manhattan,Upper East Side,40.76951999999999998181010596454143524169921875,-73.9506899999999944839146337471902370452880859375,Private room,95,1
Standard Queen Room in Small Hotel,470173109,Manhattan,East Harlem,40.807981200000000399086275137960910797119140625,-73.937620699999996531914803199470043182373046875,Private room,130,1
Patty home,152089883,Queens,Ozone Park,40.68327000000000026602720026858150959014892578125,-73.84071000000000140062184073030948638916015625,Private room,60,1
功能齐全 交通便利的 一房一厅超大公寓,160592811,Queens,Bayside,40.76415999999999684177964809350669384002685546875,-73.7613400000000041245584725402295589447021484375,Private room,75,1
Large room in Prime Brooklyn 10min from Manhattan!,3776550,Brooklyn,Bushwick,40.70049302932135759647280792705714702606201171875,-73.9397294343932998117452370934188365936279296875,Private room,73,1
Private Sunny Room in Heart of Williamsburg,21157951,Brooklyn,Williamsburg,40.707459999999997535269358195364475250244140625,-73.9599199999999967758412822149693965911865234375,Private room,67,1
Walk to Times SQ Queen Room Boutique Hotel 5th Ave,394817730,Manhattan,Midtown,40.76342000000000354020812665112316608428955078125,-73.97701000000000703948899172246456146240234375,Private room,184,1
Perfect Stay in Bedstuy,106168229,Brooklyn,Crown Heights,40.67282999999999759666025056503713130950927734375,-73.933099999999996043698047287762165069580078125,Private room,55,1
Spacious Room & Great Transit in Heart of WBurg,35964684,Brooklyn,Williamsburg,40.70942000000000149384504766203463077545166015625,-73.9538600000000059253579820506274700164794921875,Private room,50,1
"Cozy 1-bedroom in heart of Williamsburg, Brooklyn.",47853522,Brooklyn,Williamsburg,40.7126653283192325716299819760024547576904296875,-73.963067270815372467041015625,Private room,86,1
Boutique Hotel Experience in heart of NYC,49108760,Manhattan,Midtown,40.76026999999999844703779672272503376007080078125,-73.970339999999993096935213543474674224853515625,Private room,270,1
"NoMo SoHo, Premium Queen Room",271308645,Manhattan,SoHo,40.7191499999999990677679306827485561370849609375,-74.0007800000000059981175581924617290496826171875,Private room,270,1
"NoMo SoHo, Deluxe King Room",271308645,Manhattan,Tribeca,40.722700000000003228706191293895244598388671875,-74.0083599999999961482899379916489124298095703125,Private room,240,1
Boutique Hotel experience in the heart of NYC,49108760,Manhattan,Midtown,40.7596199999999981855580699630081653594970703125,-73.9680599999999941474015940912067890167236328125,Private room,270,1
Boutique Hotel Experience in heart of NYC,49108760,Manhattan,Midtown,40.75824999999999675992512493394315242767333984375,-73.969030000000003610693966038525104522705078125,Private room,270,1
Room across bathroom,147762665,Bronx,Wakefield,40.88631000000000170757630257867276668548583984375,-73.85881000000000540239852853119373321533203125,Private room,59,1
Your Own Studio Room Prime Midtown N210,419091705,Manhattan,Midtown,40.7483399999999988949639373458921909332275390625,-73.9875100000000003319655661471188068389892578125,Private room,279,1
Your Own Studio Room Prime Midtown N832,419091705,Manhattan,Midtown,40.74750000000000227373675443232059478759765625,-73.9889500000000026602720026858150959014892578125,Private room,259,1
Selina Chelsea NYC - Deluxe Room,342821708,Manhattan,Chelsea,40.7496900000000010777512216009199619293212890625,-74.0026399999999995316102285869419574737548828125,Private room,253,1
New York State of Mind - Bedroom #3,144688687,Queens,Springfield Gardens,40.66825000000000045474735088646411895751953125,-73.763880000000000336513039655983448028564453125,Private room,85,1
A cozy bedroom in Bedstuy,397121052,Brooklyn,Bedford-Stuyvesant,40.68854041097568341456280904822051525115966796875,-73.9239819438260639117288519628345966339111328125,Private room,120,1
UComfy?,280178314,Queens,Jamaica,40.6865600000000000591171556152403354644775390625,-73.789770000000004301909939385950565338134765625,Private room,80,1
Studio-like room with private bath in lovely home,193529865,Queens,Kew Gardens,40.70467000000000012960299500264227390289306640625,-73.8307999999999964302332955412566661834716796875,Private room,145,1
Cheerful 1 Bedroom Home With Wi-Fi And Parking,1663967,Queens,Laurelton,40.68234000000000349928086507134139537811279296875,-73.7294700000000062800609157420694828033447265625,Private room,140,1
I have a private room ready to rent,471864210,Queens,Glendale,40.7007100000000008321876521222293376922607421875,-73.889330000000001064108801074326038360595703125,Private room,78,1
NYC CitiField-La Guardia#3 PrivateRoom OwnBathroom,303020032,Queens,Flushing,40.7585686999999978752384777180850505828857421875,-73.8351918999999980997017701156437397003173828125,Private room,85,1
Room of excitement and joy,467416900,Manhattan,East Harlem,40.78537000000000034560798667371273040771484375,-73.9472300000000046793502406217157840728759765625,Private room,86,1
Upper East Side private bedroom in a 1 bedroom apt,34400734,Manhattan,Upper East Side,40.775655000000000427462509833276271820068359375,-73.953971999999993158780853264033794403076171875,Private room,87,1
NYC CitiField-La Guardia#2 PrivateRoom OwnBathroom,303020032,Queens,Flushing,40.7585686999999978752384777180850505828857421875,-73.8351918999999980997017701156437397003173828125,Private room,85,1
Country like house with easy access to city lights,279728593,Staten Island,Concord,40.602429999999998244675225578248500823974609375,-74.0769499999999965211827657185494899749755859375,Private room,100,1
NYC CitiField-La Guardia#1 PrivateRoom OwnBathroom,303020032,Queens,Flushing,40.7585686999999978752384777180850505828857421875,-73.8351918999999980997017701156437397003173828125,Private room,85,1
"R. D. R.  STUDIO
RESPECT DA RECK STUDIO",1663967,Queens,Laurelton,40.682220000000000936779542826116085052490234375,-73.729320000000001300577423535287380218505859375,Private room,206,1
"A Lovely Rustic NYC Experience, with a yard",152101490,Brooklyn,Clinton Hill,40.6936699999999973442754708230495452880859375,-73.96652000000000271029421128332614898681640625,Private room,65,1
Easy NYC Stay in Gorgeous Area,152101490,Brooklyn,Clinton Hill,40.69588577963639153267649817280471324920654296875,-73.970350321420397676774882711470127105712890625,Private room,60,1
Dream private room,471726877,Bronx,Allerton,40.86340999999998757630237378180027008056640625,-73.865951899999998886414687149226665496826171875,Private room,71,1
"mid-century quirky rm available in PARK SLOPE, BK",835112,Brooklyn,South Slope,40.66807200000000221962181967683136463165283203125,-73.9869609999999937599568511359393596649169921875,Private room,105,1
"NoMo SoHo, Crosby Suite",271308645,Manhattan,SoHo,40.72079000000000092995833256281912326812744140625,-73.999200000000001864464138634502887725830078125,Private room,320,1
2 bedroom apt in Hamilton heights,58228630,Manhattan,Harlem,40.8220000000000027284841053187847137451171875,-73.955119999999993751771398819983005523681640625,Private room,2300,1
One bedroom in the middle of east Harlem,214646687,Manhattan,East Harlem,40.79001000000000232148522627539932727813720703125,-73.9421200000000027330315788276493549346923828125,Private room,98,1
PRIVATE ROOM IN HIP BUSHWICK,472893117,Brooklyn,Bushwick,40.6914000000000015688783605583012104034423828125,-73.905429999999995516191120259463787078857421875,Private room,74,1
Hidden Gem  nearJFK/close  to LaGuardia,266645207,Queens,Laurelton,40.669409999999999172359821386635303497314453125,-73.7445900000000023055690689943730831146240234375,Private room,50,1
Large and bright private bedroom in Prime location,388433334,Bronx,Mott Haven,40.81036999999999892452251515351235866546630859375,-73.9275099999999980582288117147982120513916015625,Private room,55,1
Large luxury private bedroom 1 stop from Manhattan,388433334,Bronx,Mott Haven,40.8103095637944903728566714562475681304931640625,-73.9270986858039833578004618175327777862548828125,Private room,57,1
10 mins/Airports JFK/LGA/Hosp/malls bus/train# 3,126247863,Queens,Richmond Hill,40.69565999999999661440597265027463436126708984375,-73.814940000000007103153620846569538116455078125,Private room,60,1
Beautiful view private bedroom.,125408735,Brooklyn,Manhattan Beach,40.58079000000000036152414395473897457122802734375,-73.953249999999997044142219237983226776123046875,Private room,79,1
High Floor River View w/ King Bed Hotel Room,371972456,Manhattan,Financial District,40.7044599999999974215825204737484455108642578125,-74.005819999999999936335370875895023345947265625,Private room,239,1
Unbeatable Times Square/Broadway view from room,417166424,Manhattan,Theater District,40.7574800000000010413714335300028324127197265625,-73.9837500000000005684341886080801486968994140625,Private room,193,1
"Hidden Gem in Astoria, 1 MINUTE away to subway",469081668,Queens,Ditmars Steinway,40.7718100000000021054802346043288707733154296875,-73.9154400000000038062353269197046756744384765625,Private room,69,1
Near Airport LGA Small Room Bright Self Check-in!,204205146,Queens,East Elmhurst,40.76547000000000053887561080045998096466064453125,-73.8755900000000025329427444376051425933837890625,Private room,56,1
Small Private Room Near Airport LGA Self Check-in!,204205146,Queens,East Elmhurst,40.76545999999999736473910161294043064117431640625,-73.87587999999999510691850446164608001708984375,Private room,51,1
Famous Manhattan Hamilton Heights Nice Room,87629139,Manhattan,Harlem,40.82291000000000025238477974198758602142333984375,-73.949389999999993960955180227756500244140625,Private room,86,1
Hermoso apartamento en Brooklyn cerca del tren,179413160,Brooklyn,Cypress Hills,40.6802487529527496690207044593989849090576171875,-73.8840799033641815185546875,Private room,50,1
Private room A,10384906,Queens,Flushing,40.76662999999999925648808130063116550445556640625,-73.82450000000000045474735088646411895751953125,Private room,40,1
Full (Double Bed) in East Village Apartment,74338125,Manhattan,East Village,40.7265399999999999636202119290828704833984375,-73.986930000000000973159330897033214569091796875,Private room,130,1
Cozy Full Bed for 1,373960546,Queens,Astoria,40.7654500000000012960299500264227390289306640625,-73.9114900000000005775291356258094310760498046875,Private room,52,1
☆Private One Bedroom | Express Train+Free Parking☆,34177401,Brooklyn,East New York,40.67586000000000012732925824820995330810546875,-73.879379999999997608028934337198734283447265625,Private room,65,1
♥Private One Bedroom | Express Train+Fast WiFi♥,34177401,Brooklyn,East New York,40.67392000000000251702658715657889842987060546875,-73.87939000000000078216544352471828460693359375,Private room,51,1
Near Pace University / King Bed Hotel Room,371972456,Manhattan,Financial District,40.70645999999999986584953148849308490753173828125,-74.0052600000000069258021540008485317230224609375,Private room,239,1
Quarto lindo e confortável com boa localização.,368700813,Queens,Astoria,40.7587400000000030786395655013620853424072265625,-73.914209999999997080522007308900356292724609375,Private room,73,1
Near NY Presbyterian / King Bed Hotel Room,371972456,Manhattan,Financial District,40.7049200000000013233147910796105861663818359375,-74.005709999999993442543200217187404632568359375,Private room,239,1
Near Fulton Street / King Bed Hotel Room,371972456,Manhattan,Financial District,40.70448999999999983856469043530523777008056640625,-74.0051299999999940837369649671018123626708984375,Private room,239,1
PRODUCERPLUGUNI MUSIC STUDIO,14396207,Brooklyn,Bushwick,40.70029000000000252157406066544353961944580078125,-73.922539999999997917257132939994335174560546875,Private room,250,1
Near South Street Seaport / King Bed Hotel Room,371972456,Manhattan,Financial District,40.70620000000000260342858382500708103179931640625,-74.0058999999999969077180139720439910888671875,Private room,239,1
Near Brooklyn Bridge / King Bed Hotel Room,371972456,Manhattan,Financial District,40.70600999999999913825377007015049457550048828125,-74.00583000000000311047188006341457366943359375,Private room,239,1
NYC Weekend Getaway in the Upper East Side,10137323,Manhattan,Upper East Side,40.768630000000001700755092315375804901123046875,-73.9578599999999966030372888781130313873291015625,Private room,91,1
A spacious fancy room in Upper East Side,20828468,Manhattan,Upper East Side,40.77239999999999753299562144093215465545654296875,-73.9463700000000017098500393331050872802734375,Private room,79,1
Best View of Manhattan New York,47139786,Manhattan,Theater District,40.75945999999999713736542616970837116241455078125,-73.9876200000000068257577368058264255523681640625,Private room,202,1
Near Wall Street / King Bed Hotel Room,371972456,Manhattan,Financial District,40.70485000000000042064129956997931003570556640625,-74.0057599999999951023710309527814388275146484375,Private room,239,1
"Crash Pad under 8 mins away from JFK, LIRR & Mall",449129729,Queens,Rosedale,40.66366000000000013869794202037155628204345703125,-73.732889999999997598933987319469451904296875,Private room,52,1
Times Square Getaway with friends&family (4 ppl),417166424,Manhattan,Theater District,40.75592999999999932470018393360078334808349609375,-73.9838500000000038880898500792682170867919921875,Private room,225,1
NYC Skyline from the Center of Times Square,417166424,Manhattan,Theater District,40.75820999999999827423380338586866855621337890625,-73.9859799999999978581399773247539997100830078125,Private room,189,1
Newly Renovated Private Entrance Studio Queens JFK,199745521,Queens,Jamaica,40.676749999999998408384271897375583648681640625,-73.80142200000000229920260608196258544921875,Private room,88,1
Honeymoon sweet,28722667,Brooklyn,Flatlands,40.621859999999998080966179259121417999267578125,-73.925780000000003155946615152060985565185546875,Private room,89,1
Study zone near Columbia •••,172851546,Manhattan,Upper West Side,40.79826700000000272439137916080653667449951171875,-73.9643779999999964047674438916146755218505859375,Private room,164,1
Beautiful room in Williamsburg,389848232,Brooklyn,Williamsburg,40.71741999999999706005837651900947093963623046875,-73.9566399999999930514604784548282623291015625,Private room,116,1
"Brooklyn Private Bath by F,G trains.",363928053,Brooklyn,Kensington,40.64343999999999823558027856051921844482421875,-73.9818700000000006866684998385608196258544921875,Private room,51,1
"CoZy En-suite bath near F, G trains.",363928053,Brooklyn,Kensington,40.641649999999998499333742074668407440185546875,-73.97975999999999885403667576611042022705078125,Private room,55,1
Near Broadway / King Bed Hotel Room,371972456,Manhattan,Financial District,40.70582999999999884721546550281345844268798828125,-74.005660000000005993570084683597087860107421875,Private room,239,1
It's a Delightful Day in Bed-Stuy!,444889759,Brooklyn,Cypress Hills,40.676884000000001151420292444527149200439453125,-73.90726499999999532519723288714885711669921875,Private room,65,1
Beautiful room in cypress hills,371421385,Brooklyn,Cypress Hills,40.68567999999999784677129355259239673614501953125,-73.8725299999999975852915667928755283355712890625,Private room,59,1
Chelsea Queen Queen Beds on 28th Street,383332265,Manhattan,Chelsea,40.74551999999999907231540419161319732666015625,-73.9922700000000048703441279940307140350341796875,Private room,340,1
New York State of Mind - Bedroom #2,144688687,Queens,Springfield Gardens,40.667969999999996844053384847939014434814453125,-73.7652599999999978308551362715661525726318359375,Private room,85,1
Cozy 2BR in the heart of Nolita,15569250,Manhattan,Nolita,40.72115000000000151203494169749319553375244140625,-73.996769999999997935447026975452899932861328125,Private room,350,1
Modern Amenities + Best Value = Hidden Gem,374576747,Bronx,Parkchester,40.839910000000003265085979364812374114990234375,-73.8671199999999998908606357872486114501953125,Private room,111,1
Modern Space with Blazin' WiFi.  Late Check-in Ok,374576747,Bronx,Parkchester,40.8394899999999978490450303070247173309326171875,-73.8668200000000041427483665756881237030029296875,Private room,203,1
Large King Bed Hotel Room,371972456,Manhattan,Financial District,40.70602000000000231239027925767004489898681640625,-74.0038299999999935607775114476680755615234375,Private room,239,1
Large King Bed Hotel Room,371972456,Manhattan,Financial District,40.704790000000002692104317247867584228515625,-74.00574000000000296495272777974605560302734375,Private room,239,1
Awesome Private Room Next to Astoria Subway St,317238830,Queens,Ditmars Steinway,40.77394000000000318095771945081651210784912109375,-73.916709999999994806785252876579761505126953125,Private room,65,1
Nice and Cozy room close to Manhattan,317238830,Queens,Ditmars Steinway,40.7739600000000024238033802248537540435791015625,-73.917779999999993378878571093082427978515625,Private room,65,1
Large King Bed Hotel Room,371972456,Manhattan,Financial District,40.70624000000000108911990537308156490325927734375,-74.003590000000002646629582159221172332763671875,Private room,239,1
Private room in a charming Williamsburg apartment,56857033,Brooklyn,Williamsburg,40.7111000000000018417267710901796817779541015625,-73.9438799999999929468685877509415149688720703125,Private room,75,1
Lovely rent the room in Norwalk,418642230,Manhattan,Washington Heights,40.8364600000000024238033802248537540435791015625,-73.9436699999999973442754708230495452880859375,Private room,56,1
Water View King Bed Hotel Room,371972456,Manhattan,Financial District,40.70443999999999817873685969971120357513427734375,-74.0054099999999976944309310056269168853759765625,Private room,239,1
Water View King Bed Hotel Room,371972456,Manhattan,Financial District,40.70615000000000094360075308941304683685302734375,-74.0040800000000018599166651256382465362548828125,Private room,239,1
COZY & ALL PRIVATE SPACE  close to RUMC & SIUH,379883703,Staten Island,Port Richmond,40.63163999999999731471689301542937755584716796875,-74.1320099999999939655026537366211414337158203125,Private room,60,1
Cozy & Daintily Adorned Room in Williamsburg,417275418,Brooklyn,Williamsburg,40.71056747263384067991864867508411407470703125,-73.9593072601636691842941218055784702301025390625,Private room,81,1
Cozy apartment room，best location in Flushing！,34232055,Queens,Flushing,40.75578999999999751935320091433823108673095703125,-73.8309799999999967212716001085937023162841796875,Private room,79,1
💙the little grand (private) room💙,1354727,Queens,Astoria,40.7742300000000028603608370758593082427978515625,-73.935329999999993333403836004436016082763671875,Private room,55,1
Billie's Boudoir @ The Carriage House on Dean,83143535,Brooklyn,Crown Heights,40.675759999999996807673596777021884918212890625,-73.9463999999999970214048516936600208282470703125,Private room,78,1
Humble getaway,257677852,Brooklyn,Flatbush,40.63754999999999739657141617499291896820068359375,-73.96120999999999412466422654688358306884765625,Private room,75,1
Brighton Beach,300529887,Brooklyn,Brighton Beach,40.5785699999999991405275068245828151702880859375,-73.955600000000004001776687800884246826171875,Private room,125,1
Flower District King Bed Hotel Room,383332265,Manhattan,Chelsea,40.74624000000000023646862246096134185791015625,-73.9927500000000009094947017729282379150390625,Private room,340,1
Beach lovers Dream Choice  with City Nightlife,160491843,Brooklyn,Sheepshead Bay,40.58552999999999855162968742661178112030029296875,-73.932310000000001082298695109784603118896484375,Private room,90,1
Spacious Queen/Queen Hotel Room,383332265,Manhattan,Chelsea,40.747489999999999099600245244801044464111328125,-73.9921599999999983765519573353230953216552734375,Private room,340,1
Mod King Room in Chelsea’s Flower District,383332265,Manhattan,Chelsea,40.747219999999998663042788393795490264892578125,-73.990620000000006939444574527442455291748046875,Private room,340,1
Comfortable and clean bedroom,60908748,Brooklyn,Bushwick,40.70127000000000094814822659827768802642822265625,-73.921009999999995443431544117629528045654296875,Private room,69,1
"Nolitan Hotel, Balcony Room Accessible",268362077,Manhattan,Nolita,40.7208600000000018326318240724503993988037109375,-73.9942099999999953752194414846599102020263671875,Private room,238,1
Cozy 1 BR in 3 BR Loft w/ Window: WOMEN ONLY,257541,Brooklyn,Clinton Hill,40.69209000000000031604940886609256267547607421875,-73.9612599999999957844920572824776172637939453125,Private room,135,1
Chelsea King Bed on 28th Street,383332265,Manhattan,Chelsea,40.7479000000000013415046851150691509246826171875,-73.9912499999999937472239253111183643341064453125,Private room,326,1
The radiant room,197344796,Queens,Springfield Gardens,40.6653900000000021464074961841106414794921875,-73.75078999999999496139935217797756195068359375,Private room,85,1
Sunkissed room in 2bdrm in next to Ft Greene Park,5378922,Brooklyn,Fort Greene,40.68760150417018195412310888059437274932861328125,-73.97212355325069665923365391790866851806640625,Private room,80,1
Lovely Comfy Room near Prospect Park NYC,411936329,Brooklyn,Prospect-Lefferts Gardens,40.66201000000000220779838855378329753875732421875,-73.9408600000000006957634468562901020050048828125,Private room,64,1
Queen Size Private Room - near Yankee Stadium,172703338,Bronx,Concourse,40.8277700000000010049916454590857028961181640625,-73.92333999999999605279299430549144744873046875,Private room,67,1
Private room,388818764,Bronx,University Heights,40.8561499999999995225152815692126750946044921875,-73.915199999999998681232682429254055023193359375,Private room,55,1
Cozy Room 7 Mins Away From JFK!!!,417186426,Queens,South Ozone Park,40.673270000000002255546860396862030029296875,-73.817239999999998190105543471872806549072265625,Private room,83,1
MESSAGE FOR BEST RATES | Fabulous Manhattan Studio,90713895,Manhattan,Midtown,40.7644269999999977471816237084567546844482421875,-73.9827580000000040172380977310240268707275390625,Private room,399,1
Water View 2 Double Beds Hotel Room,371972456,Manhattan,Financial District,40.70629000000000274894773610867559909820556640625,-74.0037899999999950750861898995935916900634765625,Private room,239,1
CREATIVE SPACE (NYC MUSIC HOUSE) Room-B,149151114,Manhattan,Harlem,40.8120899999999977580955601297318935394287109375,-73.953980000000001382431946694850921630859375,Private room,85,1
Bright & Sunny Room | 10 Mins to Barclays Center,33612342,Brooklyn,Sunset Park,40.66109000000000150976120494306087493896484375,-73.9933999999999940655470709316432476043701171875,Private room,72,1
Water View 2 Double Beds Hotel Room,371972456,Manhattan,Financial District,40.7063399999999973033482092432677745819091796875,-74.003680000000002792148734442889690399169921875,Private room,239,1
Cheerful 1 bedroom with living room home,414576994,Staten Island,Arrochar,40.59501999999999810597728355787694454193115234375,-74.0678199999999975489117787219583988189697265625,Private room,165,1
Water View King Bed Hotel Room,371972456,Manhattan,Financial District,40.70640999999999820602170075289905071258544921875,-74.0040900000000050340531743131577968597412109375,Private room,239,1
Bank,106921037,Brooklyn,Bedford-Stuyvesant,40.6805700000000030058799893595278263092041015625,-73.9094300000000004047251422889530658721923828125,Private room,175,1
Cloud Ceiling Private Bedroom with Large Patio,375058288,Brooklyn,Bedford-Stuyvesant,40.69066000000000116187948151491582393646240234375,-73.934920000000005302354111336171627044677734375,Private room,500,1
"1 Bedroom (#2) Spacious, Sunny Central Park North",402215343,Manhattan,Harlem,40.799648284912109375,-73.9546966552734375,Private room,80,1
"Cozy 1 Bed Garden
Pets 4/20
French Italian Spanish",58903410,Brooklyn,Crown Heights,40.67405000000000114823706098832190036773681640625,-73.9599500000000062982508097775280475616455078125,Private room,114,1
"1 Bedroom (#1) Spacious, Sunny Central Park North",402215343,Manhattan,Harlem,40.799777984619140625,-73.95462799072265625,Private room,75,1
Zen room in lovely apartment,21074914,Brooklyn,Bedford-Stuyvesant,40.67924000000000006593836587853729724884033203125,-73.911730000000005702531780116260051727294921875,Private room,59,1
Private Room with Queen Bed in Canarsie,235585976,Brooklyn,East Flatbush,40.64826000000000050249582272954285144805908203125,-73.9205199999999962301444611512124538421630859375,Private room,47,1
Spacious Private Bedroom in Heart of Manhattan,80710087,Manhattan,Lower East Side,40.7214000000000027057467377744615077972412109375,-73.9884100000000017871570889838039875030517578125,Private room,150,1
Feel like home in a cozy private room,98066882,Bronx,Williamsbridge,40.87850999999999856981958146207034587860107421875,-73.8503400000000027603164198808372020721435546875,Private room,60,1
TRYP by Wyndham-Luxury that sleeps 8-Times Square,38592279,Manhattan,Hell's Kitchen,40.75486000000000075260686571709811687469482421875,-73.994089999999999918145476840436458587646484375,Private room,406,1
TRYP by Wyndham - Luxury in Times Square sleeps 8,38592279,Manhattan,Hell's Kitchen,40.75292999999999921101334621198475360870361328125,-73.9938800000000043155523599125444889068603515625,Private room,399,1
TRYP by Wyndham - Luxury Times Square / Midtown,38592279,Manhattan,Hell's Kitchen,40.75468000000000046156856114976108074188232421875,-73.9948299999999932197169982828199863433837890625,Private room,233,1
TRYP by Wyndham - Times Square sleeps 6 people,38592279,Manhattan,Hell's Kitchen,40.7548699999999968213160173036158084869384765625,-73.9937400000000025102053768932819366455078125,Private room,379,1
Room c,208365297,Queens,Long Island City,40.7559499999999985675458447076380252838134765625,-73.93662000000000489308149553835391998291015625,Private room,68,1
"Lovely, bright and large bedroom in Manhattan",7215773,Manhattan,East Village,40.730289999999996553015080280601978302001953125,-73.987179999999995061443769372999668121337890625,Private room,171,1
"Feel like home! Cozy room in queens, Well located.",416152960,Queens,Kew Gardens,40.7067899999999980309439706616103649139404296875,-73.83602999999999383362592197954654693603515625,Private room,56,1
"Feel like home! Cozy room in queens, Well located.",416152960,Queens,Kew Gardens,40.70584000000000202135197469033300876617431640625,-73.8341300000000018144419300369918346405029296875,Private room,76,1
M&D JFK Guest Hideaway,390876463,Queens,Springfield Gardens,40.66778000000000048430592869408428668975830078125,-73.764060000000000627551344223320484161376953125,Private room,83,1
1 bedroom on 2nd Fl near JFK airport buses & train,314049729,Queens,Richmond Hill,40.6788999999999987267074175179004669189453125,-73.8239200000000010959411156363785266876220703125,Private room,72,1
Cozy room with Private Bathroom in Brooklyn,86213021,Brooklyn,East Flatbush,40.64224999999999710098563809879124164581298828125,-73.9493499999999954752638586796820163726806640625,Private room,65,1
Unique 1984 Victorian,11168804,Brooklyn,Flatbush,40.63799999999999812416717759333550930023193359375,-73.960409999999995989128365181386470794677734375,Private room,250,1
Rockaway Beach Surf Getaway,10123226,Queens,Arverne,40.5992600000000010140865924768149852752685546875,-73.7979500000000001591615728102624416351318359375,Private room,150,1
"1 bedroom near  JFK Queens, entertainment & travel",314049729,Queens,Richmond Hill,40.6778800000000018144419300369918346405029296875,-73.823849999999993087840266525745391845703125,Private room,80,1
TRYP by Wyndham - Luxury in Times Square / Midtown,38592279,Manhattan,Hell's Kitchen,40.75303000000000253066900768317282199859619140625,-73.9941000000000030922819860279560089111328125,Private room,227,1
Comfy room in the center of Times Square,417166424,Manhattan,Theater District,40.757890000000003283275873400270938873291015625,-73.9840999999999979763742885552346706390380859375,Private room,184,1
Water View 2 Double Beds Hotel Room,371972456,Manhattan,Financial District,40.70584000000000202135197469033300876617431640625,-74.00592000000000325599103234708309173583984375,Private room,239,1
"1 Bedroom (#3) Spacious, Sunny Central Park North",402215343,Manhattan,Harlem,40.799793243408203125,-73.95465850830078125,Private room,90,1
Master Room with private bathroom & natural light.,384584994,Queens,Ridgewood,40.710700000000002773958840407431125640869140625,-73.9158800000000013596945791505277156829833984375,Private room,89,1
Private cozy space for two! No bathroom sharing.,134669838,Staten Island,Mariners Harbor,40.6295357017338432115138857625424861907958984375,-74.157223425337889466391061432659626007080078125,Private room,57,1
Home Away from Home:Tranquillity,347560493,Queens,East Elmhurst,40.76044999999999873807610129006206989288330078125,-73.8739000000000061163518694229423999786376953125,Private room,49,1
Flushing/Elmhurst BR#4,295247374,Queens,East Elmhurst,40.7612400000000008049028110690414905548095703125,-73.8691199999999952297002892009913921356201171875,Private room,55,1
Flushing/Elmhurst BR#5&BR#6 duplex,295247374,Queens,East Elmhurst,40.7633799999999979490894475020468235015869140625,-73.8701200000000000045474735088646411895751953125,Private room,70,1
Welcoming Private room in Times Square,167270001,Manhattan,Hell's Kitchen,40.75641999999999853798726690001785755157470703125,-73.994630000000000791260390542447566986083984375,Private room,108,1
"Adorable 1 bedroom- guesthouse in New York, nice area, acces to A and 1 train stations, parks and pools.",417090315,Manhattan,Washington Heights,40.8523500000000012732925824820995330810546875,-73.934020000000003847162588499486446380615234375,Private room,45,1
Bliss in Brooklyn. 1bedroom in house with backyard,418124294,Brooklyn,Canarsie,40.64479000000000041836756281554698944091796875,-73.9145500000000055251803132705390453338623046875,Private room,55,1
Private Room at Rogers of Rockaway Beach 116th St,73570025,Queens,Breezy Point,40.5682199999999966166797094047069549560546875,-73.869089999999999918145476840436458587646484375,Private room,150,1
Room B,208365297,Queens,Long Island City,40.756180000000000518411980010569095611572265625,-73.93702999999999292413122020661830902099609375,Private room,88,1
East River View- King Bed Hotel Room,371972456,Manhattan,Financial District,40.70595999999999747842593933455646038055419921875,-74.0037300000000044519765651784837245941162109375,Private room,239,1
Sunlit Room in the Heart of Williamsburg,417275418,Brooklyn,Williamsburg,40.71036355423445485257616383023560047149658203125,-73.96104842804453483040560968220233917236328125,Private room,89,1
greatplace in bklyn 30min manh 420 friendly,94214493,Brooklyn,East Flatbush,40.65465999999999979763742885552346706390380859375,-73.9167900000000059890226111747324466705322265625,Private room,100,1
The Blue Room,418726582,Brooklyn,East Flatbush,40.656779999999997698978404514491558074951171875,-73.9336100000000016052581486292183399200439453125,Private room,50,1
Full Size Cozy Bedroom For 2,343127628,Queens,Glendale,40.701639999999997598933987319469451904296875,-73.8923199999999980036591296084225177764892578125,Private room,84,1
Your Own Studio Room Prime Midtown N770,419091705,Manhattan,Midtown,40.74822000000000343788997270166873931884765625,-73.9880399999999980309439706616103649139404296875,Private room,249,1
East River View- King Bed Hotel Room,371972456,Manhattan,Financial District,40.7065300000000007685230229981243610382080078125,-74.0037899999999950750861898995935916900634765625,Private room,239,1
East River View- King Bed Hotel Room,371972456,Manhattan,Financial District,40.70647999999999910869519226253032684326171875,-74.0035299999999978126652422361075878143310546875,Private room,239,1
A+ Location Super Clean  Rooms,166713328,Queens,Ozone Park,40.67748000000000274667399935424327850341796875,-73.8589099999999945111994748003780841827392578125,Private room,45,1
Stunning Deluxe Corner King,212484716,Manhattan,Tribeca,40.71441999999999694637153879739344120025634765625,-74.0096800000000030195224098861217498779296875,Private room,379,1
Bklyn Beautiful Cozy Studio Suite 15 Mins From JFK,418612583,Brooklyn,East Flatbush,40.6501700000000028012436814606189727783203125,-73.9120400000000046247805585153400897979736328125,Private room,72,1
Queen size bed room with large 4K TV,147762665,Bronx,Wakefield,40.88835000000000263753463514149188995361328125,-73.8588400000000007139533408917486667633056640625,Private room,59,1
Gorgeous room in Cypress Hills,371421385,Brooklyn,Cypress Hills,40.68397999999999825604390935041010379791259765625,-73.873999999999995225152815692126750946044921875,Private room,50,1
Private Room On Ditmars In The Heart Of Astoria !,417522395,Queens,Ditmars Steinway,40.7754400000000032378011383116245269775390625,-73.90955999999999903593561612069606781005859375,Private room,60,1
"Walker Hotel Tribeca, Walker Full",305738569,Manhattan,Tribeca,40.71864000000000061163518694229423999786376953125,-74.0030900000000002592059900052845478057861328125,Private room,225,1
Starlit Luxury Home Movie Theater,301831302,Manhattan,Harlem,40.8300899999999984402165864594280719757080078125,-73.940889999999996007318259216845035552978515625,Private room,66,1
Luxury Master Suite,301831302,Manhattan,Washington Heights,40.83160000000000167119651450775563716888427734375,-73.9411300000000011323209037072956562042236328125,Private room,200,1
Private peaceful room in heart of Astoria.,39066993,Queens,Astoria,40.7659900000000021691448637284338474273681640625,-73.9195600000000041518433135934174060821533203125,Private room,60,1
Water View 2 Double Beds Hotel Room,371972456,Manhattan,Financial District,40.70638000000000289446688839234411716461181640625,-74.005570000000005848050932399928569793701171875,Private room,239,1
Water View 2 Double Beds Hotel Room,371972456,Manhattan,Financial District,40.704779999999999517967808060348033905029296875,-74.00583000000000311047188006341457366943359375,Private room,239,1
Complete comfort in prime Bushwick,418315426,Brooklyn,Bushwick,40.695999999999997953636921010911464691162109375,-73.92558999999999969077180139720439910888671875,Private room,100,1
Comfy LES Private Room 1,406942662,Manhattan,Lower East Side,40.7200100000000020372681319713592529296875,-73.9925199999999989586285664699971675872802734375,Private room,103,1
Cozy apartment with backyard,428510020,Queens,Jamaica,40.6681200000000018235368770547211170196533203125,-73.7668900000000036243363865651190280914306640625,Private room,95,1
"Hip Bushwick Room, Full Access to Roof, Full use",36575841,Brooklyn,Bushwick,40.69608000000000203044692170806229114532470703125,-73.93292999999999892679625190794467926025390625,Private room,132,1
My home is yours w/Balcony. Close to downtown BK,81015025,Brooklyn,Bedford-Stuyvesant,40.6802899999999993951860233210027217864990234375,-73.9461399999999997589839040301740169525146484375,Private room,55,1
STUNNING-LUXURY Two Bed in Fashionable Brooklyn,144099816,Brooklyn,Flatbush,40.65435000000000087538865045644342899322509765625,-73.958519999999992933226167224347591400146484375,Private room,125,1
Sunny Sanctuary Room+Prospect Pk/Trains (New AC!),11308947,Brooklyn,Flatbush,40.65390000000000014779288903810083866119384765625,-73.96120999999999412466422654688358306884765625,Private room,70,1
Clean and Cozy 1 Bedroom in Queens,24765924,Queens,East Elmhurst,40.76265000000000071622707764618098735809326171875,-73.8833300000000008367351256310939788818359375,Private room,50,1
"clean/comfortable room:6 min LGA, 12 min from JFK",221913542,Queens,Flushing,40.74419999999999930651028989814221858978271484375,-73.834890000000001464286469854414463043212890625,Private room,70,1
Lovely rental room in New York,442715701,Manhattan,Washington Heights,40.84546000000000276486389338970184326171875,-73.940730000000002064552973024547100067138671875,Private room,100,1
BEAUTIFUL ROOM in South Williamsburg,171136827,Brooklyn,Bedford-Stuyvesant,40.69959999999999666897565475665032863616943359375,-73.942980000000005702531780116260051727294921875,Private room,81,1
RELAXING Room in Williamsburg,171136827,Brooklyn,Bedford-Stuyvesant,40.69844400000000206318873097188770771026611328125,-73.9440769999999929495970718562602996826171875,Private room,81,1
Cozy Room in Williamsburg,171136827,Brooklyn,Bedford-Stuyvesant,40.69805999999999812644091434776782989501953125,-73.94486000000000558429746888577938079833984375,Private room,81,1
Penthouse Suite with Balcony in Boutique Hotel,441793133,Queens,Long Island City,40.7534500000000008412825991399586200714111328125,-73.9360400000000055342752602882683277130126953125,Private room,585,1
Una habitacion comoda ambiente limpio y familiar.,275821782,Bronx,East Morrisania,40.83507999999999782403392600826919078826904296875,-73.8887600000000048794390750117599964141845703125,Private room,70,1
Peaceful 1-Bedroom Rental Flushing,445169561,Queens,Flushing,40.76050000000000039790393202565610408782958984375,-73.8024400000000042609826778061687946319580078125,Private room,70,1
Cozy Guest space in UES. Great location,237275466,Manhattan,Upper East Side,40.77723999999999904275682638399302959442138671875,-73.952629999999999199644662439823150634765625,Private room,160,1
warm welcoming bedroom in brooklyn smoker friendly,444637487,Brooklyn,East New York,40.65874000000000165755409398116171360015869140625,-73.8923099999999948295226204209029674530029296875,Private room,45,1
MACDOUGAL 4 - HUGE BEAUTIFUL NEW MODERN ROOM,441746363,Brooklyn,Bedford-Stuyvesant,40.68148000000000052978066378273069858551025390625,-73.9101399999999983947418513707816600799560546875,Private room,65,1
Nice room in Brooklyn,433696576,Brooklyn,Bedford-Stuyvesant,40.6920300000000025875124265439808368682861328125,-73.9385300000000000864019966684281826019287109375,Private room,55,1
Williamsburg Stay at Low Price,223470070,Brooklyn,Williamsburg,40.7081299999999970395947457291185855865478515625,-73.96075999999999339706846512854099273681640625,Private room,60,1
Lovely Private Room CLOSE TO JFK & LGA AIRPORT R#1,444802532,Queens,Richmond Hill,40.6904200000000031423041946254670619964599609375,-73.8139599999999944657247397117316722869873046875,Private room,76,1
Super cosy and charming apartment,319140756,Manhattan,Lower East Side,40.7200619999999986475813784636557102203369140625,-73.98482500000000072759576141834259033203125,Private room,104,1
BETTER SIDE OF BED-STUY,444941541,Brooklyn,Bedford-Stuyvesant,40.68867000000000189174897968769073486328125,-73.9440799999999995861799106933176517486572265625,Private room,65,1
LOVELY BEDROOM FOR RENT IN THE BRONX CLOSE TO ALL!,424150408,Bronx,Kingsbridge,40.87297000000000224417817662470042705535888671875,-73.901690000000002100932761095464229583740234375,Private room,79,1
Pre-War Sunny 2 Bedroom,17556768,Brooklyn,Bushwick,40.699060000000002901288098655641078948974609375,-73.9171199999999970486896927468478679656982421875,Private room,175,1
1 bedroom available in shared condo unit- Elmhurst,447277698,Queens,Elmhurst,40.74696000000000140062184073030948638916015625,-73.8856099999999997862687450833618640899658203125,Private room,80,1
Cozy Modern NYC Room Near JFK,191924030,Queens,South Ozone Park,40.672910000000001673470251262187957763671875,-73.813410000000004629328032024204730987548828125,Private room,75,1
The best Apartment in Manhattan,61408134,Manhattan,Upper East Side,40.76091000000000263980837189592421054840087890625,-73.9642300000000005866240826435387134552001953125,Private room,166,1
Premier Manhattan View King Suite - Boutique Hotel,441793133,Queens,Long Island City,40.753500000000002501110429875552654266357421875,-73.9361200000000025056579033844172954559326171875,Private room,254,1
2 Double-Beds with Balcony Views in Boutique Hotel,441793133,Queens,Long Island City,40.75357000000000340378392138518393039703369140625,-73.9343300000000027694113668985664844512939453125,Private room,212,1
Deluxe Queen Room in Boutique Art Hotel,441793133,Queens,Long Island City,40.75323999999999813326212461106479167938232421875,-73.9346100000000063801053329370915889739990234375,Private room,202,1
Deluxe Queen with Balcony - Wheelchair Accessible,441793133,Queens,Long Island City,40.75558000000000191676008398644626140594482421875,-73.93452999999999519786797463893890380859375,Private room,204,1
Lovely Private Room and Bathroom,447895924,Brooklyn,Crown Heights,40.67383000000000237150743487291038036346435546875,-73.9170500000000032514435588382184505462646484375,Private room,89,1
Im looking for someone to rent the other room temp,91156145,Queens,Kew Gardens Hills,40.72601999999999833335095900110900402069091796875,-73.8135199999999969122654874809086322784423828125,Private room,700,1
Premier King with Balcony in Boutique Hotel,441793133,Queens,Long Island City,40.75406000000000261707100435160100460052490234375,-73.9341399999999993042365531437098979949951171875,Private room,208,1
Lit bamboo min away from Barclay's,284603393,Brooklyn,Bedford-Stuyvesant,40.6876299999999986312104738317430019378662109375,-73.9449299999999993815436027944087982177734375,Private room,123,1
Private Room in Apartment You Can Rent in Brooklyn,358933697,Brooklyn,East New York,40.674070000000000391082721762359142303466796875,-73.8780100000000032878233469091355800628662109375,Private room,47,1
Quiet Room in Harlem. 1 guest ONLY! no extra guest,357899706,Manhattan,Harlem,40.8166700000000020054358174093067646026611328125,-73.942530000000004974936018697917461395263671875,Private room,72,1
"Bright, Sunny Room in Bushwick",21418952,Brooklyn,Bushwick,40.7002600000000001045918907038867473602294921875,-73.9227499999999935198502498678863048553466796875,Private room,54,1
Cheerful 1 bedroom Space in Queens,238547463,Queens,Flushing,40.7268100000000004001776687800884246826171875,-73.80892000000000052750692702829837799072265625,Private room,50,1
Private Cozy Room in Perfect Bed-Stuy location.,350254795,Brooklyn,Bedford-Stuyvesant,40.68225000000000335376171278767287731170654296875,-73.939300000000002910383045673370361328125,Private room,63,1
Lovely private room . (Queens bed),357914975,Bronx,Mount Eden,40.8422800000000023601387511007487773895263671875,-73.9154300000000006320988177321851253509521484375,Private room,95,1
Private bed and bath with yard,284603393,Brooklyn,Bedford-Stuyvesant,40.689560000000000172803993336856365203857421875,-73.94306000000000267391442321240901947021484375,Private room,203,1
Perfectly located 1 bedroom in NYC,443450883,Manhattan,Harlem,40.82603000000000292857293970882892608642578125,-73.9523099999999971032593748532235622406005859375,Private room,65,1
Fruta's Cozy Room,127983545,Brooklyn,Crown Heights,40.671829999999999927240423858165740966796875,-73.915719999999993206074577756226062774658203125,Private room,49,1
Vibrant 1 bedroom space in Queens,238547463,Queens,Flushing,40.726799999999997226041159592568874359130859375,-73.8088500000000067302607931196689605712890625,Private room,50,1
Elegant Hideaway Large Bedroom w/Private Entrance,178176640,Brooklyn,Bergen Beach,40.627780000000001336957211606204509735107421875,-73.918059999999996989572537131607532501220703125,Private room,125,1
Hermosa habitación,256556853,Bronx,Tremont,40.844110000000000582076609134674072265625,-73.8925799999999952660800772719085216522216796875,Private room,83,1
"A comfortable bedroom in Bensonhurst, Brooklyn",442253364,Brooklyn,Borough Park,40.61397600000000096542862593196332454681396484375,-73.9810870000000022628228180110454559326171875,Private room,95,1
Private room E in the basement !,208365297,Queens,Long Island City,40.75437000000000153931978275068104267120361328125,-73.936949999999995952748577110469341278076171875,Private room,69,1
Bedroom for rent,7028737,Queens,Ditmars Steinway,40.77788000000000323552740155719220638275146484375,-73.9166500000000041836756281554698944091796875,Private room,150,1
MACDOUGAL 5 - HUGE BEAUTIFUL NEW MODERN ROOM,441746363,Brooklyn,Bedford-Stuyvesant,40.679699999999996862243278883397579193115234375,-73.9103499999999939973349682986736297607421875,Private room,67,1
The Brooklyn Beat,170649558,Brooklyn,Canarsie,40.64488000000000056388671509921550750732421875,-73.895160000000004174580681137740612030029296875,Private room,85,1
Nice comfortable room quite neighborhood,402257342,Brooklyn,East Flatbush,40.654370000000000118234311230480670928955078125,-73.9334400000000044883563532494008541107177734375,Private room,150,1
"Cozy n brand new  Privte Bath Bklyn near F,G train",14898658,Brooklyn,Kensington,40.6434899999999998954081092961132526397705078125,-73.981629999999995561665855348110198974609375,Private room,43,1
Queens Jamaica Luxurious studio,364255290,Queens,Jamaica,40.6994600000000019690560293383896350860595703125,-73.7773600000000016052581486292183399200439453125,Private room,125,1
Calm and Comfortable Room in a homey apartment,401904837,Brooklyn,Bushwick,40.68833000000000055251803132705390453338623046875,-73.9165699999999930014382698573172092437744140625,Private room,76,1
Amazing Cozy Room Near Prospect Park,429454632,Brooklyn,Prospect-Lefferts Gardens,40.66026000000000095724317361600697040557861328125,-73.9429899999999946658135741017758846282958984375,Private room,58,1
MACDOUGAL 3 - HUGE NEW BEAUTIFUL MODERN ROOM,441746363,Brooklyn,Bedford-Stuyvesant,40.6794399999999995998223312199115753173828125,-73.9096200000000038698999560438096523284912109375,Private room,65,1
MACDOUGAL 2 - HUGE NEW BEAUTIFUL MODERN ROOM,441746363,Brooklyn,Bedford-Stuyvesant,40.67916000000000309455572278238832950592041015625,-73.9089500000000043655745685100555419921875,Private room,66,1
MACDOUGAL 1 - HUGE NEW BEAUTIFUL MODERN ROOM,441746363,Brooklyn,Bedford-Stuyvesant,40.68115999999999843339537619613111019134521484375,-73.9079899999999980764187057502567768096923828125,Private room,73,1
Exclusive Private Studio 410 | Private Bathroom,401202937,Manhattan,Midtown,40.746499999999997498889570124447345733642578125,-73.98899000000000114596332423388957977294921875,Private room,176,1
Lovely private bedroom 10 minutes from JFK,310169988,Queens,Jamaica,40.67768000000000228055796469561755657196044921875,-73.791979999999995243342709727585315704345703125,Private room,138,1
Perfect for taking a nigth off,240094957,Queens,Glendale,40.7042799999999971305442159064114093780517578125,-73.894360000000006039044819772243499755859375,Private room,135,1
cozy private bedroom in bay ridge,381486556,Brooklyn,Bay Ridge,40.63418999999999670080796931870281696319580078125,-74.0277800000000070212990976870059967041015625,Private room,72,1
LOVELY ROOM in South Williamsburg!,171136827,Brooklyn,Bedford-Stuyvesant,40.69935000000000258069121628068387508392333984375,-73.943299999999993588062352500855922698974609375,Private room,81,1
Bright cozy room in Brooklyn,91889284,Brooklyn,Crown Heights,40.67184999999999917008608463220298290252685546875,-73.9213199999999943656803225167095661163330078125,Private room,71,1
Exclusive Private Studio 721 | Private Bathroom,401202937,Manhattan,Midtown,40.74645000000000294448909698985517024993896484375,-73.986670000000003710738383233547210693359375,Private room,119,1
Cozy and comfortable room in Brooklyn,433696576,Brooklyn,Bedford-Stuyvesant,40.6912099999999981037035468034446239471435546875,-73.94062999999999874489731155335903167724609375,Private room,52,1
Comfortable one-bedroom unit in Woodside (Queens).,285300808,Queens,Sunnyside,40.740127999999998564817360602319240570068359375,-73.9172209999999978435880620963871479034423828125,Private room,66,1
Selina Chelsea NYC - Unique Room,342821708,Manhattan,Chelsea,40.7514400000000023283064365386962890625,-74.004490000000004101821104995906352996826171875,Private room,478,1
Solo Cabin...Big City,155440053,Manhattan,Chelsea,40.74978999999999729197952547110617160797119140625,-73.99605999999999994543031789362430572509765625,Private room,100,1
1 habitacion cerca de dos aeropuertos en queens,347884942,Queens,Flushing,40.74540999999999968395059113390743732452392578125,-73.833110000000004902176442556083202362060546875,Private room,80,1
Cheerful getaway 1 br in Townhouse,37144916,Brooklyn,East Flatbush,40.6492099999999965120878187008202075958251953125,-73.9422899999999998499333742074668407440185546875,Private room,71,1
The Hilton - Studio,475761645,Manhattan,Midtown,40.7622945105018033018495771102607250213623046875,-73.9791890747087990121144684962928295135498046875,Private room,520,1
Bright and Airy bedroom in Central Williamsburg,417275418,Brooklyn,Williamsburg,40.71119252139072841600864194333553314208984375,-73.961359368302879602197208441793918609619140625,Private room,82,1
Private room CLOSE TO JFK & LGA AIRPORT Rm#3,444802532,Queens,Richmond Hill,40.689019999999999299689079634845256805419921875,-73.81421000000000276486389338970184326171875,Private room,78,1
Cozy Room Near JFK,191924030,Queens,South Ozone Park,40.6745599999999996043698047287762165069580078125,-73.8118300000000004956746124662458896636962890625,Private room,65,1
Imperial Studios (Apt Selected at Check in #7,433145666,Manhattan,Midtown,40.74792000000000058435034588910639286041259765625,-73.9868599999999929650584817864000797271728515625,Private room,225,1
COZY HAVEN ->Free Continental Breakfast❤️,224532641,Brooklyn,Prospect-Lefferts Gardens,40.65943999999999647343429387547075748443603515625,-73.94941000000000030922819860279560089111328125,Private room,80,1
Room near jfk airport,142852663,Queens,South Ozone Park,40.6734000000000008867573342286050319671630859375,-73.8062800000000009958966984413564205169677734375,Private room,68,1
Amazing Room in Ridgewood/Bushwick near the MTrain,17602501,Queens,Ridgewood,40.70920000000000271711542154662311077117919921875,-73.894419999999996662154444493353366851806640625,Private room,130,1
Cozy & Private ✓Close to NYC ✓Rooftop ✓Bathtub,445492801,Brooklyn,Sunset Park,40.661079999999998335624695755541324615478515625,-73.99254999999999427018337883055210113525390625,Private room,119,1
East Elmhurst room near LAG.,119987770,Queens,East Elmhurst,40.76145999999999958163243718445301055908203125,-73.88029000000000223735696636140346527099609375,Private room,65,1
"Vivacious, Safe, Central Park Upper West Side",395949423,Manhattan,Upper West Side,40.7956300000000027239366318099200725555419921875,-73.963539999999994734025676734745502471923828125,Private room,100,1
Private Room CLOSE TO JFK & LGA AIRPORT Rm#2,444802532,Queens,Richmond Hill,40.68936000000000063892002799548208713531494140625,-73.81589999999999918145476840436458587646484375,Private room,82,1
HELLO PARIS -Free Continental Breakfast❤️,224532641,Brooklyn,Prospect-Lefferts Gardens,40.65982000000000340378392138518393039703369140625,-73.9511600000000015597834135405719280242919921875,Private room,86,1
The Morning sunshine!!!,348032287,Queens,Hollis,40.71327000000000140289557748474180698394775390625,-73.7577899999999999636202119290828704833984375,Private room,70,1
Wonderful Quen Size Private Bright  Sunny Bedroom,315299719,Manhattan,Hell's Kitchen,40.765569999999996753103914670646190643310546875,-73.9911100000000061527316574938595294952392578125,Private room,65,1
TwistedvintageNY Surfer/Beach House. Private Room,168054716,Queens,Rockaway Beach,40.588560000000001082298695109784603118896484375,-73.8149800000000055888449423946440219879150390625,Private room,131,1
A+ Location Superior Studio(Queen Bed & Futon),348619646,Manhattan,Midtown,40.74672000000000338104655384086072444915771484375,-73.988820000000004029061528854072093963623046875,Private room,159,1
Comfortable & Clean Crash Pad,441736253,Brooklyn,Fort Greene,40.6956899999999990313881426118314266204833984375,-73.9773500000000012732925824820995330810546875,Private room,70,1
Brooklyn Rest,305090694,Brooklyn,Bensonhurst,40.60896000000000327645466313697397708892822265625,-73.97332000000000107320374809205532073974609375,Private room,49,1
Travel nurses' home away from home near DUMBO,174383553,Brooklyn,Crown Heights,40.6712500000000005684341886080801486968994140625,-73.9339700000000021873347577638924121856689453125,Private room,159,1
Nice cozy place from home,299585706,Brooklyn,East Flatbush,40.6416904161032874753800570033490657806396484375,-73.9495118159229463117299019359052181243896484375,Private room,71,1
Private Room for 2,368629649,Queens,Astoria,40.76238000000000027966962079517543315887451171875,-73.9209599999999937836037133820354938507080078125,Private room,200,1
Spectacular views near World Trade Center,435369966,Manhattan,Financial District,40.710025999999999157807906158268451690673828125,-74.011359999999996261976775713264942169189453125,Private room,203,1
Modern Bd in central location! 2stops NYC,101573638,Brooklyn,Williamsburg,40.70893000000000228055796469561755657196044921875,-73.9515999999999991132426657713949680328369140625,Private room,91,1
First floor of Brooklyn Art Duplex,226426835,Brooklyn,Brownsville,40.67166999999999887904778006486594676971435546875,-73.913780000000002701199264265596866607666015625,Private room,65,1
"Lovely Rental Unit,Close To Manhathan",429140512,Queens,Sunnyside,40.74374999999999857891452847979962825775146484375,-73.91500999999999521605786867439746856689453125,Private room,80,1
Vybe Hotel Bronx,348034609,Bronx,Wakefield,40.90339000000000169166014529764652252197265625,-73.8503500000000059344529290683567523956298828125,Private room,200,1
BEST SIDE OF BED-STUY,444941541,Brooklyn,Bedford-Stuyvesant,40.68742999999999909732650849036872386932373046875,-73.94625999999999521605786867439746856689453125,Private room,74,1
Big room in nice area,339436944,Brooklyn,Cypress Hills,40.6863900000000029422153602354228496551513671875,-73.8736899999999963029040372930467128753662109375,Private room,47,1
Private room in a two bedroom apartment room#1,186136214,Bronx,Mount Hope,40.845359999999999445208231918513774871826171875,-73.9045100000000019235812942497432231903076171875,Private room,60,1
Easy access to Manhattan : Nice Condition room,19303369,Queens,Jackson Heights,40.75234999999999985220711096189916133880615234375,-73.8785299999999978126652422361075878143310546875,Private room,19,1
St Regis Studio,28656622,Manhattan,Midtown,40.76161599999999651799953426234424114227294921875,-73.9743349999999963984009809792041778564453125,Private room,1057,1
1 Private Bedroom in a three bedrooms apartment.,152374951,Manhattan,Kips Bay,40.7433800000000019281287677586078643798828125,-73.9818499999999943383954814635217189788818359375,Private room,135,1
"Excellent, comfortable and close to the airport.",344029666,Queens,Corona,40.736040000000002692104317247867584228515625,-73.8605400000000003046807250939309597015380859375,Private room,62,1
Play pen,445893943,Brooklyn,Cypress Hills,40.6802899999999993951860233210027217864990234375,-73.8933899999999965757524478249251842498779296875,Private room,100,1
★SLEEP IN LUXURY | CLOSE TO NYC HOSPITALS | LYSOL★,20405437,Queens,Astoria,40.76838000000000050704329623840749263763427734375,-73.913510000000002264641807414591312408447265625,Private room,124,1
"Charming, Brick Private Bedroom in NYC",288624351,Manhattan,Harlem,40.814470000000000027284841053187847137451171875,-73.9445699999999987994669936597347259521484375,Private room,73,1
Private BR and bath in stylish Brooklyn apartment,63813702,Brooklyn,Bedford-Stuyvesant,40.68072000000000087993612396530807018280029296875,-73.9451700000000045065462472848594188690185546875,Private room,140,1
Combat Jack: 1-Bedroom Casa Particular in Brooklyn,140938997,Brooklyn,Crown Heights,40.66854000000000013415046851150691509246826171875,-73.934380000000004429239197634160518646240234375,Private room,57,1
THE AMAZON-Free Continental Breakfast❤️,224532641,Brooklyn,Prospect-Lefferts Gardens,40.6595200000000005502442945726215839385986328125,-73.9493800000000049976733862422406673431396484375,Private room,99,1
Artsy Clinton Hill Hideout,51965453,Brooklyn,Bedford-Stuyvesant,40.69648000000000109821485239081084728240966796875,-73.9590400000000016689227777533233165740966796875,Private room,90,1
*Times Square Luxury Apartment Private Room*,203862132,Manhattan,Hell's Kitchen,40.76064000000000220325091504491865634918212890625,-73.9880500000000012050804798491299152374267578125,Private room,136,1
Brick Private Bedroom in prime NYC location,288624351,Manhattan,Harlem,40.81743000000000165528035722672939300537109375,-73.9447300000000069530869950540363788604736328125,Private room,66,1
Modern Master Bedroom (Summer),447930128,Queens,Jackson Heights,40.7546099999999995588950696401298046112060546875,-73.858530000000001791704562492668628692626953125,Private room,79,1
Has a private bathroom and access to the garden.,447914116,Brooklyn,Prospect Heights,40.67604000000000041836756281554698944091796875,-73.967680000000001427906681783497333526611328125,Private room,120,1
"Cozy, Convenient 1 bedroom. JFK, mall, casino",144688687,Queens,Springfield Gardens,40.66854000000000013415046851150691509246826171875,-73.765219999999999345163814723491668701171875,Private room,84,1
Cozy Room,447538686,Brooklyn,Bedford-Stuyvesant,40.696978578716283436733647249639034271240234375,-73.93686745535370619109016843140125274658203125,Private room,120,1
Premier Double Room with Skydeck in Boutique Hotel,441793133,Queens,Long Island City,40.75366000000000354930307366885244846343994140625,-73.934269999999997935447026975452899932861328125,Private room,343,1
Nolita Rental,305341862,Manhattan,Nolita,40.7214000000000027057467377744615077972412109375,-73.994020000000006120899342931807041168212890625,Private room,100,1
Awesome *NEW* Huge Private Room in NYC!,433696576,Brooklyn,Bedford-Stuyvesant,40.6926500000000004320099833421409130096435546875,-73.938659999999998717612470500171184539794921875,Private room,90,1
New Room in Queens,411757269,Queens,Elmhurst,40.73279000000000138470568344928324222564697265625,-73.872330000000005156834959052503108978271484375,Private room,70,1
Modern bedroom in gorgeous Brooklyn townhouse,381486556,Brooklyn,Bay Ridge,40.63246000000000179852577275596559047698974609375,-74.0277099999999990131982485763728618621826171875,Private room,60,1
Private room in a huge Duplex in Williamsburg,25596183,Brooklyn,Williamsburg,40.706760000000002719389158301055431365966796875,-73.95013000000000147338141687214374542236328125,Private room,102,1
BEAUTIFUL 4/20 ROOM! DISCREET & CENTRAL!,17019201,Brooklyn,Greenpoint,40.72250999999999976353137753903865814208984375,-73.94134999999999990905052982270717620849609375,Private room,90,1
D.R.I.P INC,433655315,Bronx,Mount Hope,40.846530000000001336957211606204509735107421875,-73.90255999999999403371475636959075927734375,Private room,150,1
🪴🐾🗽 Junie's Cozy private room. 🦥🍀,127983545,Brooklyn,Crown Heights,40.67320000000000135287336888723075389862060546875,-73.9178399999999982128429110161960124969482421875,Private room,58,1
😸 🐾 Cirilo's G. Nice Private Room🪴🌞🐈‍⬛,127983545,Brooklyn,Crown Heights,40.6725100000000026057023205794394016265869140625,-73.915490000000005466063157655298709869384765625,Private room,55,1
Peaceful 1-Bedroom in Queens,445169561,Queens,Flushing,40.76032000000000010686562745831906795501708984375,-73.80374000000000478394213132560253143310546875,Private room,70,1
Peaceful 1-Bedroom in Flushing,445169561,Queens,Flushing,40.7608699999999970486896927468478679656982421875,-73.802040000000005193214747123420238494873046875,Private room,70,1
Bedroom in East Village! Prime Location!,435361795,Manhattan,East Village,40.72305000000000063664629124104976654052734375,-73.9767599999999987403498380444943904876708984375,Private room,71,1
Cozy Flatbush Getaway,37144916,Brooklyn,East Flatbush,40.6506200000000035288394428789615631103515625,-73.9405200000000064619598560966551303863525390625,Private room,78,1
Premier Suite with Private Patio - Boutique Hotel,441793133,Queens,Long Island City,40.75377999999999900637703831307590007781982421875,-73.9343400000000059435478760860860347747802734375,Private room,350,1
2 Double beds w Skyline Views in Lower Manhattan,435369966,Manhattan,Financial District,40.71072000000000201680450118146836757659912109375,-74.0121100000000069485395215451717376708984375,Private room,258,1
Exclusive Private Studio 1103 | Private Bathroom,401202937,Manhattan,Midtown,40.74824000000000268073563347570598125457763671875,-73.9866899999999958481566864065825939178466796875,Private room,117,1
Private Spacious Queen Room in the ❤️ of Bed-Stuy,350254795,Brooklyn,Bedford-Stuyvesant,40.6821699999999992769517120905220508575439453125,-73.9388000000000005229594535194337368011474609375,Private room,60,1
Nice cozy short stay.,351763192,Brooklyn,Brownsville,40.66417837659394507454635458998382091522216796875,-73.911588716098748363947379402816295623779296875,Private room,43,1
"Lovely 1-bedroom 
in Bedstuy Brooklyn NY. coffee shops restaurants bars closes by also close to downtown Brooklyn only a few miles from Brooklyn Bridge...",237863320,Brooklyn,Bedford-Stuyvesant,40.69136999999999915189619059674441814422607421875,-73.9432199999999966166797094047069549560546875,Private room,151,1
Modern Furnished Private Room in Brownstone Apt.,25001454,Manhattan,Washington Heights,40.844009999999997262420947663486003875732421875,-73.9339499999999958390617393888533115386962890625,Private room,85,1
Beautiful King Bed Hotel Room,371972456,Manhattan,Financial District,40.706490000000002282831701450049877166748046875,-74.0040699999999986857801559381186962127685546875,Private room,239,1
SOHO Sun-filled room in opposite of Tadao Ando's,22309428,Manhattan,Nolita,40.7211199999999990950527717359364032745361328125,-73.9954800000000005866240826435387134552001953125,Private room,116,1
HUGE apt Boho Dream private room,195024069,Queens,Forest Hills,40.72390999999999650071913492865860462188720703125,-73.8480799999999959482011036016047000885009765625,Private room,100,1
A+ Location Studio (Apt Selected at Check-in) #2,348619646,Manhattan,Midtown,40.74627000000000265345079242251813411712646484375,-73.988010000000002719389158301055431365966796875,Private room,159,1
Modern River view  bedroom in New York .,54198006,Manhattan,Roosevelt Island,40.76138999999999867895894567482173442840576171875,-73.951269999999993842720868997275829315185546875,Private room,104,1
"Habitación Privada, solo 30 minutos de Manhattan!",223087887,Queens,Corona,40.7368900000000024874680093489587306976318359375,-73.8634200000000049612935981713235378265380859375,Private room,60,1
Beautiful King Bed Hotel Room,371972456,Manhattan,Financial District,40.70635999999999654619387001730501651763916015625,-74.0051500000000004320099833421409130096435546875,Private room,239,1
habitacion en el bronx,424354855,Bronx,Fordham,40.8671700000000015506884665228426456451416015625,-73.8930399999999991678123478777706623077392578125,Private room,65,1
Beautiful King Bed Hotel Room,371972456,Manhattan,Financial District,40.70633000000000123463905765675008296966552734375,-74.0040000000000048885340220294892787933349609375,Private room,239,1
Cozy room in Upper west side Manhattan!,53725579,Manhattan,Upper West Side,40.8005399999999980309439706616103649139404296875,-73.9613499999999959300112095661461353302001953125,Private room,62,1
"The Vera, lovely 2 bedroom on the 2nd floor Queens",422291147,Queens,Richmond Hill,40.68419999999999703277353546582162380218505859375,-73.8286399999999929377736407332122325897216796875,Private room,125,1
Beautiful King Bed Hotel Room,371972456,Manhattan,Financial District,40.70656999999999925421434454619884490966796875,-74.0042600000000021509549696929752826690673828125,Private room,239,1
Comfortable Queen Room w/ Wi-Fi + Private Bathroom,208576158,Queens,Jamaica,40.68701999999999685542206862010061740875244140625,-73.784819999999996298356563784182071685791015625,Private room,150,1
Beautiful 2 Double Bed Hotel Room,371972456,Manhattan,Financial District,40.7064400000000006230038707144558429718017578125,-74.0057900000000046247805585153400897979736328125,Private room,239,1
Modern private room in Bushwick house,41773438,Brooklyn,Bushwick,40.6870899999999977580955601297318935394287109375,-73.911640000000005557012627832591533660888671875,Private room,73,1
Lovely and comfort 10 min LGA🛩 20 min Manhattan🏙,388289391,Queens,Woodside,40.75354999999999705551090301014482975006103515625,-73.9028299999999944702722132205963134765625,Private room,60,1
"Super Private Room in Manhattan, Close to Subway",399868350,Manhattan,Harlem,40.8267000000000024328983272425830364227294921875,-73.9415000000000048885340220294892787933349609375,Private room,72,1
"Private Bedroom, Manhattan, 70s, Upper East Side",6086114,Manhattan,Upper East Side,40.7709770000000020218067220412194728851318359375,-73.95638999999999896317603997886180877685546875,Private room,90,1
Private room by Apollo theater,209719718,Manhattan,Harlem,40.8109630776010590125224553048610687255859375,-73.953623485116196434319135732948780059814453125,Private room,72,1
Near LGA and JFK Airport Nice Cozy clean Room,194377255,Queens,East Elmhurst,40.76033000000000328100213664583861827850341796875,-73.8840500000000020008883439004421234130859375,Private room,53,1
Beautiful 2 Double Bed Hotel Room,371972456,Manhattan,Financial District,40.7066200000000009140421752817928791046142578125,-74.0057000000000044792614062316715717315673828125,Private room,239,1
Modern bedroom #1 A fabulous Gem on Utica,96891607,Brooklyn,East Flatbush,40.66344000000000136196831590496003627777099609375,-73.93148999999999659848981536924839019775390625,Private room,98,1
Modern bedroom #2 A lovely Gem on Utica,96891607,Brooklyn,East Flatbush,40.6629199999999997316990629769861698150634765625,-73.9309899999999942110662232153117656707763671875,Private room,91,1
Modern bedroom w/private bathroom A Gem on Utica,96891607,Brooklyn,East Flatbush,40.6612999999999971123543218709528446197509765625,-73.931520000000006120899342931807041168212890625,Private room,101,1
Beautiful 2 Double Bed Hotel Room,371972456,Manhattan,Financial District,40.70573999999999870169631321914494037628173828125,-74.005910000000000081854523159563541412353515625,Private room,239,1
Near LGA and JFK Airport New Charming Guest Suite,194377255,Queens,East Elmhurst,40.7602600000000023783286451362073421478271484375,-73.8848799999999954479790176264941692352294921875,Private room,55,1
Beautiful 2 Double Bed Hotel Room,371972456,Manhattan,Financial District,40.7063500000000004774847184307873249053955078125,-74.0042799999999942883732728660106658935546875,Private room,239,1
Close to Manhattan! Comfortable area to stay♪,390535864,Queens,Sunnyside,40.7378599999999977399056660942733287811279296875,-73.923689999999993460733094252645969390869140625,Private room,47,1
KONSTANT KONFERENCE,137832740,Queens,Bayside,40.765399999999999636202119290828704833984375,-73.768450000000001409716787748038768768310546875,Private room,249,1
VintageGreen 420°,428423827,Brooklyn,Columbia St,40.6867400000000003501554601825773715972900390625,-74.001800000000002910383045673370361328125,Private room,90,1
Cozy private room rental unit in Bedstuy Brooklyn,309568446,Brooklyn,Bedford-Stuyvesant,40.69326000000000220779838855378329753875732421875,-73.9331399999999945293893688358366489410400390625,Private room,70,1
Private Bath & Room A/C/J/Z Trains + Access to JFK,108168953,Brooklyn,Cypress Hills,40.67965000000000230784280574880540370941162109375,-73.872579999999999245119397528469562530517578125,Private room,90,1
"7 mins from JFK. Amazing fur apt, one bedroom.",434292556,Queens,Springfield Gardens,40.68740999999999985448084771633148193359375,-73.7575800000000043610270950011909008026123046875,Private room,99,1
Cozy private room,425779086,Queens,Maspeth,40.72160000000000223963070311583578586578369140625,-73.8952699999999964575181365944445133209228515625,Private room,65,1
Perfect room in Times Square,322791021,Manhattan,Hell's Kitchen,40.75507999999999952933649183250963687896728515625,-73.99250000000000682121026329696178436279296875,Private room,95,1
Entired flat!! 15 minutes from midtown Manhattan!,76549046,Queens,Sunnyside,40.7453900000000004411049303598701953887939453125,-73.916889999999995097823557443916797637939453125,Private room,115,1
HUGE room over looking the Hudson River!,378681615,Manhattan,Washington Heights,40.8467600000000032878233469091355800628662109375,-73.9433700000000015961632016114890575408935546875,Private room,500,1
A+ Location Studio APT Selected at Check-in #7,348619646,Manhattan,Midtown,40.74779000000000195313987205736339092254638671875,-73.9888700000000056888893595896661281585693359375,Private room,154,1
Water View King Bed Hotel Room,371972456,Manhattan,Financial District,40.70665999999999939973349682986736297607421875,-74.0055100000000010140865924768149852752685546875,Private room,239,1
"Basic room in Downtown, close to everywhere",308799237,Manhattan,Chinatown,40.71755999999999886540535953827202320098876953125,-73.99642000000000052750692702829837799072265625,Private room,79,1
SPACIOUS & LUXURIOUS room/ Broadway/ Times Square,340038896,Manhattan,Theater District,40.756000000000000227373675443232059478759765625,-73.9854299999999938108885544352233409881591796875,Private room,219,1
纽约之家(PrivateBathroom1),45600001,Queens,Flushing,40.74660999999999688725438318215310573577880859375,-73.8339799999999968349584378302097320556640625,Private room,68,1
纽约之家(SunnyHome3）,45600001,Queens,Flushing,40.74506999999999834471964277327060699462890625,-73.833699999999993224264471791684627532958984375,Private room,58,1
Water View King Bed Hotel Room,371972456,Manhattan,Financial District,40.706310000000001991793396882712841033935546875,-74.0053099999999943747752695344388484954833984375,Private room,239,1
Water View King Bed Hotel Room,371972456,Manhattan,Financial District,40.706400000000002137312549166381359100341796875,-74.0041800000000051795723265968263149261474609375,Private room,239,1
PERFECT LOCATION HEARTH OF BROOKLYN BENSONHURST,376570687,Brooklyn,Bensonhurst,40.61800000000000210320649784989655017852783203125,-73.9919900000000012596501619555056095123291015625,Private room,55,1
Empire States Building! Entire Space in Manhattan,377647905,Manhattan,Murray Hill,40.7485300000000023601387511007487773895263671875,-73.9763200000000011868905858136713504791259765625,Private room,249,1
Cozy private room in Manhattan,351404975,Manhattan,Upper West Side,40.7945500000000009777068044058978557586669921875,-73.9735699999999951614881865680217742919921875,Private room,45,1
Mid Manhattan Entire Place sleeps 6,377647905,Manhattan,Murray Hill,40.749110000000001718944986350834369659423828125,-73.977339999999998099156073294579982757568359375,Private room,729,1
Sleeps 6! Yours Alone! Near Empire States Building,377647905,Manhattan,Murray Hill,40.746769999999997935447026975452899932861328125,-73.9769600000000053796611609868705272674560546875,Private room,240,1
Fully Sanitized Suite @ the center of Times Square,417166424,Manhattan,Theater District,40.757689999999996643964550457894802093505859375,-73.985960000000005720721674151718616485595703125,Private room,413,1
Private  room 2 blocks from Times Square.,38530455,Manhattan,Hell's Kitchen,40.76418000000000319005266646854579448699951171875,-73.9882499999999936335370875895023345947265625,Private room,108,1
Grand Central Sleeps 6! Entire Place! Midtown,377647905,Manhattan,Murray Hill,40.74676000000000186673787538893520832061767578125,-73.9762400000000042155079427175223827362060546875,Private room,185,1
Near Empire State Building Entire Place Is Yours,377647905,Manhattan,Murray Hill,40.7468199999999995952748577110469341278076171875,-73.97633999999999332430888898670673370361328125,Private room,254,1
Clean and cozy living room space in Bedstuy,168927293,Brooklyn,Bedford-Stuyvesant,40.68466000000000093450580607168376445770263671875,-73.92959999999999354258761741220951080322265625,Private room,30,1
Lovely one bedroom condo in Queens,74488815,Queens,Astoria,40.7686599999999970123099046759307384490966796875,-73.9249099999999970123099046759307384490966796875,Private room,55,1
Lovely one bedroom in Queens,74488815,Queens,Astoria,40.76659000000000077079675975255668163299560546875,-73.925430000000005748006515204906463623046875,Private room,55,1
One Bedroom in Queens,74488815,Queens,Astoria,40.7679600000000021964297047816216945648193359375,-73.9254700000000042336978367529809474945068359375,Private room,60,1
Water View King Bed Hotel Room,371972456,Manhattan,Financial District,40.70620999999999867213773541152477264404296875,-74.0039699999999953661244944669306278228759765625,Private room,239,1
Water View King Bed Hotel Room,371972456,Manhattan,Financial District,40.70448999999999983856469043530523777008056640625,-74.0051299999999940837369649671018123626708984375,Private room,239,1
Grand Central Empire State Bldg Entire Place Yours,377647905,Manhattan,Murray Hill,40.74683999999999883812051848508417606353759765625,-73.9779300000000006320988177321851253509521484375,Private room,236,1
Brooklyn Oasis,45535181,Brooklyn,Crown Heights,40.676299999999997680788510479032993316650390625,-73.9310899999999975307218846864998340606689453125,Private room,64,1
Private Comfy Room in Trendy Bed-Stuy!,350254795,Brooklyn,Bedford-Stuyvesant,40.68379999999999796500560478307306766510009765625,-73.9393199999999950478013488464057445526123046875,Private room,61,1
Beautiful 2 Double Bed Hotel Room,371972456,Manhattan,Financial District,40.70465999999999695546648581512272357940673828125,-74.0056799999999981309883878566324710845947265625,Private room,239,1
Beautiful bedroom in the diverse heart of Brooklyn,126288916,Brooklyn,Flatbush,40.63756000000000057070792536251246929168701171875,-73.9583899999999943020156933926045894622802734375,Private room,60,1
The East wing,247502306,Brooklyn,Williamsburg,40.71811000000000291265678242780268192291259765625,-73.9582999999999941564965411089360713958740234375,Private room,130,1
Beautiful King Bed Hotel Room!,371972456,Manhattan,Financial District,40.70485000000000042064129956997931003570556640625,-74.0056799999999981309883878566324710845947265625,Private room,239,1
Times Square Boutique Hotel Private Standard Room,394817730,Manhattan,Hell's Kitchen,40.7608900000000033969627111218869686126708984375,-73.9873300000000000409272615797817707061767578125,Private room,192,1
Water View King Bed Hotel Room,371972456,Manhattan,Financial District,40.706310000000001991793396882712841033935546875,-74.00430000000000063664629124104976654052734375,Private room,239,1
Modern Private Suite & Bath - 8 mins to Manhattan!,235200338,Brooklyn,Williamsburg,40.712839999999999918145476840436458587646484375,-73.936949999999995952748577110469341278076171875,Private room,66,1
TRYP by Wyndham Times Square - sleeps 8 - Midtown,38592279,Manhattan,Hell's Kitchen,40.75473000000000212139639188535511493682861328125,-73.9952300000000064983396441675722599029541015625,Private room,406,1
✨ GIGANTIC ☆ ECO-FRIENDLY QUEEN BEDROOM/PRVT BATH✨,407479321,Bronx,Allerton,40.85969999999999657802618457935750484466552734375,-73.8619699999999994588506524451076984405517578125,Private room,99,1
"Private bedroom with A/C, WiFi in central BK",393076353,Brooklyn,East Flatbush,40.65258000000000038198777474462985992431640625,-73.9125700000000023237589630298316478729248046875,Private room,63,1
"★ Perfect for Travelers ★ Comfy, Cozy & Fast WiFi",407479321,Bronx,Allerton,40.85996999999999701458364143036305904388427734375,-73.863560000000006766640581190586090087890625,Private room,79,1
Hab. low cost and comfortable/ Económico y cómodo.,283247630,Queens,Astoria,40.7629299999999972214936860837042331695556640625,-73.9053499999999985448084771633148193359375,Private room,65,1
Astoria Delancy Inn & Suites,443405103,Queens,Long Island City,40.75623999999999824694896233268082141876220703125,-73.9368999999999942929207463748753070831298828125,Private room,135,1
"Sunny room with AC,  laundry, gym & rooftop",179017459,Brooklyn,Williamsburg,40.70862000000000335830918629653751850128173828125,-73.9392500000000012505552149377763271331787109375,Private room,97,1
Spacious & Colorful Bedroom/Workspace,11308947,Brooklyn,Prospect-Lefferts Gardens,40.6555800000000004956746124662458896636962890625,-73.9596599999999995134203345514833927154541015625,Private room,80,1
Best Value for Groups/Family/Friends Smart Roku TV,407479321,Bronx,Allerton,40.86142000000000251702658715657889842987060546875,-73.8633200000000016416379367001354694366455078125,Private room,150,1
Sunny private room near C park &Colombia univ,429419108,Manhattan,Upper West Side,40.80022000000000303998604067601263523101806640625,-73.9608099999999950568962958641350269317626953125,Private room,91,1
Queen Beautiful private space for quiet work place,443693087,Staten Island,Mariners Harbor,40.62910000000000110276232589967548847198486328125,-74.159660000000002355591277591884136199951171875,Private room,55,1
Cozy and comfortable room in Manhattan,8113117,Manhattan,East Harlem,40.7897999999999996134647517465054988861083984375,-73.9400600000000025602275854907929897308349609375,Private room,101,1
Room B. One Lovely bedroom with full size bed unit,390939824,Queens,Cambria Heights,40.70038000000000266709321294911205768585205078125,-73.7479799999999983128873282112181186676025390625,Private room,70,1
Serene Lux (Junior Suite),442679011,Manhattan,East Harlem,40.78896999999999906094672041945159435272216796875,-73.942239999999998190105543471872806549072265625,Private room,125,1
Cozy room in flushing queens close to JFK and LGA,221913542,Queens,Flushing,40.7437400000000025102053768932819366455078125,-73.83490000000000463842297904193401336669921875,Private room,80,1
Lovely condo in Bushwick/Ridgewood area,67036224,Brooklyn,Bushwick,40.69200000000000017053025658242404460906982421875,-73.9042699999999967985786497592926025390625,Private room,75,1
Cozy private bedroom in the heart of Brooklyn,442884668,Brooklyn,Crown Heights,40.67567999999999983629095368087291717529296875,-73.9420899999999932106220512650907039642333984375,Private room,85,1
Very clean bedroom close to JFK and LGA,221913542,Queens,Flushing,40.7438300000000026557245291769504547119140625,-73.8349099999999936017047730274498462677001953125,Private room,80,1
Modern Upper East Side Apartment near Central Park,9581668,Manhattan,Upper East Side,40.77340000000000230784280574880540370941162109375,-73.9577900000000028057911549694836139678955078125,Private room,102,1
Comfy Room-Heart of Brighton-Close to the Ocean,113986628,Brooklyn,Brighton Beach,40.5810900000000032150637707673013210296630859375,-73.96435999999999921783455647528171539306640625,Private room,80,1
PHI PALACE ☆☆☆☆☆,444084702,Bronx,Pelham Gardens,40.86117999999999739202394266612827777862548828125,-73.845789999999993824530974961817264556884765625,Private room,75,1
Private room in a Royal Duplex in Williamsburg,7219450,Brooklyn,Williamsburg,40.70674000000000347654349752701818943023681640625,-73.950019999999994979589246213436126708984375,Private room,90,1
Private room clean and comfortable,352444781,Brooklyn,Brownsville,40.6569199999999995043253875337541103363037109375,-73.9067600000000055615601013414561748504638671875,Private room,62,1
Habitación en el bronx,209026981,Bronx,Concourse Village,40.829599999999999226929503493010997772216796875,-73.913039999999995188773027621209621429443359375,Private room,43,1
Serene Master WFH Bedroom in East Village.,435361795,Manhattan,East Village,40.7248799999999988585841492749750614166259765625,-73.9772200000000026420821086503565311431884765625,Private room,86,1
King Cheerful one room with free parking quite.,443693087,Staten Island,Mariners Harbor,40.629199999999997316990629769861698150634765625,-74.1580799999999982219378580339252948760986328125,Private room,60,1
Deluxe King room at RIU Plaza Manhattan Times Sq,427922501,Manhattan,Theater District,40.75889200000000300860847346484661102294921875,-73.9833909999999974616002873517572879791259765625,Private room,500,1
Perfect location in prime Williamsburg!,4719170,Brooklyn,Williamsburg,40.7122600000000005593392415903508663177490234375,-73.958519999999992933226167224347591400146484375,Private room,95,1
Water View 2 Double Beds Hotel Room,371972456,Manhattan,Financial District,40.7061700000000001864464138634502887725830078125,-74.005619999999993297024047933518886566162109375,Private room,239,1
Nice clean apt! Up to 2 guests,226684665,Manhattan,East Harlem,40.7889499999999998181010596454143524169921875,-73.9394199999999983674570103175938129425048828125,Private room,92,1
Water View King Bed Hotel Room,371972456,Manhattan,Financial District,40.70463000000000164391167345456779003143310546875,-74.005439999999993005985743366181850433349609375,Private room,239,1
LARGE Queen “studio” room: 25 mins to Timesquare,397296766,Queens,Elmhurst,40.7443999999999988403942552395164966583251953125,-73.877080000000006521077011711895465850830078125,Private room,102,1
Very nice clean private room in upper West side,428437504,Manhattan,Upper West Side,40.7833600000000018326318240724503993988037109375,-73.9781200000000040972736314870417118072509765625,Private room,106,1
Very nice big room in upper West side,428437504,Manhattan,Upper West Side,40.78453999999999979308995534665882587432861328125,-73.9789300000000054069460020400583744049072265625,Private room,118,1
High Floor River View w/ King Bed Hotel Room,371972456,Manhattan,Financial District,40.70450000000000301270119962282478809356689453125,-74.0053099999999943747752695344388484954833984375,Private room,239,1
Beautiful 2 Double Bed Hotel Room,371972456,Manhattan,Financial District,40.70658999999999849706000532023608684539794921875,-74.0043600000000054706106311641633510589599609375,Private room,239,1
New York State of Mind - Bedroom #1,144688687,Queens,Springfield Gardens,40.6663199999999989131538313813507556915283203125,-73.7652499999999946567186270840466022491455078125,Private room,88,1
Hefs Palace,333122477,Bronx,Claremont Village,40.8362800000000021327650756575167179107666015625,-73.91012000000000625732354819774627685546875,Private room,120,1
Beautiful King Bed Hotel Room!,371972456,Manhattan,Financial District,40.70631999999999806050254846923053264617919921875,-74.005729999999999790816218592226505279541015625,Private room,239,1
Water View 2 Double Beds Hotel Room,371972456,Manhattan,Financial District,40.705060000000003128661774098873138427734375,-74.005910000000000081854523159563541412353515625,Private room,239,1
Delightful Private studio in Bushwick by L train,221913542,Brooklyn,Bushwick,40.69086999999999676447259844280779361724853515625,-73.9027200000000021873347577638924121856689453125,Private room,99,1
纽约之家(SunnyHome7),45600001,Queens,Flushing,40.74454999999999671445038984529674053192138671875,-73.8350099999999969213604344986379146575927734375,Private room,60,1
Private room in Downtown Manhattan,308799237,Manhattan,Chinatown,40.7175299999999964484231895767152309417724609375,-73.997240000000005011315806768834590911865234375,Private room,79,1
A+ Location Studio (Apt Selected at Check-in) #3,348619646,Manhattan,Midtown,40.74822999999999950659912428818643093109130859375,-73.9872199999999935471350909210741519927978515625,Private room,165,1
Beautiful King Bed Hotel Room,371972456,Manhattan,Financial District,40.70443999999999817873685969971120357513427734375,-74.00583000000000311047188006341457366943359375,Private room,239,1
Beautiful King Bed Hotel Room,371972456,Manhattan,Financial District,40.70457999999999998408384271897375583648681640625,-74.005729999999999790816218592226505279541015625,Private room,239,1
FREE BREAKFAST! SPACIOUS ROOM in Times Square,340038896,Manhattan,Theater District,40.75735999999999847887011128477752208709716796875,-73.98354000000000496584107168018817901611328125,Private room,170,1
High Floor River View w/ 2 Beds Hotel Room,371972456,Manhattan,Financial District,40.705950000000001409716787748038768768310546875,-74.0058800000000047702997107990086078643798828125,Private room,239,1
AMAZING Times Square Room/ 44th St./ Broadway,340038896,Manhattan,Theater District,40.75811999999999812871465110220015048980712890625,-73.9846299999999956753526930697262287139892578125,Private room,174,1
Water View King Bed Hotel Room,371972456,Manhattan,Financial District,40.70604999999999762394509161822497844696044921875,-74.0037800000000061118043959140777587890625,Private room,239,1
Serenity,347719349,Bronx,Van Nest,40.84870000000000089812601800076663494110107421875,-73.8645999999999958163243718445301055908203125,Private room,59,1
ENJOY PREMIUM TIME SQUARE VIEW/ PRIVATE room/ NYC,340038896,Manhattan,Midtown,40.75578999999999751935320091433823108673095703125,-73.9832200000000028694557840935885906219482421875,Private room,178,1
AMAZING PRIVATE room located in the HEART of TS !,340038896,Manhattan,Theater District,40.7577500000000014779288903810083866119384765625,-73.9833200000000061891114455647766590118408203125,Private room,182,1
17188 love homes,119692067,Brooklyn,Sunset Park,40.6451899999999994861354934982955455780029296875,-74.0008299999999934470906737260520458221435546875,Private room,51,1
Spacious room near C park & C university,429419108,Manhattan,Upper West Side,40.79977999999999838109943084418773651123046875,-73.9629400000000032378011383116245269775390625,Private room,73,1
A+ Location Studio(APT Selected at Check-in) #4,348619646,Manhattan,Midtown,40.747669999999999390638549812138080596923828125,-73.9867200000000053705662139691412448883056640625,Private room,211,1
*Large Private Room Perfect For Travelers in NYC*,429454632,Brooklyn,Prospect-Lefferts Gardens,40.66185999999999722831489634700119495391845703125,-73.9407900000000068985173129476606845855712890625,Private room,58,1
Water View King Bed Hotel Room,371972456,Manhattan,Financial District,40.70524999999999948840923025272786617279052734375,-74.0058499999999952478901832364499568939208984375,Private room,239,1
Cozy Room to Stay in Brooklyn NYC Experience!,429454632,Brooklyn,Prospect-Lefferts Gardens,40.66163999999999845158527023158967494964599609375,-73.9410400000000009868017514236271381378173828125,Private room,58,1
Newly renovated Deluxe Accessible 2 Queen Beds,306009315,Manhattan,Upper West Side,40.783400000000000318323145620524883270263671875,-73.9819499999999976580511429347097873687744140625,Private room,249,1
Beautiful  and private room in Sunnyside,436766081,Queens,Sunnyside,40.74553697703128563034624676220118999481201171875,-73.9154054087473042500278097577393054962158203125,Private room,90,1
Lovely  1-bedroom rental unit near Central Park,6571805,Manhattan,East Harlem,40.79099999999999681676854379475116729736328125,-73.9486600000000038335201679728925228118896484375,Private room,100,1
The Suite Life in Lower Manhattan,435369966,Manhattan,Financial District,40.7093899999999990768628777004778385162353515625,-74.012429999999994834070093929767608642578125,Private room,249,1
Beautiful Private Room in Manhattan,399868350,Manhattan,Harlem,40.82603000000000292857293970882892608642578125,-73.943700000000006866684998385608196258544921875,Private room,68,1
Thais space,251943568,Bronx,Pelham Gardens,40.86260999999999654619387001730501651763916015625,-73.8482999999999947249307297170162200927734375,Private room,85,1
Beautifully Sunlit Room in Flatbush,394726912,Brooklyn,East Flatbush,40.64150000000000062527760746888816356658935546875,-73.9498799999999931742422631941735744476318359375,Private room,63,1
Boutique Hotel Experience in heart of NYC,49108760,Manhattan,Midtown,40.76004999999999967030817060731351375579833984375,-73.96859000000000605723471380770206451416015625,Private room,270,1
Cloud Suite with Queen Bed and Huge Patio!,395520753,Brooklyn,Bedford-Stuyvesant,40.69048000000000087084117694757878780364990234375,-73.9327700000000049840309657156467437744140625,Private room,326,1
🏳️‍🌈🏳️‍🌈Cozy bedroom with a view!,67060020,Manhattan,Washington Heights,40.84977222108546612844293122179806232452392578125,-73.9399781860050779869197867810726165771484375,Private room,110,1
"Nesva Hotel, Double Room",263720409,Queens,Long Island City,40.75421999999999655983629054389894008636474609375,-73.9353200000000043701220420189201831817626953125,Private room,172,1
"Welcoming one bedroom in Forest Hills, NY.",411289125,Queens,Forest Hills,40.72545000000000214868123293854296207427978515625,-73.8512699999999995270627550780773162841796875,Private room,110,1
Stay at the Manhattan Club-5 min from Times Sq.,26498264,Manhattan,Midtown,40.76586999999999960664354148320853710174560546875,-73.981719999999995707185007631778717041015625,Private room,400,1
The Sunset private room!!!,348032287,Queens,Hollis,40.71506000000000113914211397059261798858642578125,-73.756429999999994606696418486535549163818359375,Private room,83,1
Private Bath/Master Bedroom Astoria -Shared Living,50770601,Queens,Astoria,40.7691200000000009140421752817928791046142578125,-73.9133599999999972851583152078092098236083984375,Private room,82,1
Standard Room at Boutique Hotel Heart of Times SQ,394817730,Manhattan,Hell's Kitchen,40.76145000000000351292328559793531894683837890625,-73.9869800000000026329871616326272487640380859375,Private room,192,1
Exclusive Private Boutique Hotel Room at Times SQ,394817730,Manhattan,Hell's Kitchen,40.761629999999996698534232564270496368408203125,-73.9867799999999959936758386902511119842529296875,Private room,192,1
Estudio+Baño+Parking a 30 minutos deTimes Square,401937392,Queens,Corona,40.7391199999999997771737980656325817108154296875,-73.8645999999999958163243718445301055908203125,Private room,75,1
TRYP by Wyndham Times Square / Midtown -King Suite,38592279,Manhattan,Chelsea,40.75278999999999740566636319272220134735107421875,-73.995080000000001518856151960790157318115234375,Private room,246,1
Private Studio at a Boutique Hotel in TIMES SQUARE,394817730,Manhattan,Hell's Kitchen,40.7613199999999977762854541651904582977294921875,-73.9868799999999993133315001614391803741455078125,Private room,192,1
Heart of Columbia Uni UWS w/ Private Bath,36063879,Manhattan,Morningside Heights,40.80508999999999986130205797962844371795654296875,-73.9658600000000063801053329370915889739990234375,Private room,150,1
Cheerful 1 bed rooms,408165393,Brooklyn,Flatlands,40.62451999999999685542206862010061740875244140625,-73.9277000000000015234036254696547985076904296875,Private room,63,1
"Sunny, Calm, Convenient Manhattan!",325573918,Manhattan,East Harlem,40.79748000000000018872015061788260936737060546875,-73.9412999999999982492226990871131420135498046875,Private room,70,1
Queens Luxury Studio Experience 10mins  from JFK,407101663,Queens,Jamaica,40.69230999999999909277903498150408267974853515625,-73.7852199999999953661244944669306278228759765625,Private room,80,1
Private Charm Standard at Times SQ Boutique Hotel,394817730,Manhattan,Hell's Kitchen,40.76142999999999716465026722289621829986572265625,-73.9868599999999929650584817864000797271728515625,Private room,192,1
Exclusive Standard Accommodation at Times SQ Hotel,394817730,Manhattan,Theater District,40.76153000000000048430592869408428668975830078125,-73.986639999999994188328855670988559722900390625,Private room,192,1
Relaxing  peaceful cozy bedroom Brooklyn,139046390,Brooklyn,Bedford-Stuyvesant,40.67629000000000161207935889251530170440673828125,-73.90982999999999947249307297170162200927734375,Private room,80,1
Boutique Hotel Exclusive Private Room Times SQ,394817730,Manhattan,Theater District,40.7600800000000020872903405688703060150146484375,-73.98538999999999532519723288714885711669921875,Private room,194,1
✨Guest Room in East Williamsburg Loft ✨,108719570,Brooklyn,Williamsburg,40.70855000000000245563569478690624237060546875,-73.9437199999999990041033015586435794830322265625,Private room,110,1
Nice Bedroom Avaliable in Astoria - Shared Living,50770601,Queens,Astoria,40.768810000000001991793396882712841033935546875,-73.9141800000000017689671949483454227447509765625,Private room,54,1
"Dream Suite with Queen Bed, Large TV+Office+Gym!",230947125,Brooklyn,Bedford-Stuyvesant,40.69055999999999784222382004372775554656982421875,-73.9328000000000002955857780762016773223876953125,Private room,118,1
Premium Queen A - Yotel Times Square,401277068,Manhattan,Hell's Kitchen,40.76022999999999996134647517465054988861083984375,-73.99648999999999432475306093692779541015625,Private room,162,1
Premium Queen C - Yotel Times Square,401277068,Manhattan,Hell's Kitchen,40.75956000000000045702108764089643955230712890625,-73.9964499999999958390617393888533115386962890625,Private room,162,1
"Cute, Sunny Bed-Stuy bedroom with private entrance",432873764,Brooklyn,Bedford-Stuyvesant,40.68881999999999976580511429347097873687744140625,-73.9492000000000047066350816749036312103271484375,Private room,70,1
Deluxe King Size Time SQ. Boutique Hotel.,394817730,Manhattan,Theater District,40.759489999999999554347596131265163421630859375,-73.9860599999999948295226204209029674530029296875,Private room,201,1
"Times Sq,Tiffany Private Room,weekly&monthly terms",16480700,Manhattan,Hell's Kitchen,40.7617800000000016780177247710525989532470703125,-73.99151000000000522049958817660808563232421875,Private room,167,1
Let’s. Stay home,12906385,Bronx,Melrose,40.82008400000000136742528411559760570526123046875,-73.92279800000000022919266484677791595458984375,Private room,80,1
Family Private Room in Times Sq. Boutique Hotel.,394817730,Manhattan,Theater District,40.7596300000000013596945791505277156829833984375,-73.9856400000000036243363865651190280914306640625,Private room,165,1
A+ Location Studio(APT Selected at Check-in) #1,348619646,Manhattan,Midtown,40.7483799999999973806552588939666748046875,-73.9882199999999983219822752289474010467529296875,Private room,145,1
Beautiful/clean Bedroom near JFK and LGA airports,221913542,Queens,Flushing,40.7448600000000027421265258453786373138427734375,-73.834710000000001173248165287077426910400390625,Private room,63,1
Private Room New York City,329664811,Queens,Astoria,40.7611500000000006593836587853729724884033203125,-73.9090499999999934743755147792398929595947265625,Private room,106,1
Water View King Bed Hotel Room,371972456,Manhattan,Financial District,40.70665999999999939973349682986736297607421875,-74.003839999999996734914020635187625885009765625,Private room,239,1
"Nicely Designed Private room, BEST LOCATION",469081668,Queens,Astoria,40.7697399999999987585397320799529552459716796875,-73.9161299999999954479790176264941692352294921875,Private room,50,1
Peaceful private room in two bedroom with a garden,16385739,Brooklyn,Bedford-Stuyvesant,40.68475000000000108002495835535228252410888671875,-73.93909999999999627107172273099422454833984375,Private room,75,1
Charming Deluxe at Times SQ Boutique Hotel,394817730,Manhattan,Hell's Kitchen,40.7616000000000013869794202037155628204345703125,-73.987359999999995352482073940336704254150390625,Private room,192,1
1 bedroom shared space near to LaGuardia airport,404960164,Queens,East Elmhurst,40.76100999999999885403667576611042022705078125,-73.8844500000000010686562745831906795501708984375,Private room,51,1
Charming Standard Suite at Times SQ Boutique Hotel,394817730,Manhattan,Theater District,40.7608000000000032514435588382184505462646484375,-73.9853600000000000136424205265939235687255859375,Private room,192,1
"Family Room, 1 Double size bed and 1 Twin size bed",263720409,Queens,Long Island City,40.754130000000003519744495861232280731201171875,-73.9345799999999968576958053745329380035400390625,Private room,109,1
3 min to ohel #3 room,47900722,Queens,Cambria Heights,40.68574000000000268073563347570598125457763671875,-73.7345399999999955298335407860577106475830078125,Private room,99,1
Private Queen Charm at a Fifth Ave Boutique Hotel,394817730,Manhattan,Midtown,40.76321999999999690089680370874702930450439453125,-73.9772899999999964393282425589859485626220703125,Private room,184,1
Paradise on Earth minutes away to JFK,406760220,Queens,Springfield Gardens,40.66055999999999670535544282756745815277099609375,-73.7576600000000013324097380973398685455322265625,Private room,120,1
Deluxe Queen Times SQ  Boutique Hotel.,394817730,Manhattan,Theater District,40.75947000000000031150193535722792148590087890625,-73.9856199999999972760633681900799274444580078125,Private room,196,1
Luxury on 5th Ave NYC St. Regis 1 King BR Suite,410098547,Manhattan,Midtown,40.76223999999999847432263777591288089752197265625,-73.9749699999999990041033015586435794830322265625,Private room,1499,1
Stylish Private Bedroom 2 in Lower East Side,406942662,Manhattan,Lower East Side,40.7198700000000002319211489520967006683349609375,-73.990939999999994824975146912038326263427734375,Private room,93,1
Traveling business/student Cozy Bushwick Abode,91997718,Brooklyn,Bushwick,40.69055999999999784222382004372775554656982421875,-73.9220700000000050522430683486163616180419921875,Private room,93,1
MESSAGE FOR BEST RATES | Stellar City Studio in Marriott Vacation Club Pulse New York City,90713895,Manhattan,Midtown,40.75129700000000099180397228337824344635009765625,-73.9848180000000041900420910678803920745849609375,Private room,279,1
Charming Suite at Times Sq Boutique Hotel,394817730,Manhattan,Theater District,40.76001999999999725332600064575672149658203125,-73.985590000000001964508555829524993896484375,Private room,192,1
Private Room at Rogers in Rockaway,73570025,Queens,Breezy Point,40.5664900000000017143975128419697284698486328125,-73.8689399999999949386619846336543560028076171875,Private room,150,1
Beautiful bedroom in Queens,391013997,Queens,Elmhurst,40.73203000000000173486114363186061382293701171875,-73.8730800000000016325429896824061870574951171875,Private room,50,1
Queen Bed With Private Bath Chinatown NYC,33867639,Manhattan,Chinatown,40.71374999999999744204615126363933086395263671875,-73.9952100000000001500666257925331592559814453125,Private room,135,1
"Peaceful place, comfortable, close to the airport.",344029666,Queens,Corona,40.73622999999999905185177340172231197357177734375,-73.8624300000000033605829230509698390960693359375,Private room,53,1
Elegant Bedroom @  Park Ave  ( shabby chic ),10529251,Manhattan,Upper East Side,40.774889999999999190549715422093868255615234375,-73.961690000000004374669515527784824371337890625,Private room,137,1
A+ Location Studio APT Selected at Check In #9,348619646,Manhattan,Midtown,40.74822000000000343788997270166873931884765625,-73.988020000000005893525667488574981689453125,Private room,498,1
Lovely open space 1bedroom in Brooklyn.,272326092,Brooklyn,East New York,40.6607800000000025875124265439808368682861328125,-73.8980700000000041427483665756881237030029296875,Private room,200,1
"Private Balcony, Private Bedroom in Brooklyn",25697284,Brooklyn,Flatbush,40.64247999999999905185177340172231197357177734375,-73.95972000000000434738467447459697723388671875,Private room,42,1
"Family Room, 1 Double size bed and 1 Twin size bed",263720409,Queens,Long Island City,40.75256999999999862893673707731068134307861328125,-73.9355599999999952842699713073670864105224609375,Private room,138,1
Caribbean delight home stay,393051877,Brooklyn,East Flatbush,40.6489499999999992496668710373342037200927734375,-73.9329800000000005866240826435387134552001953125,Private room,80,1
Deluxe King Size in Times SQ Boutique Hotel.,394817730,Manhattan,Theater District,40.7594100000000025829649530351161956787109375,-73.986670000000003710738383233547210693359375,Private room,201,1
Lovely bedroom apartment  🏳️‍🌈,409460972,Bronx,Fordham,40.86880000000000023874235921539366245269775390625,-73.8894700000000028694557840935885906219482421875,Private room,121,1
Guests Private Entry*Quiet Room* with WIFI/TV,363403952,Bronx,Baychester,40.8768299999999982219378580339252948760986328125,-73.8429699999999940018824418075382709503173828125,Private room,59,1
Art Deco room in BK close to metro & Industry City,51913277,Brooklyn,Sunset Park,40.65713000000000221234586206264793872833251953125,-74.00466000000000121872290037572383880615234375,Private room,80,1
Queen of Charm Boutique Hotel,394817730,Manhattan,Theater District,40.75970000000000226236807066015899181365966796875,-73.9874099999999970123099046759307384490966796875,Private room,196,1
Water View King Bed Hotel Room,371972456,Manhattan,Financial District,40.70577999999999718738763476721942424774169921875,-74.0058099999999967621988616883754730224609375,Private room,239,1
Lovely 2 Bedroom Apt in the heart of Astoria NY,175368122,Queens,Ditmars Steinway,40.780990000000002737579052336513996124267578125,-73.9102400000000017143975128419697284698486328125,Private room,55,1
Clean..Blue Door Studio Hall in BK,89680730,Brooklyn,Brownsville,40.66228000000000264435584540478885173797607421875,-73.92014000000000351064954884350299835205078125,Private room,420,1
Beautiful private room in flushing.,414343320,Queens,Flushing,40.74774000000000029331204132176935672760009765625,-73.830340000000006739355740137398242950439453125,Private room,59,1
MESSAGE FOR BEST RATES | Jaw-dropping City Guest Room in The Times Square EDITION,90713895,Manhattan,Theater District,40.75914800000000326463123201392590999603271484375,-73.984161000000000285581336356699466705322265625,Private room,488,1
Water View King Bed Hotel Room,371972456,Manhattan,Financial District,40.706670000000002573870006017386913299560546875,-74.00360000000000582076609134674072265625,Private room,239,1
NYC GRAND CENTRAL STATION LUXURY HOTEL,341081198,Manhattan,Murray Hill,40.749899999999996680344338528811931610107421875,-73.9731100000000054706106311641633510589599609375,Private room,513,1
LUXURY NYC GRAND CENTRAL STATION KING BYE EVE,350397448,Manhattan,Murray Hill,40.74857999999999691453922423534095287322998046875,-73.97082000000000334694050252437591552734375,Private room,513,1
Lovely 1 Bed Room Unit For 2 people,343127628,Queens,Glendale,40.7007100000000008321876521222293376922607421875,-73.89024000000000569343683309853076934814453125,Private room,100,1
Beautiful shared Apt with Private Room,406163945,Brooklyn,Greenpoint,40.72921000000000191221261047758162021636962890625,-73.957310000000006766640581190586090087890625,Private room,178,1
LUXURY NYC GRAND CENTRAL STATION QUEEN BY EVE,350397448,Manhattan,Murray Hill,40.7488699999999965939423418603837490081787109375,-73.97287000000000034560798667371273040771484375,Private room,413,1
JAS Event space,390022933,Bronx,Clason Point,40.81367000000000189174897968769073486328125,-73.8648299999999977671905071474611759185791015625,Private room,650,1
NYC LUXURY 5 STAR GRAND CENTRAL STATION - QUEEN,341081198,Manhattan,Murray Hill,40.7483399999999988949639373458921909332275390625,-73.9712899999999962119545671157538890838623046875,Private room,413,1
Luxury 5 STAR NYC Grand Central Station - KING,341081198,Manhattan,Midtown,40.75056000000000011596057447604835033416748046875,-73.9711999999999960664354148320853710174560546875,Private room,363,1
Diamond in the #Stuy,164821432,Brooklyn,Crown Heights,40.67777000000000242607711697928607463836669921875,-73.949489999999997280610841698944568634033203125,Private room,150,1
East River View- King Bed Hotel Room,371972456,Manhattan,Financial District,40.7063399999999973033482092432677745819091796875,-74.00520000000000209183781407773494720458984375,Private room,239,1
Private King Sized Room w/ Half Bath in Canarsie,235585976,Brooklyn,East Flatbush,40.64965000000000117097442853264510631561279296875,-73.9190300000000064528649090789258480072021484375,Private room,56,1
Exclusive Private Studio 443 | Private Bathroom,401202937,Manhattan,Midtown,40.7461100000000016052581486292183399200439453125,-73.9887499999999960209606797434389591217041015625,Private room,136,1
Exclusive King  Suite Fifth  Ave Boutique Hotel,394817730,Manhattan,Midtown,40.7633900000000011232259566895663738250732421875,-73.97674000000000660293153487145900726318359375,Private room,188,1
Hotel Room Queen/Queen Beds Chelsea,383332265,Manhattan,Chelsea,40.746949999999998226485331542789936065673828125,-73.990620000000006939444574527442455291748046875,Private room,340,1
Deluxe King Room Theater District Boutique Hotel,394817730,Manhattan,Midtown,40.76328000000000173486114363186061382293701171875,-73.9758599999999972851583152078092098236083984375,Private room,188,1
This place is a DREAM!!,408976756,Brooklyn,Windsor Terrace,40.65957999999999827878127689473330974578857421875,-73.9788300000000020872903405688703060150146484375,Private room,113,1
Fifth Ave & 55th St. King room at a Boutique Hotel,394817730,Manhattan,Midtown,40.76218999999999681449480704031884670257568359375,-73.975200000000000954969436861574649810791015625,Private room,188,1
Hotel Room Queen/Queen Beds Chelsea,383332265,Manhattan,Chelsea,40.74781999999999726469468441791832447052001953125,-73.990510000000000445652403868734836578369140625,Private room,326,1
Beautiful Home with Private backyard,349342033,Queens,Ridgewood,40.7034900000000021691448637284338474273681640625,-73.90874999999999772626324556767940521240234375,Private room,100,1
Stunning room In Downtown Brooklyn,313011393,Brooklyn,Bedford-Stuyvesant,40.69472999999999984765963745303452014923095703125,-73.9600400000000064437699620611965656280517578125,Private room,35,1
"Modern private room, 25 mins to MANHATTAN 3",231138233,Queens,Ridgewood,40.71253999999999706460585002787411212921142578125,-73.9188199999999966394170769490301609039306640625,Private room,54,1
COMFORTABLE PRIVATE SPACE/ GREAT BK/QN LOCATION,27116445,Queens,Ridgewood,40.70192999999999727833710494451224803924560546875,-73.9095300000000037243808037601411342620849609375,Private room,95,1
"Cozy basement with open design, separate entrance",359016315,Queens,St. Albans,40.70103000000000292857293970882892608642578125,-73.752600000000001045918907038867473602294921875,Private room,60,1
"Lovely Studio Apartment Rental In Staten Island,NY",394423249,Staten Island,Mariners Harbor,40.63669999999999760120772407390177249908447265625,-74.1534400000000033514879760332405567169189453125,Private room,90,1
"Modern private room,25 mins to MANHATTAN 2",231138233,Queens,Ridgewood,40.71056999999999703732100897468626499176025390625,-73.9190100000000001045918907038867473602294921875,Private room,54,1
Private Room in Cozy Williamsburg Apartment,112773863,Brooklyn,Williamsburg,40.71598000000000183717929758131504058837890625,-73.9402299999999996771293808706104755401611328125,Private room,82,1
Cozy & Comfy Private Room,161454135,Brooklyn,Flatbush,40.63506000000000284444467979483306407928466796875,-73.9645900000000011687006917782127857208251953125,Private room,70,1
Large Quiet Bedroom in the Heart of Astoria!,390359155,Queens,Ditmars Steinway,40.7722899999999981446308083832263946533203125,-73.9096899999999976671460899524390697479248046875,Private room,85,1
Gorgeous Greenpoint Getaway,17529646,Brooklyn,Greenpoint,40.72100999999999970668795867823064327239990234375,-73.9478500000000025238477974198758602142333984375,Private room,101,1
"Great 2 Bedroom Apartment, 2 blocks from beach!",365309485,Queens,Far Rockaway,40.5988200000000034606273402459919452667236328125,-73.7417099999999976489561959169805049896240234375,Private room,757,1
A+ Location Studio (APT Selected at Check-In) #10,348619646,Manhattan,Midtown,40.74696000000000140062184073030948638916015625,-73.986770000000007030394044704735279083251953125,Private room,335,1
Cheerful 2 Bed 1 sofa 2 bath double booking on rms,407057335,Bronx,Williamsbridge,40.87924000000000290810930891893804073333740234375,-73.8583100000000030149749363772571086883544921875,Private room,120,1
Lovely one bedroom full size bed with patio.,409170142,Brooklyn,Williamsburg,40.7066999999999978854248183779418468475341796875,-73.955389999999994188328855670988559722900390625,Private room,90,1
Cozy private 1 bedroom in Shared apartment in Brooklyn,223558519,Brooklyn,Prospect-Lefferts Gardens,40.65901999999999816282070241868495941162109375,-73.9575899999999961664798320271074771881103515625,Private room,50,1
King Bed  Studio  Stay at Times SQ Boutique Hotel,394817730,Manhattan,Theater District,40.7593600000000009231371222995221614837646484375,-73.9871399999999965757524478249251842498779296875,Private room,201,1
TRYP by Wyndham-Times Square Midtown sleeps 4,38592279,Manhattan,Hell's Kitchen,40.7547799999999966757968650199472904205322265625,-73.9936500000000023646862246096134185791015625,Private room,259,1
Zen private room in NYC near Manhattan LGA JFK❤️,10164435,Queens,Long Island City,40.7557699999999982765075401403009891510009765625,-73.928120000000006939444574527442455291748046875,Private room,49,1
Clean private room in quiet house! Work remotely!,307205588,Queens,Kew Gardens,40.70588000000000050704329623840749263763427734375,-73.829620000000005575202521868050098419189453125,Private room,209,1
Premium Queen B - Yotel Times Square,401277068,Manhattan,Hell's Kitchen,40.758499999999997953636921010911464691162109375,-73.9944100000000020145307644270360469818115234375,Private room,162,1
Nice Private Room in Manhattan,394499579,Manhattan,Washington Heights,40.8436099999999981946530169807374477386474609375,-73.9390800000000041336534195579588413238525390625,Private room,150,1
"Family Room, 1 Double size bed and 1 Twin size Bed",263720409,Queens,Long Island City,40.75330999999999903593561612069606781005859375,-73.935010000000005447873263619840145111083984375,Private room,165,1
Natures Escape! On-Site Restaurant and Bar,5615582,Bronx,Mott Haven,40.81184999999999973852027324028313159942626953125,-73.9286799999999999499777914024889469146728515625,Private room,159,1
Water View King Bed Hotel Room,371972456,Manhattan,Financial District,40.70582999999999884721546550281345844268798828125,-74.0038299999999935607775114476680755615234375,Private room,239,1
bedroom in Upstairs hallway,147762665,Bronx,Wakefield,40.88832000000000022055246517993509769439697265625,-73.860669999999998935891198925673961639404296875,Private room,59,1
"Double Bed, Mobility/Hearing Disabled Friendly Roo",173083297,Manhattan,Upper West Side,40.77685000000000314912540488876402378082275390625,-73.976820000000003574314177967607975006103515625,Private room,550,1
"Great for families! By Central park, Time Square &",173083297,Manhattan,Upper West Side,40.77738000000000084810380940325558185577392578125,-73.9787900000000036015990190207958221435546875,Private room,550,1
Cool stay in Clinton hill,313011393,Brooklyn,Bedford-Stuyvesant,40.69603000000000037061909097246825695037841796875,-73.960520000000002482920535840094089508056640625,Private room,50,1
"Habitación privada en Queens, Corona.",414960176,Queens,Jackson Heights,40.7543500000000022964741219766438007354736328125,-73.867289999999997007762431167066097259521484375,Private room,55,1
Lovely one bedroom rental in New York City.,10712727,Manhattan,Harlem,40.80702999999999747160472907125949859619140625,-73.950029999999998153725755400955677032470703125,Private room,87,1
amazing colorful and modern with laundry area!,220934687,Brooklyn,Bushwick,40.68290999999999968395059113390743732452392578125,-73.9067600000000055615601013414561748504638671875,Private room,60,1
Rumble Suite with Qn Bed and Huge Private Patio!,230947125,Brooklyn,Bedford-Stuyvesant,40.688929999999999154169927351176738739013671875,-73.9344099999999997407940099947154521942138671875,Private room,310,1
Charming room with private half-bath on UWS,359075187,Manhattan,Upper West Side,40.80127999999999843794284970499575138092041015625,-73.9667699999999967985786497592926025390625,Private room,50,1
Private 1-bedroom with backyard,389538239,Brooklyn,Flatbush,40.65173999999999665533323423005640506744384765625,-73.955119999999993751771398819983005523681640625,Private room,171,1
Let’s stay home,12906385,Bronx,Concourse Village,40.83574999999999732835931354202330112457275390625,-73.9152700000000066893335315398871898651123046875,Private room,105,1
Home away from Home: Comforts,347560493,Queens,East Elmhurst,40.7616000000000013869794202037155628204345703125,-73.8727300000000042246028897352516651153564453125,Private room,49,1
Penthouse Studio East 50s with Roof Terrace,87183086,Manhattan,Midtown,40.75574000000000296495272777974605560302734375,-73.969639999999998281055013649165630340576171875,Private room,218,1
COZY ROOM IN TIMES SQUARE,167270001,Manhattan,Hell's Kitchen,40.7557699999999982765075401403009891510009765625,-73.9947800000000057707438827492296695709228515625,Private room,300,1
Private Comfortable Room (hourly Rate) Dyckman,282769227,Manhattan,Inwood,40.863010000000002719389158301055431365966796875,-73.9268100000000032423486118204891681671142578125,Private room,40,1
Water View King Bed Hotel Room,371972456,Manhattan,Financial District,40.7063399999999973033482092432677745819091796875,-74.005910000000000081854523159563541412353515625,Private room,239,1
Lover's Leap,438762718,Bronx,Williamsbridge,40.87821999999999889041646383702754974365234375,-73.856459999999998444764059968292713165283203125,Private room,94,1
Red Room,438762718,Bronx,Williamsbridge,40.8795199999999994133759173564612865447998046875,-73.8573999999999983856469043530523777008056640625,Private room,98,1
Centrally Located Crash Pad,221273596,Brooklyn,Williamsburg,40.70981000346756673025083728134632110595703125,-73.9584725091555128528852947056293487548828125,Private room,62,1
Cozy room . 4/20 friendly,337615993,Bronx,Fordham,40.86431999999999931105776340700685977935791015625,-73.89181999999999561623553745448589324951171875,Private room,45,1
Large Room in Brooklyn NY!,45503479,Brooklyn,Flatbush,40.65277999999999991587174008600413799285888671875,-73.9574400000000053978510550223290920257568359375,Private room,125,1
Beautiful Spacious Room In Brooklyn NY!,45503479,Brooklyn,Flatbush,40.654009999999999536157702095806598663330078125,-73.9567799999999948568074614740908145904541015625,Private room,125,1
Beautiful 2 Double Bed Hotel Room,371972456,Manhattan,Financial District,40.70662999999999698275132686831057071685791015625,-74.0058800000000047702997107990086078643798828125,Private room,239,1
Cozy Bedroom in east village apartment,74338125,Manhattan,East Village,40.728149999999999408828443847596645355224609375,-73.987920000000002573870006017386913299560546875,Private room,110,1
The Artisan Green Room.,115994238,Brooklyn,Bushwick,40.6965799999999973124431562609970569610595703125,-73.9164700000000038926373235881328582763671875,Private room,171,1
Modern Basement bd 5 mins from JFK Wifi Deli Train,141645843,Queens,Jamaica,40.68203700000000111458575702272355556488037109375,-73.7968139999999976907929521985352039337158203125,Private room,110,1
7 DAYS HOTEL BRONX,348034609,Bronx,Unionport,40.826920000000001209627953357994556427001953125,-73.8443199999999961846697260625660419464111328125,Private room,120,1
MG Comfortable Room in Brooklyn,366142747,Brooklyn,Bedford-Stuyvesant,40.68493000000000137106326292268931865692138671875,-73.9386400000000065801941673271358013153076171875,Private room,50,1
Cozy & Colorful in Bushwick,71635863,Brooklyn,Bushwick,40.688569999999998572093318216502666473388671875,-73.91996000000000321961124427616596221923828125,Private room,58,1
MG Nice Room to Stay in NYC Brooklyn,366142747,Brooklyn,Bedford-Stuyvesant,40.68504999999999682813722756691277027130126953125,-73.9378999999999990677679306827485561370849609375,Private room,50,1
Skyline views in Lower Manhattan,435369966,Manhattan,Financial District,40.710025999999999157807906158268451690673828125,-74.011359999999996261976775713264942169189453125,Private room,213,1
Quiet room in east village apartment,74338125,Manhattan,East Village,40.72625000000000028421709430404007434844970703125,-73.986909999999994624886312521994113922119140625,Private room,110,1
"Lovely private room-
Manhattan New York",425007642,Manhattan,Morningside Heights,40.80219000000000306727088172920048236846923828125,-73.959710000000001173248165287077426910400390625,Private room,110,1
Private Room park side in Williamsburg/Greenpoint,66811488,Brooklyn,Williamsburg,40.718040000000002009983290918171405792236328125,-73.949119999999993524397723376750946044921875,Private room,100,1
Vibe lounge,359870362,Brooklyn,Cypress Hills,40.6794799999999980855136527679860591888427734375,-73.8917000000000001591615728102624416351318359375,Private room,80,1
Home away from Home,347560493,Queens,East Elmhurst,40.76212000000000301724867313168942928314208984375,-73.8731499999999954297891235910356044769287109375,Private room,49,1
TIMES SQ PRIVATE STUDIO AT A BOUTIQUE HOTEL NYC,394817730,Manhattan,Theater District,40.75999999999999801048033987171947956085205078125,-73.9856400000000036243363865651190280914306640625,Private room,192,1
Large room in the center of Williamsburg,5166944,Brooklyn,Williamsburg,40.70965000000000344471118296496570110321044921875,-73.9628500000000030922819860279560089111328125,Private room,90,1
Cozy Cabin in Chelsea New York,155440053,Manhattan,Chelsea,40.7494099999999974670572555623948574066162109375,-73.994900000000001227817847393453121185302734375,Private room,100,1
Modern & stylish 2 bedroom apartment,42540396,Queens,Rego Park,40.73581999999999680994733353145420551300048828125,-73.856459999999998444764059968292713165283203125,Private room,136,1
Himalaya house,435511395,Queens,Astoria,40.756270000000000663931132294237613677978515625,-73.9163800000000037471181713044643402099609375,Private room,200,1
Spectacular Brooklyn Penthouse View,180173329,Brooklyn,Clinton Hill,40.69491000000000013869794202037155628204345703125,-73.9655599999999964211383485235273838043212890625,Private room,146,1
The crozy Private room on the first floor,137129564,Queens,Flushing,40.7523800000000022691892809234559535980224609375,-73.81427999999999656211002729833126068115234375,Private room,49,1
Comfort Home Sta,369494394,Brooklyn,Flatlands,40.61692000000000035697667044587433338165283203125,-73.9232999999999975671016727574169635772705078125,Private room,75,1
Private Room in Garden Apartment 10min Manhattan,435795916,Queens,Long Island City,40.75384999999999990905052982270717620849609375,-73.9355900000000048066794988699257373809814453125,Private room,109,1
Cozy private bedroom near Yankee Stadium.,255577756,Bronx,Highbridge,40.83738000000000312184056383557617664337158203125,-73.9237399999999951205609249882400035858154296875,Private room,91,1
MG Room Next to the Subway,366142747,Brooklyn,Bedford-Stuyvesant,40.683660000000003265085979364812374114990234375,-73.937139999999999417923390865325927734375,Private room,50,1
Cozy studio bedroom in Queens- 30 min to Manhattan,42540396,Queens,Forest Hills,40.73599999999999710098563809879124164581298828125,-73.8560599999999993769961292855441570281982421875,Private room,69,1
Beautiful 3 bedroom apartment in Astoria,435596498,Queens,Astoria,40.77403000000000332647687173448503017425537109375,-73.9261000000000052523319027386605739593505859375,Private room,125,1
Large Room w/Gym on Site - Close to Times Square,72710100,Manhattan,Harlem,40.82811000000000234422259381972253322601318359375,-73.9488099999999946021489449776709079742431640625,Private room,95,1
Welcome to our Trendy and Clean Hostel,155440053,Manhattan,Chelsea,40.74951999999999685542206862010061740875244140625,-73.9967400000000026238922146148979663848876953125,Private room,54,1
"Luxury Bushwick Room - WFH Lounges, Roof, & Gym",139865682,Brooklyn,Bushwick,40.69812999999999902911440585739910602569580078125,-73.9307000000000016370904631912708282470703125,Private room,55,1
Artist House,74054267,Brooklyn,Bedford-Stuyvesant,40.69310999999999722831489634700119495391845703125,-73.9304300000000012005330063402652740478515625,Private room,75,1
Spacious Bushwick Oasis in the Center of it All,7198128,Brooklyn,Bushwick,40.69686999999999699184627388603985309600830078125,-73.9321900000000056252247304655611515045166015625,Private room,70,1
Awesome Loft Style Bedroom in Heart of Bushwick,7198128,Brooklyn,Bushwick,40.69733000000000089357854449190199375152587890625,-73.9306499999999999772626324556767940521240234375,Private room,70,1
Private space in Nolita,208975280,Manhattan,Nolita,40.72196999999999889041646383702754974365234375,-73.9961200000000047793946578167378902435302734375,Private room,110,1
Cozy Bushwick Apt with Big Private Balcony & Cats,6075580,Brooklyn,Bushwick,40.68941000000000229874785873107612133026123046875,-73.920940000000001646185410209000110626220703125,Private room,120,1
Artsy & Cozy Room | Shared Space Bushwick Brooklyn,232653095,Brooklyn,Bushwick,40.68343999999999738292899564839899539947509765625,-73.9072699999999969122654874809086322784423828125,Private room,75,1
Midtown Manhattan | Affordable &Lovely Studio,337879004,Manhattan,Murray Hill,40.75080819353217265188504825346171855926513671875,-73.975391705106858353246934711933135986328125,Private room,92,1
THE COZY SPACE,265576141,Queens,Rockaway Beach,40.58980999999999994543031789362430572509765625,-73.811949999999995952748577110469341278076171875,Private room,1989,1
Urban Modern Oasis,145399240,Brooklyn,Crown Heights,40.66655999999999693272911827079951763153076171875,-73.9334900000000061481841839849948883056640625,Private room,50,1
Brooklyn unique loft,270554496,Brooklyn,Bedford-Stuyvesant,40.69209000000000031604940886609256267547607421875,-73.9343899999999933925209916196763515472412109375,Private room,400,1
Clean New Room. Clinton-Stuy. Walk to 22 eateries,408016532,Brooklyn,Bedford-Stuyvesant,40.68847000000000235786501434631645679473876953125,-73.95521999999999707142706029117107391357421875,Private room,75,1
Freehand New York - King room,164291123,Manhattan,Flatiron District,40.73971000000000231011654250323772430419921875,-73.985219999999998208295437507331371307373046875,Private room,202,1
Freehand New York - Queen Room,164291123,Manhattan,Flatiron District,40.74137999999999948386175674386322498321533203125,-73.9863399999999984402165864594280719757080078125,Private room,179,1
Alondra’s Large Comfi Room,360573155,Manhattan,Inwood,40.86780999999999863803168409503996372222900390625,-73.9241200000000020509105524979531764984130859375,Private room,99,1
Light-Filled East Village Sanctuary,7590917,Manhattan,East Village,40.72966000000000263980837189592421054840087890625,-73.9834000000000031604940886609256267547607421875,Private room,200,1
Lovely and modern 1-bedroom with hot tub,14713321,Brooklyn,Greenpoint,40.72773000000000109821485239081084728240966796875,-73.9489800000000059299054555594921112060546875,Private room,199,1
1min walk to train station to Manhattan,435273407,Brooklyn,Borough Park,40.6450770000000005666151992045342922210693359375,-73.9963989999999967039912007749080657958984375,Private room,100,1
Private room at Flushing Avenue,231138233,Queens,Ridgewood,40.71264000000000038426151149906218051910400390625,-73.9185499999999962028596200980246067047119140625,Private room,54,1
Small and cheerful room in Queens,388056806,Queens,Briarwood,40.70680999999999727378963143564760684967041015625,-73.8157800000000037243808037601411342620849609375,Private room,53,1
Eli & Mig Cozy Place,370560523,Queens,Middle Village,40.71005000000000251247911364771425724029541015625,-73.8940499999999929059413261711597442626953125,Private room,145,1
Spacious Suite featuring Hudson River views,435369966,Manhattan,Financial District,40.710025999999999157807906158268451690673828125,-74.011359999999996261976775713264942169189453125,Private room,870,1
Panoramic views featuring the Hudson River,435369966,Manhattan,Financial District,40.710025999999999157807906158268451690673828125,-74.011359999999996261976775713264942169189453125,Private room,258,1
"Lovely one bedroom
Rental unit",263937485,Brooklyn,Prospect Heights,40.67320000000000135287336888723075389862060546875,-73.96697000000000343788997270166873931884765625,Private room,254,1
Skyline views near Wall Street,435369966,Manhattan,Financial District,40.710025999999999157807906158268451690673828125,-74.011359999999996261976775713264942169189453125,Private room,228,1
Central Park Lovely Spacious Room,350196525,Manhattan,Upper East Side,40.7736400000000003274180926382541656494140625,-73.9551100000000047884896048344671726226806640625,Private room,99,1
Cozy Basic single room,396973673,Brooklyn,Bedford-Stuyvesant,40.6798399999999986675902619026601314544677734375,-73.9137699999999995270627550780773162841796875,Private room,38,1
Clean Room in Bayside Flushing Queens,370807118,Queens,Flushing,40.7741400000000027148416847921907901763916015625,-73.8016999999999967485564411617815494537353515625,Private room,45,1
Cozy Private Room in Brooklyn,182602964,Brooklyn,Cypress Hills,40.681049999999999045030563138425350189208984375,-73.8824900000000042155079427175223827362060546875,Private room,60,1
Cozy Bushwick Room-GEM! STARR!,23296177,Brooklyn,Bushwick,40.70240021387534312680145376361906528472900390625,-73.9258940305247023161427932791411876678466796875,Private room,61,1
Private room in a 3 bedroom apt in Bushwick,431414343,Brooklyn,Bushwick,40.698160000000001446096575818955898284912109375,-73.9249099999999970123099046759307384490966796875,Private room,86,1
XClusive Private Queens Bd Bsmt Near Train Bus JFK,141645843,Queens,Jamaica,40.68203700000000111458575702272355556488037109375,-73.7968139999999976907929521985352039337158203125,Private room,97,1
Cozy private room in heart of Bay Ridge,83652071,Brooklyn,Bay Ridge,40.62626999999999810597728355787694454193115234375,-74.03046000000000503860064782202243804931640625,Private room,85,1
20 min Laguardia Airport 10 min Midtown Crash Pad,135856127,Manhattan,East Harlem,40.8058199999999970941644278354942798614501953125,-73.939719999999994115569279529154300689697265625,Private room,55,1
Lovely room in condo w/ GREAT view 24/7 door staff,397775202,Manhattan,East Harlem,40.79281999999999896999725024215877056121826171875,-73.937399999999996680344338528811931610107421875,Private room,155,1
"Private Bedroom in Bay Ridge, Brooklyn #3",432233993,Brooklyn,Bay Ridge,40.61990999999999729652699897997081279754638671875,-74.022390000000001464286469854414463043212890625,Private room,67,1
Sita Budget Cozy Private Room (fights NYC Hunger),310205815,Manhattan,East Village,40.72583999999999804231265443377196788787841796875,-73.988079999999996516635292209684848785400390625,Private room,68,1
The Hideaway,439391608,Bronx,Wakefield,40.88999602890465467908143182285130023956298828125,-73.8616284744187368005441385321319103240966796875,Private room,113,1
*NEW* Private Room near Prospect Park Brooklyn,429454632,Brooklyn,Prospect-Lefferts Gardens,40.66066000000000002501110429875552654266357421875,-73.9410500000000041609382606111466884613037109375,Private room,58,1
Lovely and Cozy private room near Prospect park,429454632,Brooklyn,Prospect-Lefferts Gardens,40.6620300000000014506440493278205394744873046875,-73.9427400000000005775291356258094310760498046875,Private room,58,1
Quiet & Private room to stay in Brooklyn NYC,429454632,Brooklyn,Prospect-Lefferts Gardens,40.66217000000000325599103234708309173583984375,-73.9428300000000007230482879094779491424560546875,Private room,58,1
Luxury Private Room with Outdoor Space,39162543,Bronx,Morris Heights,40.84886999999999801502781338058412075042724609375,-73.923090000000001964508555829524993896484375,Private room,96,1
Javier,360573155,Manhattan,Inwood,40.86753999999999820147422724403440952301025390625,-73.925060000000001991793396882712841033935546875,Private room,99,1
Private Room in Luxury Apartment,39162543,Bronx,Morris Heights,40.85002999999999673264028388075530529022216796875,-73.922809999999998353814589790999889373779296875,Private room,72,1
Golden NightSleep,207195903,Brooklyn,Bay Ridge,40.62749000000000165755409398116171360015869140625,-74.0218899999999990768628777004778385162353515625,Private room,93,1
Pod in the City,155440053,Manhattan,Chelsea,40.74748000000000303089109365828335285186767578125,-73.99648999999999432475306093692779541015625,Private room,100,1
Williamsburg Spacious Private Bedroom & Bathroom,5710183,Brooklyn,Williamsburg,40.70833999999999974761522025801241397857666015625,-73.9467000000000069803718361072242259979248046875,Private room,148,1
Amazing 2 Room South Slope Rental Available 10/1!,13025262,Brooklyn,South Slope,40.66937999999999675537765142507851123809814453125,-73.9891099999999966030372888781130313873291015625,Private room,200,1
"Private Bedroom, in a first floor duplex",368042440,Brooklyn,Bedford-Stuyvesant,40.681499999999999772626324556767940521240234375,-73.9279700000000019599610823206603527069091796875,Private room,70,1
Dulce hogar/ sweet home🏡,438613649,Bronx,Morris Heights,40.855220000000002755768946371972560882568359375,-73.91698999999999841747921891510486602783203125,Private room,58,1
Radha Budget Cozy Private Room (fights NYC Hunger),310205815,Manhattan,East Village,40.72422000000000252839527092874050140380859375,-73.986750000000000682121026329696178436279296875,Private room,69,1
Location!! Location!Cozy 2 bedroom Harlem walk-up,89162637,Manhattan,Harlem,40.81689999999999685087459511123597621917724609375,-73.94414000000000442014425061643123626708984375,Private room,150,1
1 bedroom in Midtown East,401303313,Manhattan,Midtown,40.75421000000000049112713895738124847412109375,-73.96845999999999321516952477395534515380859375,Private room,255,1
Micro Hostel in The Heart of Chelsea New York,155440053,Manhattan,Chelsea,40.74895000000000067075234255753457546234130859375,-73.9946000000000054797055781818926334381103515625,Private room,100,1
Private room2 in a beautiful neighborhood CloseJFK,330196322,Queens,Richmond Hill,40.6887899999999973488229443319141864776611328125,-73.813680000000005065885488875210285186767578125,Private room,73,1
Exotic Queen Room in Long Island City,439415632,Queens,Long Island City,40.75759000000000042973624658770859241485595703125,-73.94065000000000509317032992839813232421875,Private room,349,1
A Cabin in the City,155440053,Manhattan,Chelsea,40.74949000000000154386725625954568386077880859375,-73.99651000000000067302607931196689605712890625,Private room,100,1
Cozy Cabin in Midtown,155440053,Manhattan,Chelsea,40.74967000000000183490556082688271999359130859375,-73.995239999999995461621438153088092803955078125,Private room,100,1
Private cozy bedroom with loft bed,314714,Brooklyn,Crown Heights,40.664659999999997808117768727242946624755859375,-73.9408600000000006957634468562901020050048828125,Private room,68,1
Bonita Habitación para Turistas (Only Ladies),401937392,Queens,Corona,40.73722000000000065256244852207601070404052734375,-73.8647500000000007958078640513122081756591796875,Private room,70,1
Laxmi Budget Cozy Private Room (fights NYC Hunger),310205815,Manhattan,East Village,40.72361000000000075260686571709811687469482421875,-73.986930000000000973159330897033214569091796875,Private room,77,1
"Beautiful bedroom w/Kingsize Bed with 43"" TV.",82115963,Queens,Queens Village,40.70555999999999841065800865180790424346923828125,-73.733699999999998908606357872486114501953125,Private room,123,1
Walking Distance From Yankee Stadium & Many parks!,365301635,Bronx,Mount Eden,40.8388700000000000045474735088646411895751953125,-73.9175500000000056388671509921550750732421875,Private room,70,1
Lovely 1-bedroom Loft Space In Queens By Airports,6988653,Queens,Kew Gardens,40.70358999999999838337316759862005710601806640625,-73.834980000000001609805622138082981109619140625,Private room,72,1
Stunning Corner Bedroom in NYC,118659557,Queens,Long Island City,40.759941383941423964643036015331745147705078125,-73.9295533058873530762866721488535404205322265625,Private room,96,1
Room for 1 person. Astoria close to Manhattan,115819396,Queens,Ditmars Steinway,40.774079999999997880877344869077205657958984375,-73.90483000000000401996658183634281158447265625,Private room,51,1
Gorgeous Two Bedroom Loft in the Heart of Tribeca,437696570,Manhattan,SoHo,40.72205999999999903593561612069606781005859375,-74.0031699999999972305886331014335155487060546875,Private room,216,1
"Private room in great location Queens, NY.",278685224,Queens,Corona,40.73655999999999721694621257483959197998046875,-73.860420000000004847606760449707508087158203125,Private room,110,1
"private room,  25 mins from Manhattan",215488365,Brooklyn,Crown Heights,40.67523210783944165314096608199179172515869140625,-73.929954713240562114151543937623500823974609375,Private room,61,1
"Open Arms 
4 minutes from Kings Theatre",181876326,Brooklyn,Flatbush,40.64238999999999890633262111805379390716552734375,-73.956400000000002137312549166381359100341796875,Private room,132,1
"Private Bedroom in Bay Ridge, Brooklyn #4",432233993,Brooklyn,Bay Ridge,40.621769999999997935447026975452899932861328125,-74.0230600000000009686118573881685733795166015625,Private room,67,1
“TIME SQUARE”42nd St. Private Single Bedroom Room.,30985759,Manhattan,Hell's Kitchen,40.7578400000000016234480426646769046783447265625,-73.9915400000000005320544005371630191802978515625,Private room,85,1
Cozy BDRM in Downtown Manhattan *Self Check-in*,435361795,Manhattan,East Village,40.72469000000000249883669312112033367156982421875,-73.9768600000000020600054995156824588775634765625,Private room,90,1
Great Manhattan Location,365090021,Manhattan,Harlem,40.8279399999999981218934408389031887054443359375,-73.9482900000000000773070496506989002227783203125,Private room,61,1
Luxury 1- bedroom rental unit with Hot tub,440355290,Queens,Jamaica,40.6973899999999986221155268140137195587158203125,-73.792789999999996553015080280601978302001953125,Private room,342,1
Exclusive Private Studio 409 | Private Bathroom,401202937,Manhattan,Midtown,40.7479000000000013415046851150691509246826171875,-73.9866999999999990222931955941021442413330078125,Private room,208,1
Lovely Room with En-Suite Bathroom in Brooklyn,33612342,Brooklyn,Sunset Park,40.6617499999999978399500832892954349517822265625,-73.9933800000000019281287677586078643798828125,Private room,66,1
Amazing Manhattan Location,365090021,Manhattan,Harlem,40.82813999999999765577740618027746677398681640625,-73.9479400000000026693669497035443782806396484375,Private room,83,1
Perfect Cozy Room for Travelers near Prospect Park,429454632,Brooklyn,Prospect-Lefferts Gardens,40.66026000000000095724317361600697040557861328125,-73.9429200000000008685674401931464672088623046875,Private room,58,1
"Two bedrooms in Flushing, Queens",70095320,Queens,Flushing,40.7680500000000023419488570652902126312255859375,-73.83229000000000041836756281554698944091796875,Private room,160,1
Lovely Room for Travelers near Prospect Park,429454632,Brooklyn,Prospect-Lefferts Gardens,40.66082999999999714191289967857301235198974609375,-73.940799999999995861799106933176517486572265625,Private room,58,1
NEW YEARS | Fabulous Garden Suite at The Chatwal,90713895,Manhattan,Theater District,40.75641999999999853798726690001785755157470703125,-73.9845119999999951687641441822052001953125,Private room,1799,1
Apartamento con habitación  privada con su baño,87830896,Manhattan,Inwood,40.8651899999999983492671162821352481842041015625,-73.9189099999999967849362292326986789703369140625,Private room,100,1
"Private Bedroom in Bay Ridge, Brooklyn #2",432233993,Brooklyn,Bay Ridge,40.62022999999999939291228656657040119171142578125,-74.0221499999999963392838253639638423919677734375,Private room,67,1
Prime Location- PLEASE READ!!!!,164345159,Manhattan,Upper East Side,40.7609700000000003683453542180359363555908203125,-73.9621300000000019281287677586078643798828125,Private room,105,1
CASA CATERINA -  BLUE ROOM -,11755545,Queens,Astoria,40.7667799999999971305442159064114093780517578125,-73.9131699999999938199835014529526233673095703125,Private room,60,1
2 Double Bed in the Heart of Long Island City,439415632,Queens,Long Island City,40.75643000000000171212377608753740787506103515625,-73.9427299999999974033926264382898807525634765625,Private room,199,1
Cozy Modest Private Room 15 Min from Times Square,251455701,Queens,Sunnyside,40.74851000000000311729309032671153545379638671875,-73.914569999999997662598616443574428558349609375,Private room,137,1
Small Room Available,362955034,Manhattan,East Harlem,40.7918599999999997862687450833618640899658203125,-73.9466400000000021464074961841106414794921875,Private room,100,1
Private Room best Location in Corona Queens,437285154,Queens,Jackson Heights,40.75323999999999813326212461106479167938232421875,-73.8567900000000037152858567424118518829345703125,Private room,285,1
"Cozy Kensington, PRIVATE Bath, near F,G train",14898658,Brooklyn,Kensington,40.6435900000000032150637707673013210296630859375,-73.9811600000000026966517907567322254180908203125,Private room,55,1
*BDRM 3* Huge Master bedroom/en-suite,436632302,Brooklyn,East New York,40.6596100000000006957634468562901020050048828125,-73.8938500000000004774847184307873249053955078125,Private room,50,1
*BDRM 2* Private Queen Size Bedroom,436632302,Brooklyn,East New York,40.66098000000000212139639188535511493682861328125,-73.8943000000000012050804798491299152374267578125,Private room,44,1
Cozy room 2 with TV in Lower East Side,406942662,Manhattan,Lower East Side,40.71961999999999903820935287512838840484619140625,-73.9928900000000027148416847921907901763916015625,Private room,83,1
"*BDRM 1* Cozy fullsize b/rm, Ac/ceiling fan/workde",436632302,Brooklyn,East New York,40.65941000000000116187948151491582393646240234375,-73.8941399999999930514604784548282623291015625,Private room,40,1
Awesome place to sleep and enjoy nyc,183393413,Manhattan,Harlem,40.8181299999999964711605571210384368896484375,-73.9395200000000016871126717887818813323974609375,Private room,75,1
Private guests Entrance* Big room WiFi / 42” TV,363403952,Bronx,Baychester,40.87451999999999685542206862010061740875244140625,-73.843379999999996243786881677806377410888671875,Private room,59,1
Tesla II,9130040,Brooklyn,East Flatbush,40.6629199999999997316990629769861698150634765625,-73.9328000000000002955857780762016773223876953125,Private room,159,1
"Private Bedroom in Bay Ridge, Brooklyn #1",432233993,Brooklyn,Bay Ridge,40.621589999999997644408722408115863800048828125,-74.02258000000000492946128360927104949951171875,Private room,67,1
HOME  AWAY FROM HOME,441644824,Staten Island,West Brighton,40.6311299999999988585841492749750614166259765625,-74.1190500000000014324541552923619747161865234375,Private room,80,1
"Cozy bedroom with a desk, kitchen, female please",412796426,Queens,Flushing,40.7569400000000001682565198279917240142822265625,-73.8325300000000055433702073059976100921630859375,Private room,59,1
Modern private room in Bushwick house w/ backyard,41773438,Brooklyn,Bushwick,40.6867400000000003501554601825773715972900390625,-73.909459999999995716279954649507999420166015625,Private room,80,1
Brownstone in Harlem,33906660,Manhattan,Harlem,40.82249999999999801048033987171947956085205078125,-73.9447300000000069530869950540363788604736328125,Private room,113,1
Small Private Room Near LaGuardia,430854617,Queens,East Elmhurst,40.7582744776250507356962771154940128326416015625,-73.8684117794036865234375,Private room,41,1
Private Silver,10384906,Queens,Flushing,40.768090000000000827640178613364696502685546875,-73.8231899999999967576513881795108318328857421875,Private room,40,1
Light Line Room in Brooklyn,450104410,Brooklyn,Prospect Heights,40.67665000000000219415596802718937397003173828125,-73.9642500000000069348971010185778141021728515625,Private room,99,1
Nice Room for 2 in the heart of Times square,449715737,Manhattan,Theater District,40.7591249999999973852027324028313159942626953125,-73.98376500000000532963895238935947418212890625,Private room,198,1
Lovely private room with California king size bed,357914975,Bronx,Mount Eden,40.84125000000000227373675443232059478759765625,-73.913690000000002555680111981928348541259765625,Private room,85,1
Great Room for 2 in the heart of Times Square,449715737,Manhattan,Theater District,40.7591249999999973852027324028313159942626953125,-73.98376500000000532963895238935947418212890625,Private room,198,1
Bedroom #1 with Access to Living Room and Kitchen,268398473,Bronx,Van Nest,40.84514999999999673718775738961994647979736328125,-73.8641499999999950887286104261875152587890625,Private room,65,1
ADA Room for 2 in the heart of Times Square,449715737,Manhattan,Theater District,40.7591249999999973852027324028313159942626953125,-73.98376500000000532963895238935947418212890625,Private room,198,1
Nice Room for 4 one block from Times Square,449715737,Manhattan,Theater District,40.7591249999999973852027324028313159942626953125,-73.98376500000000532963895238935947418212890625,Private room,233,1
Quiet bedroom in 2 br apartment Bedstuy/Bushwick,28858522,Brooklyn,Bedford-Stuyvesant,40.69664999999999821511664777062833309173583984375,-73.94198000000000092768459580838680267333984375,Private room,94,1
LOVELY COVE- Free Continental Breakfast❤️,224532641,Brooklyn,Prospect-Lefferts Gardens,40.6609399999999965302777127362787723541259765625,-73.949479999999994106474332511425018310546875,Private room,94,1
Great Room for 2 in Times Square,449715737,Manhattan,Theater District,40.759124755859375,-73.9837646484375,Private room,198,1
"Beautiful, newly renovated 1 bedroom  available.",109861244,Queens,Richmond Hill,40.6858500000000020691004465334117412567138671875,-73.8118099999999941474015940912067890167236328125,Private room,47,1
Large pvt room w/ pvt bathroom for rent,115307231,Bronx,Kingsbridge,40.86319999999999907913661445491015911102294921875,-73.9072100000000062891558627597987651824951171875,Private room,55,1
"Bayside Hotel, Quiet King, 25min to Manhatttan",296605957,Queens,Bayside,40.7604520000000007939888746477663516998291015625,-73.7660599999999959663909976370632648468017578125,Private room,146,1
"Queens Hotel, Large King, 25min to Manhattan",296605957,Queens,Bayside,40.7604520000000007939888746477663516998291015625,-73.7660599999999959663909976370632648468017578125,Private room,146,1
Peaceful Room in Brooklyn,450104410,Brooklyn,Prospect Heights,40.67633000000000009777068044058978557586669921875,-73.9646800000000013142198440618813037872314453125,Private room,80,1
PRIVATE SAFE ROOMN QUIET FAMILY RESIDENTAL AREA,314493836,Queens,Long Island City,40.73635999999999768306224723346531391143798828125,-73.9275999999999982037479639984667301177978515625,Private room,500,1
Private Room w/lock&key-COLUMBIa UNIVERSITy area!,16480700,Manhattan,Harlem,40.8190299999999979263520799577236175537109375,-73.9531400000000047612047637812793254852294921875,Private room,99,1
Brooklyn nook,57528994,Brooklyn,Bedford-Stuyvesant,40.67685000000000172803993336856365203857421875,-73.9122399999999970532371662557125091552734375,Private room,35,1
Spacious 1 Bedroom 20 mins from Downtown BK,169800089,Brooklyn,Brownsville,40.66331000000000273075784207321703433990478515625,-73.9109600000000028785507311113178730010986328125,Private room,75,1
Huge room w/ Qn bed private Bathrm 4kTV Desk Patio,409170142,Brooklyn,Williamsburg,40.708449999999999135980033315718173980712890625,-73.9548999999999949750417727045714855194091796875,Private room,116,1
Beautiful Duplex Condo In Brooklyn,4069855,Brooklyn,Bushwick,40.694940000000002555680111981928348541259765625,-73.9069899999999933015715214423835277557373046875,Private room,100,1
Large Sunny King-Bayside Hotel 25Min to Manhattan,296605957,Queens,Bayside,40.7604520000000007939888746477663516998291015625,-73.7660599999999959663909976370632648468017578125,Private room,146,1
HANDSHAKE Free Continental Breakfast❤️,224532641,Brooklyn,Prospect-Lefferts Gardens,40.65959000000000145291778608225286006927490234375,-73.949219999999996844053384847939014434814453125,Private room,66,1
Quiet 1-Bedroom Rental in Flushing.,445169561,Queens,Flushing,40.76032000000000010686562745831906795501708984375,-73.8037199999999984356691129505634307861328125,Private room,90,1
Come Relax in Brooklyn and Be My Guest,339827309,Brooklyn,Bushwick,40.69854000000000127101884572766721248626708984375,-73.921189999999995734469848684966564178466796875,Private room,130,1
Dorothy’s hidden palace,144829155,Queens,Rosedale,40.6571799999999967667463351972401142120361328125,-73.7366899999999958481566864065825939178466796875,Private room,85,1
Quiet 1-Bedroom in Flushing.,445169561,Queens,Flushing,40.761809999999996989572537131607532501220703125,-73.802490000000005920810508541762828826904296875,Private room,90,1
"Extra Large Room in BK, 3 windows & full size bed",339436944,Brooklyn,Cypress Hills,40.686700000000001864464138634502887725830078125,-73.8719200000000029149305191822350025177001953125,Private room,56,1
Modern bedroom (autumn),448142693,Queens,Jackson Heights,40.75422999999999973397279973141849040985107421875,-73.8573990000000009104041964747011661529541015625,Private room,59,1
Great Room for 4 in the heart of Times Square,449715737,Manhattan,Theater District,40.7591249999999973852027324028313159942626953125,-73.98376500000000532963895238935947418212890625,Private room,233,1
Clean quiet and nice Manhattan 25min 420 friendly,94214493,Brooklyn,East Flatbush,40.65597000000000349473339156247675418853759765625,-73.9166799999999994952304405160248279571533203125,Private room,150,1
Bedroom#2 with access to Kitchen & Living Room,268398473,Bronx,Van Nest,40.84483999999999781493897899053990840911865234375,-73.862030000000004292814992368221282958984375,Private room,55,1
"Incredible, clean townhouse w/ backyard n laundry",433972903,Bronx,Fordham,40.861570000000000391082721762359142303466796875,-73.900049999999993133315001614391803741455078125,Private room,43,1
Clean cozy big room in east midtown Manhattan,446963829,Manhattan,Midtown,40.7563099999999991496224538423120975494384765625,-73.9694300000000026784618967212736606597900390625,Private room,168,1
Large private bedroom 15 min from Manhattan1,300448271,Queens,Astoria,40.76731000000000193494997802190482616424560546875,-73.9242100000000021964297047816216945648193359375,Private room,60,1
peacefull and lovely room in Queens close to JFK,448653723,Queens,Richmond Hill,40.69424000000000063437255448661744594573974609375,-73.8367300000000028603608370758593082427978515625,Private room,65,1
Home away from home,143127602,Brooklyn,East New York,40.65952999999999661895344615913927555084228515625,-73.8936700000000001864464138634502887725830078125,Private room,60,1
Seaview Suite w/ Chic Bathroom and Private Entry,34353017,Staten Island,Tompkinsville,40.62966999999999728743205196224153041839599609375,-74.0845699999999993679011822678148746490478515625,Private room,98,1
Lovely Private bedroom in Heart of Williamsburg BK,26953965,Brooklyn,Williamsburg,40.7118200000000030058799893595278263092041015625,-73.9419099999999929195837466977536678314208984375,Private room,73,1
"Sweet, simple, spacious private bedroom",14725504,Brooklyn,Sunset Park,40.659999999999996589394868351519107818603515625,-73.9965399999999959845808916725218296051025390625,Private room,94,1
St Regis Residence - 2 bedroom suite,28656622,Manhattan,Midtown,40.7627700000000032787283998914062976837158203125,-73.97539000000000442014425061643123626708984375,Private room,1697,1
Penthouse 1 Bedroom/Bath+Terrace Williamsburg,459432476,Brooklyn,Williamsburg,40.7205799999999982219378580339252948760986328125,-73.9577100000000058344085118733346462249755859375,Private room,228,1
Manhattan Home Base,316803872,Manhattan,Upper West Side,40.796829999999999927240423858165740966796875,-73.9701199999999943202055874280631542205810546875,Private room,50,1
"Affordable place, 25 mins away from the city.",79589716,Brooklyn,Bushwick,40.6952399999999983037923811934888362884521484375,-73.9108499999999963847585604526102542877197265625,Private room,44,1
Private suite in a Landmarked Brooklyn Brownstone,458598023,Brooklyn,Bedford-Stuyvesant,40.6812699999999978217601892538368701934814453125,-73.9333199999999948204276734031736850738525390625,Private room,106,1
"Outstanding, bright and cozy Brooklyn bedroom",4765858,Brooklyn,Bedford-Stuyvesant,40.67784000000000332875060848891735076904296875,-73.9252699999999975943865138106048107147216796875,Private room,64,1
Chic private room steps from Metro & Industry City,51913277,Brooklyn,Sunset Park,40.655180000000001427906681783497333526611328125,-74.00312999999999874489731155335903167724609375,Private room,75,1
Sunfilled Queen bed w Private Bath,128879778,Brooklyn,Sunset Park,40.64356000000000079808160080574452877044677734375,-74.013689999999996871338225901126861572265625,Private room,72,1
Beautiful Full House with 3 Bedrooms & 2 Bathrooms,268398473,Bronx,Van Nest,40.843220000000002301021595485508441925048828125,-73.8619000000000056616045185364782810211181640625,Private room,199,1
King size bed,143127602,Brooklyn,East New York,40.6595999999999975216269376687705516815185546875,-73.893789999999995643520378507673740386962890625,Private room,65,1
Cozy Clean Retreat w/ Private Bath,128879778,Brooklyn,Sunset Park,40.644530000000003155946615152060985565185546875,-74.0139300000000019963408703915774822235107421875,Private room,68,1
Serene space/room in minimal Bedstuy home.,156255637,Brooklyn,Bedford-Stuyvesant,40.67835000000000178488335222937166690826416015625,-73.9088200000000057343640946783125400543212890625,Private room,50,1
Ready now Low prize Large room * 43 TV/Internet,457840330,Bronx,Baychester,40.87362999999999857436705497093498706817626953125,-73.8405000000000057980287238024175167083740234375,Private room,59,1
Big beautiful private Rm Wi-Fi/Tv-G room,457840330,Bronx,Baychester,40.87339999999999662350091966800391674041748046875,-73.8402999999999991587174008600413799285888671875,Private room,49,1
Beautiful Private Room with Balcony - ASTORIA,442956929,Queens,Astoria,40.76834999999999809006112627685070037841796875,-73.924090000000006739355740137398242950439453125,Private room,68,1
Sun Drenched Good Energy Good Vibes,67931689,Brooklyn,East Flatbush,40.6479700000000008230927051045000553131103515625,-73.9435500000000018872015061788260936737060546875,Private room,70,1
Stylish Private Room Suite 1/ Bath Duplex Apt E NY,440921674,Brooklyn,East New York,40.66714999999999946567186270840466022491455078125,-73.8869600000000019690560293383896350860595703125,Private room,128,1
Spacious Queen bed w/ En-Suite Bath,128879778,Brooklyn,Sunset Park,40.64301999999999992496668710373342037200927734375,-74.0123300000000057252691476605832576751708984375,Private room,74,1
Cheerful Pvt/bdrm #2,119301523,Queens,South Ozone Park,40.66734999999999899955582804977893829345703125,-73.8075000000000045474735088646411895751953125,Private room,55,1
Cozy room in Trendy W-burg! 10 mins to Manhattan!,52831325,Brooklyn,Williamsburg,40.7080399999999968940755934454500675201416015625,-73.9567200000000042336978367529809474945068359375,Private room,52,1
Quiet place,328102609,Bronx,Morris Park,40.85593999999999681449480704031884670257568359375,-73.838809999999995170583133585751056671142578125,Private room,100,1
Large and bright room 15 min away from Manhattan,153524812,Queens,Astoria,40.76825999999999794454197399318218231201171875,-73.9239199999999954115992295555770397186279296875,Private room,55,1
Flott rom med utsikt over Manhattan,340516424,Manhattan,Upper East Side,40.76816000000000173031367012299597263336181640625,-73.954689999999999372448655776679515838623046875,Private room,75,1
Lovely 1-bedroom rent unit with free parking,29513279,Brooklyn,Borough Park,40.63405999999999806959749548695981502532958984375,-74.0050399999999939382178126834332942962646484375,Private room,50,1
Quiet and peaceful room w/ Private Bath,128879778,Brooklyn,Sunset Park,40.64518000000000341742634191177785396575927734375,-74.0126800000000031332092476077377796173095703125,Private room,70,1
Sunny room + private bathroom & workspace avail,6845673,Brooklyn,Bushwick,40.68925999999999731926436652429401874542236328125,-73.9163800000000037471181713044643402099609375,Private room,188,1
Double-Bed in Sunset Park/Industry City,264569855,Brooklyn,Sunset Park,40.64351559257421087067996268160641193389892578125,-74.0201415097843522516996017657220363616943359375,Private room,55,1
Luxury apartment for short stay,342147522,Manhattan,Hell's Kitchen,40.757869999999996935002855025231838226318359375,-73.994020000000006120899342931807041168212890625,Private room,80,1
"Queens Hotel, Cozy King, 25min to Manhattan",296605957,Queens,Bayside,40.7604520000000007939888746477663516998291015625,-73.7660599999999959663909976370632648468017578125,Private room,144,1
1 private room w/ private terrace,29325684,Brooklyn,Crown Heights,40.6763938768184374339398345910012722015380859375,-73.9241906740927419150466448627412319183349609375,Private room,82,1
"Bright and clean room in Astoria, steps from train",300448271,Queens,Astoria,40.767009999999999081410351209342479705810546875,-73.926320000000004029061528854072093963623046875,Private room,60,1
The Cozy Corner,302423456,Queens,Jamaica,40.671289999999999054125510156154632568359375,-73.778729999999995925463736057281494140625,Private room,52,1
UES Central park 2 bedroom with backyard,133773829,Manhattan,Upper East Side,40.7727799999999973579178913496434688568115234375,-73.9657399999999967121766530908644199371337890625,Private room,500,1
"Single bed in Guesthouse
with Rooftop",390243843,Brooklyn,Williamsburg,40.70636999999999972033037920482456684112548828125,-73.940709999999995716279954649507999420166015625,Private room,83,1
King Hotel - Room with 1 Queen Bed & Private Bath.,422234306,Brooklyn,Sunset Park,40.650249999999999772626324556767940521240234375,-74.0003300000000052705217967741191387176513671875,Private room,108,1
Deluxe Queen-Bed Room/sleeper chair in Elmhurst NY,440921674,Queens,Elmhurst,40.73228999999999899728209129534661769866943359375,-73.8846300000000013596945791505277156829833984375,Private room,89,1
Small cozy room in Studio Apartment,452443129,Queens,Woodside,40.74208999999999747387846582569181919097900390625,-73.90219999999999345163814723491668701171875,Private room,50,1
Comfortable BedR + private BathR,113432737,Queens,Rego Park,40.7263990000000006830305210314691066741943359375,-73.8597520000000002937667886726558208465576171875,Private room,111,1
"""Time Square"" 42nd street. Private Bedroom for two",30985759,Manhattan,Theater District,40.7570199999999971396391629241406917572021484375,-73.989519999999998844941728748381137847900390625,Private room,94,1
Hermoso departamento en Brooklyn,452419611,Brooklyn,Crown Heights,40.67515999999999820602170075289905071258544921875,-73.91572999999999638021108694374561309814453125,Private room,65,1
"Modern Room with Private Bathroom, 10Mins from JFK",294947030,Queens,Howard Beach,40.66597999999999757392288302071392536163330078125,-73.8538099999999957390173221938312053680419921875,Private room,62,1
"Cozy private room Astoria 10min to LGA, Manhattan",153524812,Queens,Astoria,40.766660000000001673470251262187957763671875,-73.9221600000000051977622206322848796844482421875,Private room,46,1
Sunny Artist Penthouse large room in Brooklyn.,356788969,Brooklyn,Bushwick,40.700974000000002206434146501123905181884765625,-73.939528999999993175151757895946502685546875,Private room,103,1
"Bright, spacious private room in Bushwick, BK!",21544501,Brooklyn,Bushwick,40.68930999999999897909219725988805294036865234375,-73.9054100000000033787728170864284038543701171875,Private room,71,1
Lovely and clean townhouse with backyard,433972903,Bronx,Fordham,40.8598300000000023146640160121023654937744140625,-73.9022499999999951114659779705107212066650390625,Private room,45,1
"Bayside Hotel, Queit Double, 25 MIN to Manhattan",296605957,Queens,Bayside,40.7604520000000007939888746477663516998291015625,-73.7660599999999959663909976370632648468017578125,Private room,146,1
Fun Suite,380391096,Brooklyn,Bedford-Stuyvesant,40.68601000000000311729309032671153545379638671875,-73.930149999999997589839040301740169525146484375,Private room,500,1
(103) 法拉盛中心房,327409561,Queens,Flushing,40.76538000000000039335645851679146289825439453125,-73.8305399999999991678123478777706623077392578125,Private room,47,1
LOVE MY ROOM 2,210040180,Queens,Jamaica,40.6789899999999988722265698015689849853515625,-73.7898699999999934107108856551349163055419921875,Private room,65,1
Brooklyn Junction II:  Minutes from Manhattan,71009894,Brooklyn,Cypress Hills,40.67723000000000155296220327727496623992919921875,-73.898560000000003356035449542105197906494140625,Private room,62,1
Amazing bright bedroom 15 min to Manhattan. by LGA,300448271,Queens,Astoria,40.76525000000000176214598468504846096038818359375,-73.9264699999999947976903058588504791259765625,Private room,61,1
New York Room near 7 Train & 10 Min to TimesSquare,378759597,Queens,Sunnyside,40.74271999999999849251253181137144565582275390625,-73.925430000000005748006515204906463623046875,Private room,98,1
NO CLEANING FEES: Bronx Private Hostel-like room,82889379,Bronx,Wakefield,40.896490000000000009094947017729282379150390625,-73.8569499999999976580511429347097873687744140625,Private room,43,1
*Rare Gem* Artsy Apt w/views perfect 4 cre8tives,100758295,Manhattan,Lower East Side,40.70973000000000041609382606111466884613037109375,-73.9905600000000021054802346043288707733154296875,Private room,125,1
New York Room close to 7 MTA- 10 Mins to Manhattan,378759597,Queens,Sunnyside,40.74233000000000259888111031614243984222412109375,-73.925510000000002719389158301055431365966796875,Private room,89,1
"Private Large Room w/ Qn Bed, 4KTV, Desk & Patio!",454333811,Brooklyn,Williamsburg,40.70753500000000002501110429875552654266357421875,-73.9558870000000041500243241898715496063232421875,Private room,93,1
Cozy & Clean private bedroom in the 💙 of Bushwick,67225718,Brooklyn,Bushwick,40.69964999999999832880348549224436283111572265625,-73.92432999999999765350366942584514617919921875,Private room,90,1
Sunny King Room- Bayside hotel 25 Min to Manhattan,296605957,Queens,Bayside,40.7604520000000007939888746477663516998291015625,-73.7660599999999959663909976370632648468017578125,Private room,146,1
Quick and simple! Private room Sunset park,374799676,Brooklyn,Sunset Park,40.644080999999999903593561612069606781005859375,-74.013183999999995421603671275079250335693359375,Private room,70,1
Modern bedroom (Winter),447971713,Queens,Jackson Heights,40.75515999999999650071913492865860462188720703125,-73.8570299999999946294337860308587551116943359375,Private room,59,1
Lovely Room,447538686,Brooklyn,Bushwick,40.697890000000001009539118967950344085693359375,-73.9366500000000002046363078989088535308837890625,Private room,97,1
"WELCOME TO ""THE YANKEE CASTLE""",86428878,Bronx,Concourse,40.832999999999998408384271897375583648681640625,-73.924250000000000682121026329696178436279296875,Private room,70,1
"Private bedroom 10 min to LGA, 15 min to Manhattan",153524812,Queens,Astoria,40.7669599999999974215825204737484455108642578125,-73.9248500000000063892002799548208713531494140625,Private room,51,1
Large private room 7 min to LGA 15min to Manhattan,153524812,Queens,Astoria,40.76816000000000173031367012299597263336181640625,-73.9285799999999966303221299313008785247802734375,Private room,53,1
Modern and spacious room @ Times Square Accessible,340038896,Manhattan,Theater District,40.7569400000000001682565198279917240142822265625,-73.9843599999999952387952362187206745147705078125,Private room,184,1
Amazing Room minutes away from Time Square!,173083297,Manhattan,Upper West Side,40.77662000000000119825926958583295345306396484375,-73.9787500000000051159076974727213382720947265625,Private room,600,1
Bedroom #3 with Access to Kitchen & Living Room,268398473,Bronx,Van Nest,40.843040000000002009983290918171405792236328125,-73.862020000000001118678483180701732635498046875,Private room,60,1
THE BROOKLYN BOHO HOUSE Private room/Shared Space,8258991,Brooklyn,Bedford-Stuyvesant,40.679879999999997153281583450734615325927734375,-73.9129899999999935289451968856155872344970703125,Private room,54,1
"Citadines Connect 5th Ave, Premier King",340938089,Manhattan,Midtown,40.75704999999999955662133288569748401641845703125,-73.9790899999999993497112882323563098907470703125,Private room,133,1
"Citadines Connect 5th Ave, Premier Double",340938089,Manhattan,Midtown,40.7563200000000023237589630298316478729248046875,-73.9811299999999931742422631941735744476318359375,Private room,153,1
"Citadines Connect 5th Ave, Presidential Suite",340938089,Manhattan,Midtown,40.75574000000000296495272777974605560302734375,-73.9792900000000059890226111747324466705322265625,Private room,223,1
"Citadines Connect 5th Ave, Standard Room",340938089,Manhattan,Midtown,40.7569400000000001682565198279917240142822265625,-73.9811700000000058707882999442517757415771484375,Private room,133,1
Selina Chelsea NYC - Standard Room,342821708,Manhattan,Chelsea,40.7513900000000006684786058031022548675537109375,-74.003950000000003228706191293895244598388671875,Private room,228,1
Modern bedroom (Spring),447930128,Queens,Jackson Heights,40.7546999999999997044142219237983226776123046875,-73.85827000000000452928361482918262481689453125,Private room,74,1
Charming Private Bedroom next to Central Park,188752288,Manhattan,Harlem,40.80129000000000161207935889251530170440673828125,-73.954070000000001527951098978519439697265625,Private room,222,1
Classy one bedroom rental unit.,441901811,Brooklyn,Bushwick,40.68903999999999854253474040888249874114990234375,-73.915670000000005757101462222635746002197265625,Private room,122,1
Brooklyn Oasis: Private Bath | Beach | Express,43714712,Brooklyn,Brighton Beach,40.5802699999999987312548910267651081085205078125,-73.9617300000000028603608370758593082427978515625,Private room,126,1
Cozy Room With Great NYC Views,448251181,Brooklyn,Bedford-Stuyvesant,40.699849999999997862687450833618640899658203125,-73.947460000000006630216375924646854400634765625,Private room,80,1
Cozy Private Room,294015297,Staten Island,West Brighton,40.63304000000000115733200800605118274688720703125,-74.1216399999999993042365531437098979949951171875,Private room,60,1
Midnight Blue Room in Brooklyn,450104410,Brooklyn,Prospect Heights,40.6769800000000003592504072003066539764404296875,-73.9645900000000011687006917782127857208251953125,Private room,140,1
"cozy, secure, new queen mattress, great location**",443414797,Brooklyn,Williamsburg,40.70891000000000303771230392158031463623046875,-73.946290000000004738467396236956119537353515625,Private room,46,1
17181love homes,119692067,Brooklyn,Sunset Park,40.64334999999999809006112627685070037841796875,-74.0026199999999931833372102119028568267822265625,Private room,58,1
17182homelove,119692067,Brooklyn,Sunset Park,40.64348421626308294207774451933801174163818359375,-74.0023727944440992132513201795518398284912109375,Private room,60,1
Spacious Private Master Bedroom with Bath,448665899,Queens,Corona,40.745980000000002974047674797475337982177734375,-73.85674000000000205545802600681781768798828125,Private room,79,1
Private Blue Room close to LGA and JFK,448665899,Queens,Corona,40.7441299999999984038367983885109424591064453125,-73.8544399999999967576513881795108318328857421875,Private room,69,1
Lovely 1 bedroom apartment in the Bronx,450746899,Bronx,Throgs Neck,40.8312600000000003319655661471188068389892578125,-73.8175499999999971123543218709528446197509765625,Private room,71,1
New Mirror Glass Room,448665899,Queens,Corona,40.74398999999999659848981536924839019775390625,-73.855019999999996116457623429596424102783203125,Private room,80,1
Cozy bright room in Brooklyn with backyard access,61324573,Brooklyn,Crown Heights,40.67378000000000071167960413731634616851806640625,-73.9217799999999982674125931225717067718505859375,Private room,70,1
LOVELY PRIVATE ROOM IN A NEIGHBORHOOD!! Close JFK,448653723,Queens,Richmond Hill,40.69319899999999989859134075231850147247314453125,-73.8357160000000050104063120670616626739501953125,Private room,65,1
Comfortable room near Penn Station,340529580,Manhattan,Chelsea,40.74783999999999650754034519195556640625,-73.9911599999999936017047730274498462677001953125,Private room,98,1
"Simple Friendly Private Room 2nd floor Harlem, NY",74038304,Manhattan,Harlem,40.80828999999999950887286104261875152587890625,-73.9524200000000035970515455119311809539794921875,Private room,171,1
Sweet Home,340298962,Manhattan,Harlem,40.8211399999999997589839040301740169525146484375,-73.9414100000000047430148697458207607269287109375,Private room,80,1
Lovely bedroom in a shared apartment.,49089627,Queens,Long Island City,40.76500999999999663714334019459784030914306640625,-73.932919999999995752659742720425128936767578125,Private room,70,1
A Home away from home!,370835210,Brooklyn,Brownsville,40.66356999999999999317878973670303821563720703125,-73.9173200000000036880010156892240047454833984375,Private room,83,1
EASY MAC (DONOUGH),456472724,Brooklyn,Bedford-Stuyvesant,40.68487999999999971123543218709528446197509765625,-73.92095000000000482032191939651966094970703125,Private room,62,1
Single Room (East Village) (private room in 4 BD),87428324,Manhattan,East Village,40.721800000000001773514668457210063934326171875,-73.9793499999999966121322358958423137664794921875,Private room,63,1
Williamsburg cozy room close to Domino Park,5166944,Brooklyn,Williamsburg,40.71146999999999849251253181137144565582275390625,-73.96282999999999674400896765291690826416015625,Private room,45,1
Brooklyn Junction I:  Minutes from Manhattan,71009894,Brooklyn,Cypress Hills,40.67739000000000260115484707057476043701171875,-73.900069999999999481588019989430904388427734375,Private room,72,1
Gorgeous Upper West Side Central Park,162921021,Manhattan,Upper West Side,40.7943700000000006866684998385608196258544921875,-73.9642900000000054205884225666522979736328125,Private room,75,1
Brooklyn Private Room,13643709,Brooklyn,Bushwick,40.6949800000000010413714335300028324127197265625,-73.9258899999999954388840706087648868560791015625,Private room,80,1
Exclusive Private Room 512 | Shared Bathroom Only,401202937,Manhattan,Midtown,40.7468300000000027694113668985664844512939453125,-73.9867100000000021964297047816216945648193359375,Private room,74,1
Lovely Central Park Upper West Side,162921021,Manhattan,Upper West Side,40.79433000000000220097717829048633575439453125,-73.96363999999999805368133820593357086181640625,Private room,75,1
Cozy home away from home,266360944,Queens,Springfield Gardens,40.66181000000000267391442321240901947021484375,-73.763959999999997307895682752132415771484375,Private room,80,1
Apartamento de nyc cómodo,394289605,Manhattan,Washington Heights,40.84600999999999970668795867823064327239990234375,-73.9368099999999941474015940912067890167236328125,Private room,250,1
Lovely private room,30542864,Brooklyn,East Flatbush,40.6610299999999966757968650199472904205322265625,-73.9267799999999937199390842579305171966552734375,Private room,76,1
"1 or 2 beds private room, near flushing, chinatown",298747627,Queens,Flushing,40.75258000000000180307324626483023166656494140625,-73.8304499999999990222931955941021442413330078125,Private room,82,1
Large room / Private bath in a spacious 2B2B Home,37273608,Manhattan,Hell's Kitchen,40.75410000000000110276232589967548847198486328125,-73.9932900000000017826096154749393463134765625,Private room,148,1
#1. Pleasant private bedroom in Manhattan.,455426196,Manhattan,Inwood,40.8695000000000021600499167107045650482177734375,-73.9228700000000031877789297141134738922119140625,Private room,54,1
Lily’s house !  ❤️ NO CLEANING FEE🛑 Family house,201174295,Queens,Flushing,40.76286999999999949295670376159250736236572265625,-73.823520000000002028173184953629970550537109375,Private room,60,1
Tranquil Escape,324599806,Brooklyn,Flatlands,40.62962999999999880174073041416704654693603515625,-73.93702999999999292413122020661830902099609375,Private room,170,1
CLOSE BY CENTRAL PARK AND TIME SQUARE!,173083297,Manhattan,Upper West Side,40.77564000000000277168510365299880504608154296875,-73.9766300000000001091393642127513885498046875,Private room,225,1
"Fabulous  Bedroom for 2 people in Elmhurst, NY",440921674,Queens,Elmhurst,40.73022999999999882447809795849025249481201171875,-73.88591999999999870851752348244190216064453125,Private room,88,1
"Hotel 48 Lex, The Lexington Penthouse",262985820,Manhattan,Midtown,40.75529999999999830606611794792115688323974609375,-73.972880000000003519744495861232280731201171875,Private room,2371,1
Hotel 369 - 1 King Room with Private Bath Room,453975705,Brooklyn,East New York,40.67321799999999853980625630356371402740478515625,-73.8970029999999979963831719942390918731689453125,Private room,113,1
Cozy 3 bedroom apartment in the heart of bushwick.,67902194,Brooklyn,Bushwick,40.70250999999999663714334019459784030914306640625,-73.92941999999999325154931284487247467041015625,Private room,105,1
"Hotel 48 Lex, The Avenue Penthouse",262985820,Manhattan,Midtown,40.75614999999999810142981004901230335235595703125,-73.9740599999999943747752695344388484954833984375,Private room,1413,1
LGA… comfortable private bedroom,13644419,Queens,East Elmhurst,40.76691000000000286718204733915627002716064453125,-73.8792499999999989768184605054557323455810546875,Private room,65,1
Charming library room overlooking the park!,454031557,Manhattan,East Village,40.7246099999999984220266924239695072174072265625,-73.981099999999997862687450833618640899658203125,Private room,170,1
Lovely one Bedroom Unit In Brooklyn heights,6724578,Brooklyn,Cobble Hill,40.68992999999999682358975405804812908172607421875,-73.996430000000003701643436215817928314208984375,Private room,125,1
"Huge Private Qn bed, 4kTV/desk/armoire & patio",454333811,Brooklyn,Williamsburg,40.70753500000000002501110429875552654266357421875,-73.9558870000000041500243241898715496063232421875,Private room,81,1
Bright Apartment in wonderful location.,61408134,Manhattan,Upper East Side,40.76218000000000074578565545380115509033203125,-73.96165999999999485225998796522617340087890625,Private room,166,1
The BEST NYC Location!,61408134,Manhattan,Upper East Side,40.76324000000000324916982208378612995147705078125,-73.9618799999999936289896140806376934051513671875,Private room,166,1
Lovely bedroom in a beautiful Brooklyn brownstone,347474872,Brooklyn,Bedford-Stuyvesant,40.686058000000002721208147704601287841796875,-73.9315950000000015052137314341962337493896484375,Private room,80,1
"Private room and bathroom, share kitchen.",171543177,Queens,Astoria,40.760030000000000427462509833276271820068359375,-73.9161399999999986221155268140137195587158203125,Private room,100,1
Lux King Room - Bayside Hotel 25 MIN to Manhattan,296605957,Queens,Bayside,40.7604520000000007939888746477663516998291015625,-73.7660599999999959663909976370632648468017578125,Private room,146,1
King Room - Queens Hotel 25 MIN to Manhattan,296605957,Queens,Bayside,40.7604520000000007939888746477663516998291015625,-73.7660599999999959663909976370632648468017578125,Private room,146,1
"Hotel 48 Lex, The House",262985820,Manhattan,Midtown,40.75529999999999830606611794792115688323974609375,-73.972880000000003519744495861232280731201171875,Private room,3721,1
Lovely Private One-Bedroom Rental in Queens.,64107217,Queens,Hollis,40.71367000000000047066350816749036312103271484375,-73.7680500000000023419488570652902126312255859375,Private room,88,1
comfortable central cozy room in manhattan...,164602924,Manhattan,Hell's Kitchen,40.765320000000002664819476194679737091064453125,-73.99506999999999834471964277327060699462890625,Private room,89,1
Full size bed,143127602,Brooklyn,East New York,40.65796999999999883357304497621953487396240234375,-73.8929399999999958481566864065825939178466796875,Private room,57,1
Suzy ville 2,244116720,Bronx,Throgs Neck,40.827629999999999199644662439823150634765625,-73.821020000000004301909939385950565338134765625,Private room,60,1
Perfect home in Bklyn near brookdale hospital,94214493,Brooklyn,East Flatbush,40.6564800000000019508661353029310703277587890625,-73.9174699999999944566297926940023899078369140625,Private room,80,1
Great place in bklyn 420 friendly,94214493,Brooklyn,East Flatbush,40.65489999999999781721271574497222900390625,-73.91671999999999798092176206409931182861328125,Private room,70,1
Cozy Brooklyn home 1,25537142,Brooklyn,Cypress Hills,40.68831999999999737838152213953435420989990234375,-73.870350000000001955413608811795711517333984375,Private room,47,1
Tranquil Haven W/Private Bath-8 mins to JFK Rm. #1,178272943,Queens,Jamaica,40.67204000000000263526089838705956935882568359375,-73.7808500000000009322320693172514438629150390625,Private room,75,1
Room in Manhattan. 15 mins train to Time Square,65059624,Manhattan,East Harlem,40.80879999999999796500560478307306766510009765625,-73.9360999999999961573848850093781948089599609375,Private room,51,1
Greatlocationfastwifinearsbusreastaurantshospital,94214493,Brooklyn,East Flatbush,40.65586867526899794711425784043967723846435546875,-73.917715810239315032958984375,Private room,200,1
Private room in the heart of Williamsburg,8859950,Brooklyn,Williamsburg,40.7119900000000001227817847393453121185302734375,-73.9594699999999960482455207966268062591552734375,Private room,100,1
"Paper Factory, Manhattan Loft",266989293,Queens,Long Island City,40.75386999999999915189619059674441814422607421875,-73.926770000000004756657290272414684295654296875,Private room,308,1
Lovely master suite in Brooklyn next to Metro & IC,51913277,Brooklyn,Sunset Park,40.65652999999999650526660843752324581146240234375,-74.0049700000000001409716787748038768768310546875,Private room,89,1
Nothing too pretentious just clean quiet and cozy.,275548200,Manhattan,Washington Heights,40.84933000000000191676008398644626140594482421875,-73.9342400000000026238922146148979663848876953125,Private room,30,1
This is a two-bedrooms parking behind the building,456814111,Brooklyn,Borough Park,40.64345999999999747842593933455646038055419921875,-73.9993099999999941474015940912067890167236328125,Private room,175,1
Private Room in 2-Bedroom Plant Oasis,455883834,Brooklyn,Williamsburg,40.70551999999999992496668710373342037200927734375,-73.9441199999999980718712322413921356201171875,Private room,120,1
Lovely guest bedroom.,441901811,Brooklyn,Bushwick,40.68949500000000085719875642098486423492431640625,-73.9146420000000006211848813109099864959716796875,Private room,94,1
Male or couple get plenty rest!,244544373,Staten Island,St. George,40.63736000000000103682396002113819122314453125,-74.0815499999999929059413261711597442626953125,Private room,72,1
MAC DOES-IT,456472724,Brooklyn,Bedford-Stuyvesant,40.6830599999999975580067257396876811981201171875,-73.919160000000005084075382910668849945068359375,Private room,69,1
Shared Two Beds APT private room 6 Midtown,306295899,Manhattan,Midtown,40.74602999999999752844814793206751346588134765625,-73.9896399999999943020156933926045894622802734375,Private room,89,1
Cheerful first floor townhouse with free parking.,336906719,Queens,Jamaica,40.67810399999999759756974526681005954742431640625,-73.798011999999999943611328490078449249267578125,Private room,110,1
Stylish Private Room Suite 2/ Bath Duplex Apt E NY,440921674,Brooklyn,East New York,40.66770999999999958163243718445301055908203125,-73.886719999999996844053384847939014434814453125,Private room,124,1
Strawbery's  Luxury  Suite- 8 min from JFK Airport,212661987,Queens,Rosedale,40.67423999999999750798451714217662811279296875,-73.7291000000000025238477974198758602142333984375,Private room,89,1
Cozy King Room - Bayside Hotel 25 MIN to Manhattan,296605957,Queens,Bayside,40.7604520000000007939888746477663516998291015625,-73.7660599999999959663909976370632648468017578125,Private room,142,1
Comfy King Hotel Room 25 MIN to Manhattan,296605957,Queens,Bayside,40.7604520000000007939888746477663516998291015625,-73.7660599999999959663909976370632648468017578125,Private room,144,1
Wyndham Midtown 45 NY! (26 MI. Watcher’sHouse).,66506549,Manhattan,Midtown,40.751609999999999445208231918513774871826171875,-73.9728999999999956571627990342676639556884765625,Private room,480,1
Spacious king size bedroom,6724578,Brooklyn,Brooklyn Heights,40.691090000000002646629582159221172332763671875,-73.99633000000000038198777474462985992431640625,Private room,155,1
"Warm, Cozy and Sunny place to enjoy NYC.",46399563,Manhattan,Inwood,40.86881000000000341287886840291321277618408203125,-73.9230400000000003046807250939309597015380859375,Private room,70,1
Lux King Room- Queens Hotel 25 MIN to Manhattan,296605957,Queens,Bayside,40.7604520000000007939888746477663516998291015625,-73.7660599999999959663909976370632648468017578125,Private room,144,1
Exclusive Private Room 541 | Shared Bathroom Only,401202937,Manhattan,Midtown,40.746949999999998226485331542789936065673828125,-73.9888299999999929923433228395879268646240234375,Private room,62,1
"Train 1 block away:
Beautiful Brownstone homes",81015025,Brooklyn,Bedford-Stuyvesant,40.67851999999999890178514760918915271759033203125,-73.94787999999999783540260978043079376220703125,Private room,55,1
PRIVATE HARLEM Sunny Room & Jazz Crawl,5202854,Manhattan,Harlem,40.81493999999999999772626324556767940521240234375,-73.9527800000000041791281546466052532196044921875,Private room,86,1
"Charming, Sunny Bedroom in Prime Greenpoint",41654488,Brooklyn,Greenpoint,40.725380000000001246007741428911685943603515625,-73.9464600000000018553691916167736053466796875,Private room,175,1
MAC TO BASICS,456472724,Brooklyn,Bedford-Stuyvesant,40.6829800000000005866240826435387134552001953125,-73.9194600000000008321876521222293376922607421875,Private room,69,1
COOPER'S GUEST ROOM,450955146,Brooklyn,Bushwick,40.68542000000000058435034588910639286041259765625,-73.9111999999999937926986603997647762298583984375,Private room,67,1
Deluxe King Room-Bayside Hotel 25MIN to Manhattan,296605957,Queens,Bayside,40.7604520000000007939888746477663516998291015625,-73.7660599999999959663909976370632648468017578125,Private room,146,1
Stunning Private Room Suite 2/Bath Duplex Apt E NY,440921674,Brooklyn,East New York,40.66765000000000185309545486234128475189208984375,-73.887889999999998735802364535629749298095703125,Private room,124,1
Superior Double Room with City View,314151200,Manhattan,Financial District,40.70461999999999846977516426704823970794677734375,-74.0102700000000055524651543237268924713134765625,Private room,221,1
"Deluxe Room w 2 Queen Beds and Sofa bed, city view",314151200,Manhattan,Financial District,40.70461999999999846977516426704823970794677734375,-74.0102700000000055524651543237268924713134765625,Private room,297,1
Spacious Bushwick Apartment,25968876,Brooklyn,Bushwick,40.69124000000000052068571676500141620635986328125,-73.9067900000000008731149137020111083984375,Private room,200,1
Sweet Little POC/Queer-friendly Room in Bed Stuy,352220665,Brooklyn,Bedford-Stuyvesant,40.6810150000000021464074961841106414794921875,-73.945976000000001704393071122467517852783203125,Private room,95,1
(Fall )Simple and Clean Single Room,77063818,Brooklyn,Bay Ridge,40.6331100000000020600054995156824588775634765625,-74.0190099999999944202500046230852603912353515625,Private room,68,1
(Summer )Simple and clean single room,77063818,Brooklyn,Bay Ridge,40.63450999999999879719325690530240535736083984375,-74.0173999999999949750417727045714855194091796875,Private room,66,1
"ASTORIA, NEW YORK, NEAR AIRPORT",310230118,Queens,Ditmars Steinway,40.77306999999999703732100897468626499176025390625,-73.9187600000000060163074522279202938079833984375,Private room,75,1
The swag master min away from Barclay's,284603393,Brooklyn,Bedford-Stuyvesant,40.68863999999999947476680972613394260406494140625,-73.9441000000000059344529290683567523956298828125,Private room,123,1
The Best Bedding,170649558,Brooklyn,East Flatbush,40.64001999999999981127984938211739063262939453125,-73.9435299999999955389284878037869930267333984375,Private room,80,1
Cozy Private Bedroom: 15 min to JFK/ 20 min to LGA,65031483,Queens,St. Albans,40.69595000000000339923644787631928920745849609375,-73.7632200000000040063241613097488880157470703125,Private room,63,1
Cozy patio room near JFK: Smoke w/ the sun & stars,68337710,Queens,Richmond Hill,40.67839000000000027057467377744615077972412109375,-73.822059999999993351593730039894580841064453125,Private room,69,1
Pretty small bunk bed,433696576,Brooklyn,Bedford-Stuyvesant,40.692959999999999354258761741220951080322265625,-73.9384399999999999408828443847596645355224609375,Private room,50,1
Easy Parking Qn Bed & Daybed 1 - 3 ppl,211136294,Bronx,Schuylerville,40.83667755126953125,-73.8342132568359375,Private room,62,1
Lux King Room - Bayside Near LIRR Train,296605957,Queens,Bayside,40.7604520000000007939888746477663516998291015625,-73.7660599999999959663909976370632648468017578125,Private room,144,1
Deluxe King Room with Sofa Bed,314151200,Manhattan,Financial District,40.70461999999999846977516426704823970794677734375,-74.0102700000000055524651543237268924713134765625,Private room,279,1
Private room in large apartment,136812761,Brooklyn,Bedford-Stuyvesant,40.69583999999999690544427721761167049407958984375,-73.9352300000000042246028897352516651153564453125,Private room,82,1
LEAH'S PLACE,459136924,Bronx,Mott Haven,40.8117500000000035242919693700969219207763671875,-73.921549999999996316546457819640636444091796875,Private room,39,1
A huge master bedroom with a full private bathroom,66451125,Queens,Corona,40.734690000000000509317032992839813232421875,-73.8623300000000000409272615797817707061767578125,Private room,70,1
Cute room close to Manhattan.,154629695,Queens,Astoria,40.75992999999999710780684836208820343017578125,-73.9093299999999970850694808177649974822998046875,Private room,50,1
Just as home,244116720,Bronx,Throgs Neck,40.82567000000000234649633057415485382080078125,-73.8206899999999990313881426118314266204833984375,Private room,60,1
Hilton Club NY,22259039,Manhattan,Midtown,40.7616900000000015324985724873840808868408203125,-73.9786399999999986221155268140137195587158203125,Private room,300,1
Lovely clean one bedroom accessible to manhattan,398164774,Bronx,Edenwald,40.8896289999999993369783624075353145599365234375,-73.833763000000004694811650551855564117431640625,Private room,150,1
"2 beds private RM flushing ny, near chinatown",298747627,Queens,Flushing,40.75345999999999690999175072647631168365478515625,-73.832729999999997971826815046370029449462890625,Private room,82,1
Midtown Manhatan | Private Studio w Bath| King Bed,337879004,Manhattan,Murray Hill,40.749254255706631511202431283891201019287109375,-73.9754595198574946834924048744142055511474609375,Private room,116,1
Private Room & Shared Bath in Harlem Artist's Home,107243,Manhattan,Harlem,40.8240899999999982128429110161960124969482421875,-73.9402199999999965029928716830909252166748046875,Private room,110,1
Cozy private bedroom 15 min from Manhattan,300448271,Queens,Astoria,40.76709000000000315822035190649330615997314453125,-73.9199799999999953570295474492013454437255859375,Private room,61,1
A private bedroom in Brooklyn heights,6724578,Brooklyn,Cobble Hill,40.68983999999999667807060177437961101531982421875,-73.9942300000000017234924598596990108489990234375,Private room,94,1
"High Ceilings, Exposed Brick Studio in East W-burg",49255756,Brooklyn,Williamsburg,40.70931999999999817418938619084656238555908203125,-73.9416599999999988312993082217872142791748046875,Private room,125,1
Cozy bedroom out side Q37 BUS STOP and A train,458284863,Queens,Richmond Hill,40.68350000000000221689333557151257991790771484375,-73.8307199999999994588506524451076984405517578125,Private room,90,1
Lovely bed and breakfast Yankee Stadium live,455764641,Bronx,Concourse Village,40.82585000000000263753463514149188995361328125,-73.9212399999999973942976794205605983734130859375,Private room,200,1
Bright and cozy room with private entrance.,235317126,Brooklyn,Bushwick,40.701819999999997889972291886806488037109375,-73.9165100000000023783286451362073421478271484375,Private room,65,1
Jojo’s Place,170649558,Brooklyn,East Flatbush,40.64531000000000204863681574352085590362548828125,-73.9341500000000024783730623312294483184814453125,Private room,80,1
Great one bed room with work space,425647682,Queens,Woodhaven,40.6946099999999972851583152078092098236083984375,-73.858419999999995297912391833961009979248046875,Private room,65,1
Superior King Room with City View,314151200,Manhattan,Financial District,40.70461999999999846977516426704823970794677734375,-74.0102700000000055524651543237268924713134765625,Private room,231,1
Lovely 2 Bed Private Room with TV,355770584,Queens,Flushing,40.75614999999999810142981004901230335235595703125,-73.8051600000000007639755494892597198486328125,Private room,84,1
Cute 1 Bed Private Room with Desk and TV,355770584,Queens,Flushing,40.75639000000000322643245453946292400360107421875,-73.8043499999999994543031789362430572509765625,Private room,67,1
Lovely 1 Bed Private Room with Bathroom,355770584,Queens,Flushing,40.75656000000000034333424991928040981292724609375,-73.803709999999995261532603763043880462646484375,Private room,81,1
Simple 1 Private Bedroom with TV and Desk,355770584,Queens,Flushing,40.7565299999999979263520799577236175537109375,-73.8051099999999991041477187536656856536865234375,Private room,60,1
Flushing/Elmhurst Prime Front BR,295247374,Queens,East Elmhurst,40.76339999999999719193510827608406543731689453125,-73.868709999999992987795849330723285675048828125,Private room,48,1
Queen size bed,143127602,Brooklyn,East New York,40.6607699999999994133759173564612865447998046875,-73.889139999999997598933987319469451904296875,Private room,61,1
Private bedroom in Queens Village,454216204,Queens,Queens Village,40.72198999999999813326212461106479167938232421875,-73.7389500000000026602720026858150959014892578125,Private room,80,1
"Lovely ❤️part II room in Williamsburg, Brooklyn NY",430979376,Brooklyn,Williamsburg,40.71094099999999826877683517523109912872314453125,-73.96553000000000110958353616297245025634765625,Private room,125,1
"Private Comfy bed, desk, mini fridge, 4kTV, Patio!",454333811,Brooklyn,Williamsburg,40.70739400000000074442141340114176273345947265625,-73.9541239999999930887497612275183200836181640625,Private room,270,1
Stunning Private Room Suite 1/bath Duplex Apt E NY,440921674,Brooklyn,East New York,40.66707999999999856299837119877338409423828125,-73.886799999999993815436027944087982177734375,Private room,124,1
Brooklyn Oasis,324599806,Brooklyn,Flatlands,40.62941000000000002501110429875552654266357421875,-73.93536000000000285581336356699466705322265625,Private room,125,1
Bayside King Hotel Room - 25 MIN to Manhattan,296605957,Queens,Bayside,40.7604520000000007939888746477663516998291015625,-73.7660599999999959663909976370632648468017578125,Private room,146,1
New Beautiful Private in Brooklyn NYC,429454632,Brooklyn,Prospect-Lefferts Gardens,40.6608599999999995588950696401298046112060546875,-73.9429300000000040427039493806660175323486328125,Private room,58,1
"Grace , beauty and peace",455175874,Queens,College Point,40.77712199999999853616827749647200107574462890625,-73.847305000000005748006515204906463623046875,Private room,100,1
Superior Queen Room with City View,314151200,Manhattan,Financial District,40.70461999999999846977516426704823970794677734375,-74.0102700000000055524651543237268924713134765625,Private room,204,1
Private Brooklyn Bedroom in Brownstone Near Subway,40176101,Brooklyn,Bedford-Stuyvesant,40.690280000000001336957211606204509735107421875,-73.9288600000000002410160959698259830474853515625,Private room,70,1
Cuarto pequeño con espacio para trabajo remoto,136230287,Queens,East Elmhurst,40.7629299999999972214936860837042331695556640625,-73.869339999999994006429915316402912139892578125,Private room,50,1
Spacious & super clean room with Private Bathroom,316004032,Bronx,Allerton,40.86263000000000289446688839234411716461181640625,-73.8651799999999951751306070946156978607177734375,Private room,65,1
"Deluxe Room with King Bed, City View",314151200,Manhattan,Financial District,40.70461999999999846977516426704823970794677734375,-74.0102700000000055524651543237268924713134765625,Private room,260,1
Private room in Forest Hills,157258551,Queens,Forest Hills,40.73472000000000292629920295439660549163818359375,-73.8469300000000004047251422889530658721923828125,Private room,138,1
Lovely cozy bedroom. Knickerbocker Ave/ gates av,338738466,Brooklyn,Bushwick,40.69306999999999874262357479892671108245849609375,-73.9199799999999953570295474492013454437255859375,Private room,111,1
"Lovely 3-bedroom near LGA, City Field & Manhattan",242322561,Queens,East Elmhurst,40.7693179999999983920133672654628753662109375,-73.8781890000000061036189435981214046478271484375,Private room,60,1
"Lovely 2-bedroom near LGA, City Field & Manhattan",242322561,Queens,East Elmhurst,40.76830000000000353566065314225852489471435546875,-73.878410000000002355591277591884136199951171875,Private room,60,1
"Lovely 1- bedroom near LGA,City Field & Manhattan",242322561,Queens,East Elmhurst,40.7693179999999983920133672654628753662109375,-73.8781890000000061036189435981214046478271484375,Private room,60,1
Lovely 1- bedroom apartment,33126358,Brooklyn,Sheepshead Bay,40.60521299999999911278791842050850391387939453125,-73.9534680000000008703864295966923236846923828125,Private room,80,1
"Deluxe Room with Queen Bed, City View",314151200,Manhattan,Financial District,40.70461999999999846977516426704823970794677734375,-74.0102700000000055524651543237268924713134765625,Private room,251,1
Church Remodeled into beautiful modern Apts w/gym,22375303,Brooklyn,Bedford-Stuyvesant,40.6796599999999983765519573353230953216552734375,-73.9295900000000045793058234266936779022216796875,Private room,71,1
Private 1 bedroom near iconic beaches,466561806,Brooklyn,Brighton Beach,40.5778600000000011505107977427542209625244140625,-73.9614499999999992496668710373342037200927734375,Private room,44,1
Superior King Corner with City View,314151200,Manhattan,Financial District,40.70461999999999846977516426704823970794677734375,-74.0102700000000055524651543237268924713134765625,Private room,240,1
Cozy Private Hotel-Like  Room Near Manhattan!,458988168,Queens,Sunnyside,40.73906000000000204863681574352085590362548828125,-73.9254499999999978854248183779418468475341796875,Private room,78,1
Sunny King Room-Bayside hotel 25 Min to Manhattan,296605957,Queens,Bayside,40.7604520000000007939888746477663516998291015625,-73.7660599999999959663909976370632648468017578125,Private room,144,1
Amazing Artist Loft 1 Room,148579193,Brooklyn,Bushwick,40.69303000000000025693225325085222721099853515625,-73.905609999999995807229424826800823211669921875,Private room,125,1
"Queens Hotel, Large Double, 25 Mint to Manhattan",296605957,Queens,Bayside,40.7604520000000007939888746477663516998291015625,-73.7660599999999959663909976370632648468017578125,Private room,144,1
Lovely 1 Bedroom,453374858,Brooklyn,Bath Beach,40.6015799999999984493115334771573543548583984375,-73.9952700000000049840309657156467437744140625,Private room,80,1
Studio apartment,169150553,Staten Island,Arrochar,40.59223999999999676902007195167243480682373046875,-74.06806000000000267391442321240901947021484375,Private room,105,1
Newly renovated Premium 1 King Bed City View,306009315,Manhattan,Upper West Side,40.78206999999999737838152213953435420989990234375,-73.980009999999992942321114242076873779296875,Private room,209,1
Studio apartment  2BR Renovated 2022! House@Queens,200239515,Queens,Woodside,40.74125000000000085265128291212022304534912109375,-73.892830000000003565219230949878692626953125,Private room,119,1
Newly renovated Premium 2 Full Beds City View,306009315,Manhattan,Upper West Side,40.78276000000000323097992804832756519317626953125,-73.982159999999993260644259862601757049560546875,Private room,229,1
Newly renovated Premium 1 King Broadway View,306009315,Manhattan,Upper West Side,40.7830900000000013960743672214448451995849609375,-73.9799799999999976307663018815219402313232421875,Private room,269,1
Mediterranean Artist House at ClintonHill Brooklyn,464738071,Brooklyn,Clinton Hill,40.69044999999999845385900698602199554443359375,-73.9606299999999947658579912967979907989501953125,Private room,140,1
Newly renovated Parlor Suite 1 King and Sofabed,306009315,Manhattan,Upper West Side,40.78320999999999685314833186566829681396484375,-73.982269999999999754436430521309375762939453125,Private room,375,1
Bright and cozy bedroom,1761578,Queens,Corona,40.7370599999999996043698047287762165069580078125,-73.860320000000001527951098978519439697265625,Private room,130,1
"Belleclaire, Newly renovated Family Suite 3 Beds",306009315,Manhattan,Upper West Side,40.78125,-73.980130000000002610249794088304042816162109375,Private room,525,1
Cozy Luxury Retro Aesthetic Bedroom,94689282,Manhattan,Tribeca,40.7196899999999999408828443847596645355224609375,-74.00610000000000354702933691442012786865234375,Private room,1056,1
"Hotel 32 32, Full Superior",268598785,Manhattan,Midtown,40.74643999999999977035258780233561992645263671875,-73.9844800000000049067239160649478435516357421875,Private room,243,1
"Hotel 32 32, Queen Studio with Balcony",268598785,Manhattan,Midtown,40.7452200000000033242031349800527095794677734375,-73.9828399999999959391061565838754177093505859375,Private room,238,1
Fresh and Bright Room in Central Williamsburg,417275418,Brooklyn,Williamsburg,40.71235999999999677356754546053707599639892578125,-73.9614100000000007639755494892597198486328125,Private room,84,1
2 Bedrooms in the Upper West Side,386678438,Manhattan,Upper West Side,40.79878000000000071167960413731634616851806640625,-73.961129999999997153281583450734615325927734375,Private room,160,1
"Hotel 32 32, Queen Premier with Balcony",268598785,Manhattan,Midtown,40.74645000000000294448909698985517024993896484375,-73.982529999999997016857378184795379638671875,Private room,284,1
NYC private bedroom-15 min to Manhattan,68907781,Queens,Astoria,40.76943849999999969213604344986379146575927734375,-73.928488299999997934719431214034557342529296875,Private room,98,1
Cute Bedroom-Queens NYC,431208540,Queens,Kew Gardens Hills,40.718760000000003174136509187519550323486328125,-73.8116299999999938563632895238697528839111328125,Private room,87,1
Chooklyn Farms: Private Room in Brooklyn,45314325,Brooklyn,Fort Greene,40.69357000000000113004716695286333560943603515625,-73.971239999999994552126736380159854888916015625,Private room,66,1
A room in long island city so close to subway,140241933,Queens,Astoria,40.75493999999999772398950881324708461761474609375,-73.9140900000000016234480426646769046783447265625,Private room,90,1
Most Central Location!,117287,Manhattan,Hell's Kitchen,40.767200000000002546585164964199066162109375,-73.9846399999999988494892022572457790374755859375,Private room,200,1
This lovely gem with great City views in Woodside,459087314,Queens,Woodside,40.743999999999999772626324556767940521240234375,-73.9120599999999967621988616883754730224609375,Private room,95,1
5 minute walk to Roosevelt Ave & Main St. #7 train,277698942,Queens,Flushing,40.7592300000000022919266484677791595458984375,-73.8299899999999951205609249882400035858154296875,Private room,58,1
Minimalist style 1 bedroom in Queens,281199191,Queens,Elmhurst,40.74691560000000123409336083568632602691650390625,-73.875001900000000887303031049668788909912109375,Private room,150,1
Huge private bedroom UpperEastSide no cleaning fee,311750205,Manhattan,East Harlem,40.78403999999999740566636319272220134735107421875,-73.9450599999999980127540766261518001556396484375,Private room,70,1
Tristan’s house near Manhatan,144839232,Bronx,Mott Haven,40.80527000000000015234036254696547985076904296875,-73.919569999999993115125107578933238983154296875,Private room,65,1
Pablo Cid’s house near Manhatan,143052745,Bronx,Mott Haven,40.80742000000000047066350816749036312103271484375,-73.92153999999999314240994863212108612060546875,Private room,55,1
Exclusive Private Studio 235 | Private Bathroom,401202937,Manhattan,Midtown,40.74797000000000224417817662470042705535888671875,-73.986729999999994333848007954657077789306640625,Private room,104,1
"Times Sq,Manhattan,NYC 2 private rooms & bath 4ppl",16480700,Manhattan,Hell's Kitchen,40.76059699999999708097675465978682041168212890625,-73.990691999999995687176124192774295806884765625,Private room,499,1
PRIVATE ROOM IN BROOKLYN NY ROOM C,460436304,Brooklyn,Brighton Beach,40.583877999999998564817360602319240570068359375,-73.962096999999999979991116560995578765869140625,Private room,81,1
Arise room in Manhattan,435273407,Manhattan,East Harlem,40.7898799999999965848473948426544666290283203125,-73.94155000000000654836185276508331298828125,Private room,117,1
"Hotel 32 32, Queen Superior",268598785,Manhattan,Midtown,40.74519000000000090722096501849591732025146484375,-73.982439999999996871338225901126861572265625,Private room,260,1
Acogedora casa segura y espaciosa.,304386444,Queens,Flushing,40.7495340684175317846893449313938617706298828125,-73.81048612296581268310546875,Private room,120,1
Extra large room in Brooklyn,371421385,Brooklyn,Cypress Hills,40.68348999999999904275682638399302959442138671875,-73.8737699999999932742866803891956806182861328125,Private room,60,1
"Hotel 32 32, Premier Suite",268598785,Manhattan,Midtown,40.74555000000000148929757415316998958587646484375,-73.9825799999999986766852089203894138336181640625,Private room,345,1
Exclusive Private Room 826 | Shared Bathroom Only,401202937,Manhattan,Midtown,40.746160000000003265085979364812374114990234375,-73.9866899999999958481566864065825939178466796875,Private room,49,1
Large Bedrooom in east village apartment,74338125,Manhattan,East Village,40.7287299999999987676346790976822376251220703125,-73.98673999999999750798451714217662811279296875,Private room,96,1
"Paper Factory, Executive King",266989293,Queens,Long Island City,40.752240000000000463842297904193401336669921875,-73.928709999999995261532603763043880462646484375,Private room,219,1
"Paper Factory, Standard King with Kitchenette",266989293,Queens,Long Island City,40.751800000000002910383045673370361328125,-73.9274400000000042609826778061687946319580078125,Private room,209,1
Exclusive Private Studio 311 | Private Bathroom,401202937,Manhattan,Midtown,40.74810999999999694409780204296112060546875,-73.9875100000000003319655661471188068389892578125,Private room,212,1
"Paper Factory, Superior Room w/ Double Beds",266989293,Queens,Long Island City,40.75403000000000020008883439004421234130859375,-73.928120000000006939444574527442455291748046875,Private room,179,1
1-BR and Private Bathroom - free shuttle to train,446568807,Queens,Kew Gardens Hills,40.72778000000000275804268312640488147735595703125,-73.8156699999999972305886331014335155487060546875,Private room,97,1
"Paper Factory, Deluxe King",266989293,Queens,Long Island City,40.753929999999996880433172918856143951416015625,-73.9270800000000036789060686714947223663330078125,Private room,280,1
Dope Private room in Artist Home (E. Harlem),303319010,Manhattan,East Harlem,40.799250000000000682121026329696178436279296875,-73.93256999999999834471964277327060699462890625,Private room,100,1
Private Large Bedroom 20min from Manhattan!,303320045,Queens,Astoria,40.7697500000000019326762412674725055694580078125,-73.919309999999995852704159915447235107421875,Private room,87,1
"Cozy Private Room (B) in Flushing, Queens",262685334,Queens,Flushing,40.7763599999999968304109643213450908660888671875,-73.8220400000000012141754268668591976165771484375,Private room,70,1
Basement room with 1 double size bed near LGA,302847508,Queens,East Elmhurst,40.7682199999999994588506524451076984405517578125,-73.8746699999999947294782032258808612823486328125,Private room,46,1
Apartamento privado con un cuarto privado,416654796,Queens,Flushing,40.75849000000000188492776942439377307891845703125,-73.8017799999999937199390842579305171966552734375,Private room,98,1
Welcome to Sunny’s Paradise,458349523,Bronx,Parkchester,40.839629560180156886417535133659839630126953125,-73.865848593413829803466796875,Private room,73,1
"The Evelyn, Executive Suite 1 King Bed",306996701,Manhattan,Midtown,40.7443999999999988403942552395164966583251953125,-73.987899999999996225596987642347812652587890625,Private room,481,1
Beautiful Privet Room & Bath Steps away from SoHo,5004109,Manhattan,Chinatown,40.717230000000000700310920365154743194580078125,-73.9932199999999937745087663643062114715576171875,Private room,150,1
Newly renovated Accessible Deluxe 1 Queen Bed,306009315,Manhattan,Upper West Side,40.78191000000000343561623594723641872406005859375,-73.9823200000000014142642612569034099578857421875,Private room,169,1
clean and cozy private bedroom with 2 beds,464669038,Brooklyn,Borough Park,40.62947100000000233421815210022032260894775390625,-73.9911522999999959893102641217410564422607421875,Private room,148,1
"Hotel 32 32, King Deluxe",268598785,Manhattan,Midtown,40.74714999999999776036929688416421413421630859375,-73.984600000000000363797880709171295166015625,Private room,273,1
"Hotel 32 32, King Superior",268598785,Manhattan,Midtown,40.74578999999999950887286104261875152587890625,-73.9844700000000017325874068774282932281494140625,Private room,282,1
Clean New Room. Clinton-Stuy. Walk to 22 eateries,408016532,Brooklyn,Bedford-Stuyvesant,40.68764999999999787405613460578024387359619140625,-73.9533799999999956753526930697262287139892578125,Private room,70,1
HK 1 - BEAUTIFUL PRIVATE BEDROOM IN HELL'S KITCHEN,406193264,Manhattan,Hell's Kitchen,40.76480000000000103455022326670587062835693359375,-73.9922499999999985220711096189916133880615234375,Private room,94,1
Sun lite king room 5 min from train,200047329,Queens,Richmond Hill,40.70112000000000307409209199249744415283203125,-73.8300200000000046429704525507986545562744140625,Private room,120,1
HK 3 - BEAUTIFUL PRIVATE BEDROOM IN HELL'S KITCHEN,406193264,Manhattan,Hell's Kitchen,40.7633799999999979490894475020468235015869140625,-73.99173999999999296051100827753543853759765625,Private room,114,1
"Hotel 32 32, Double Queen Deluxe",268598785,Manhattan,Midtown,40.7450199999999966848918120376765727996826171875,-73.9842799999999982674125931225717067718505859375,Private room,306,1
420 Friendly Private Room @Chill Palace,215512685,Brooklyn,Crown Heights,40.67725500000000238287611864507198333740234375,-73.936193599999995740290614776313304901123046875,Private room,256,1
"Hotel 32 32, Double Queen Superior",268598785,Manhattan,Midtown,40.7450400000000030331648304127156734466552734375,-73.9822999999999950659912428818643093109130859375,Private room,265,1
"Hotel 32 32, Queen Premier with Roof Deck",268598785,Manhattan,Midtown,40.74519000000000090722096501849591732025146484375,-73.98390000000000554791768081486225128173828125,Private room,554,1
Live in the true East Village Vibes.,464278055,Manhattan,East Village,40.728600000000000136424205265939235687255859375,-73.9825100000000048794390750117599964141845703125,Private room,132,1
Lovely private bedroom in shared apartment in nyc,292644471,Manhattan,East Harlem,40.7971500000000020236257114447653293609619140625,-73.948610000000002173692337237298488616943359375,Private room,66,1
Elegant basement suite.Full apartment Flushing NY,45400201,Queens,Flushing,40.75981999999999771944203530438244342803955078125,-73.8164000000000015688783605583012104034423828125,Private room,110,1
Cozy basement room 5 minutes walk from LGA,302847508,Queens,East Elmhurst,40.76707999999999998408384271897375583648681640625,-73.87295000000000300133251585066318511962890625,Private room,47,1
Beautiful Space 10 mtos AERO JFK  10 Mtos Beach,172857908,Queens,Bayswater,40.60764999999999957935870043002068996429443359375,-73.7644599999999996953192749060690402984619140625,Private room,55,1
Bedroom in Chinatown/Little Italy,3696506,Manhattan,Little Italy,40.71829999999999927240423858165740966796875,-73.9976099999999945566742098890244960784912109375,Private room,89,1
"The Evelyn, Deluxe 1 Queen Bed",306996701,Manhattan,Midtown,40.7429300000000012005330063402652740478515625,-73.9864299999999985857357387430965900421142578125,Private room,213,1
"The Evelyn, Deluxe 1 King Bed",306996701,Manhattan,Midtown,40.74497999999999819920049048960208892822265625,-73.987539999999995643520378507673740386962890625,Private room,228,1
Experience Pink Paradise w/ Blazin’ Fast WiFi & AC,407479321,Bronx,Belmont,40.8538300000000020872903405688703060150146484375,-73.8865799999999950387064018286764621734619140625,Private room,118,1
Charming POC / Queer-Friendly Bedroom in Bed Stuy,352220665,Brooklyn,Bedford-Stuyvesant,40.68171000000000248064679908566176891326904296875,-73.94679999999999608917278237640857696533203125,Private room,104,1
"Very comfortable, artful and cozy Bedstuy bedroom",4765858,Brooklyn,Crown Heights,40.6767899999999968940755934454500675201416015625,-73.9253599999999977399056660942733287811279296875,Private room,45,1
Lovely one bedroom in Williamsburg,34161028,Brooklyn,Williamsburg,40.7120800000000002683009370230138301849365234375,-73.9634899999999930741978459991514682769775390625,Private room,100,1
Amazing room near Yankee Stadium,460368490,Bronx,Morrisania,40.8243599999999986494003678672015666961669921875,-73.91307000000000471118255518376827239990234375,Private room,85,1
"Blue,  Private Bedroom",307970900,Manhattan,Morningside Heights,40.81020000000000180762071977369487285614013671875,-73.9591300000000018144419300369918346405029296875,Private room,88,1
Private BR Magical Peaceful Tidy and Bright,100809424,Manhattan,Upper East Side,40.764510000000001355147105641663074493408203125,-73.9586699999999979127096594311296939849853515625,Private room,86,1
Private Quaint Room in Hip Bed-Stuy (Solo Nights),350254795,Brooklyn,Bedford-Stuyvesant,40.683639999999996916812960989773273468017578125,-73.939560000000000172803993336856365203857421875,Private room,47,1
Lovely private room in NYC,425007642,Manhattan,Harlem,40.80237000000000335830918629653751850128173828125,-73.9583300000000036789060686714947223663330078125,Private room,120,1
LAST MINUTE DEAL W/ Free Continental Breakfast ❤️,224532641,Brooklyn,Prospect-Lefferts Gardens,40.6593299999999970850694808177649974822998046875,-73.9499100000000026966517907567322254180908203125,Private room,75,1
Luxiouris room in the Bronx near time square,460368490,Bronx,Morrisania,40.82468999999999681449480704031884670257568359375,-73.912859999999994897734723053872585296630859375,Private room,200,1
"Floral Park Motor Lodge, King",306712634,Queens,Bellerose,40.72731999999999885631041252054274082183837890625,-73.7108699999999998908606357872486114501953125,Private room,146,1
Luxury private Room,344223705,Bronx,Williamsbridge,40.88459019999999810579538461752235889434814453125,-73.8614096000000017738784663379192352294921875,Private room,100,1
"The Evelyn, Superior 1 Queen Bed",306996701,Manhattan,Midtown,40.7451300000000031786839826963841915130615234375,-73.9873500000000063892002799548208713531494140625,Private room,180,1
"Cozy, Private Bedroom",307970900,Manhattan,Morningside Heights,40.81081999999999965211827657185494899749755859375,-73.95711000000000012732925824820995330810546875,Private room,94,1
near brookdale hospital fast wi fi  great hatian f,94214493,Brooklyn,East Flatbush,40.65473999999999676902007195167243480682373046875,-73.9180199999999985038812155835330486297607421875,Private room,80,1
Twin (Single) Bed in East Village Apartment,2495677,Manhattan,East Village,40.728870000000000572981662116944789886474609375,-73.988349999999996953192749060690402984619140625,Private room,120,1
Private room in the Bronx close to Yankee Stadium.,460368490,Bronx,Melrose,40.82296999999999798092176206409931182861328125,-73.9145400000000023510438040830194950103759765625,Private room,78,1
Convinient room in Hamilton Heights!,151076372,Manhattan,Harlem,40.82365999999999672809281037189066410064697265625,-73.95341999999999416104401461780071258544921875,Private room,40,1
Cozy room near Yankee Stadium,307330962,Bronx,Concourse Village,40.82858999999999838337316759862005710601806640625,-73.919569999999993115125107578933238983154296875,Private room,60,1
In the Heart of Harlem,453781302,Manhattan,Harlem,40.81224999999999880628820392303168773651123046875,-73.9516699999999929104887996800243854522705078125,Private room,73,1
Times Square! Lovely Flat! Netflix,61408134,Manhattan,Theater District,40.7620399999999989404386724345386028289794921875,-73.98547999999999547071638517081737518310546875,Private room,176,1
JEFFERSON’S GYPSIES,462385248,Brooklyn,Bedford-Stuyvesant,40.68717000000000183490556082688271999359130859375,-73.9182899999999989404386724345386028289794921875,Private room,66,1
JIGGY ON JEFFERSON,462385248,Brooklyn,Bushwick,40.68847000000000235786501434631645679473876953125,-73.916460000000000718500814400613307952880859375,Private room,70,1
"Cozy Lovely 1 bedroom in Far Rockaway, Queens.",463020910,Queens,Bayswater,40.60563330000000092923073680140078067779541015625,-73.7587947999999897774614510126411914825439453125,Private room,49,1
JEFFERSON’S AIR (PLANE),462385248,Brooklyn,Bushwick,40.68849999999999766941982670687139034271240234375,-73.918139999999993960955180227756500244140625,Private room,66,1
Cozy estudio bedroom in Queens 30 min to Manhattan,115592163,Queens,Elmhurst,40.74286000000000029785951483063399791717529296875,-73.869380000000006702975952066481113433837890625,Private room,55,1
Snuggy Crash and Dash,401904837,Brooklyn,Bushwick,40.68697999999999836973074707202613353729248046875,-73.9164999999999992041921359486877918243408203125,Private room,61,1
Large Bedroom in East Village Apartment,2495677,Manhattan,East Village,40.72894999999999754436430521309375762939453125,-73.986220000000002983142621815204620361328125,Private room,140,1
5 hr short stay in Cozy home for visiting couples,81320394,Queens,Cambria Heights,40.6957799999999991769072948954999446868896484375,-73.7300599999999946021489449776709079742431640625,Private room,40,1
Lovely 1 Bedroom with Private Bathroom in Brooklyn,460419777,Brooklyn,Bensonhurst,40.62060000000000314912540488876402378082275390625,-74.001339999999999008650775067508220672607421875,Private room,105,1
Lovely 1  Private Apartment in Brooklyn,460419777,Brooklyn,Bensonhurst,40.6187400000000025102053768932819366455078125,-73.9993999999999942929207463748753070831298828125,Private room,172,1
"The Evelyn, Deluxe Double Double",306996701,Manhattan,Midtown,40.74510000000000076170181273482739925384521484375,-73.9876000000000004774847184307873249053955078125,Private room,257,1
Cheerful pvt RM S3,119301523,Queens,South Ozone Park,40.66844999999999998863131622783839702606201171875,-73.8062800000000009958966984413564205169677734375,Private room,65,1
(Spring) Simple and clean single room,77063818,Brooklyn,Bay Ridge,40.63362099999999799138095113448798656463623046875,-74.0182340000000067448127083480358123779296875,Private room,66,1
Lovely 1 Bedroom with Private Bathroom in Brooklyn,460419777,Brooklyn,Bensonhurst,40.62060999999999921783455647528171539306640625,-74.000910000000004629328032024204730987548828125,Private room,101,1
"The Evelyn, Accessible 1 Queen Bed",306996701,Manhattan,Midtown,40.74432999999999793772076372988522052764892578125,-73.988110000000006039044819772243499755859375,Private room,213,1
Wheeler Hotel,348034609,Bronx,Soundview,40.827956999999997833583620376884937286376953125,-73.8797449999999997771737980656325817108154296875,Private room,157,1
Mextli Cid’s house near Manhatan,143052745,Bronx,Mott Haven,40.806770000000000209183781407773494720458984375,-73.9194499999999976580511429347097873687744140625,Private room,43,1
"Private room en Brooklyn room  ""B""",460436304,Brooklyn,Brighton Beach,40.58292999999999750571078038774430751800537109375,-73.9631399999999956662577460519969463348388671875,Private room,78,1
Lovely bedroom with Empire State view,462303111,Manhattan,Midtown,40.74840999999999979763742885552346706390380859375,-73.987899999999996225596987642347812652587890625,Private room,160,1
Beautiful Private Room with private Bathroom.,442956929,Queens,Astoria,40.7683200000000027785063139162957668304443359375,-73.924499999999994770405464805662631988525390625,Private room,82,1
Lovely 1 Bedroom with Private Bathroom in Brooklyn,460419777,Brooklyn,Bensonhurst,40.62098999999999904275682638399302959442138671875,-73.9991500000000002046363078989088535308837890625,Private room,103,1
Cheerful room in  a home with a hot tub,111293940,Brooklyn,Bedford-Stuyvesant,40.6843300000000027694113668985664844512939453125,-73.9519599999999996953192749060690402984619140625,Private room,93,1
"Comfy, cute room in the heart of Bushwick",305725246,Brooklyn,Bushwick,40.6977600000000023783286451362073421478271484375,-73.9142800000000050886228564195334911346435546875,Private room,75,1
Lovely 1 Bedroom with Private Bathroom in Brooklyn,460419777,Brooklyn,Bensonhurst,40.61930000000000262616595136933028697967529296875,-74.0013100000000036970959627069532871246337890625,Private room,102,1
Huge  spacious bedroom,30542864,Brooklyn,East Flatbush,40.66064000000000078216544352471828460693359375,-73.9265400000000028057911549694836139678955078125,Private room,59,1
Charming 1 Bedroom 20 mins from Downtown BK,169800089,Brooklyn,Brownsville,40.66367000000000331283445120789110660552978515625,-73.9098900000000043064574128948152065277099609375,Private room,58,1
Hermosa habitación privada y tranquila a tu gusto,437531027,Bronx,Kingsbridge,40.86307000000000044792614062316715717315673828125,-73.9051199999999965939423418603837490081787109375,Private room,50,1
Spacious private bedroom in super safe Astoria,225118276,Queens,Astoria,40.76753999999999678038875572383403778076171875,-73.927379999999999427018337883055210113525390625,Private room,59,1
Lovely 1 Bedroom with Private Bathroom in Brooklyn,460419777,Brooklyn,Bensonhurst,40.62069999999999936335370875895023345947265625,-73.9995200000000039608494262211024761199951171875,Private room,113,1
Brooklyn Homebody,308410527,Brooklyn,East New York,40.67087000000000074351191869936883449554443359375,-73.8909900000000021691448637284338474273681640625,Private room,65,1
my central Harlem apartment,461378304,Manhattan,Harlem,40.82250599999999707279130234383046627044677734375,-73.9389110000000044919943320564925670623779296875,Private room,182,1
Sunlit Master Bedroom in Hell's Kitchen,5551314,Manhattan,Hell's Kitchen,40.762259999999997717168298549950122833251953125,-73.989720000000005484253051690757274627685546875,Private room,125,1
Close to Roosevelt and Main st #7 train,229309933,Queens,Flushing,40.75936788788548170714420848526060581207275390625,-73.825144067207560283350176177918910980224609375,Private room,69,1
"Stylish private room Brooklyn,25 mins to Manhattan",215488365,Brooklyn,Crown Heights,40.67622000000000070940586738288402557373046875,-73.9311200000000070531314122490584850311279296875,Private room,67,1
Clean space,302138294,Staten Island,Shore Acres,40.6122500000000030695446184836328029632568359375,-74.0633700000000061436367104761302471160888671875,Private room,169,1
Hermosa habitación privada y segura con todo,437531027,Bronx,University Heights,40.8627699999999975943865138106048107147216796875,-73.9051199999999965939423418603837490081787109375,Private room,50,1
NO CLEANING FEE: Hostel-Style Private Bronx Room,82889379,Bronx,Wakefield,40.89780999999999977490006131120026111602783203125,-73.856930000000005520632839761674404144287109375,Private room,43,1
1 br for 4 guests in 2br apt. Flushing. Main st,309602458,Queens,Flushing,40.75923999999999836063580005429685115814208984375,-73.829890000000006011759978719055652618408203125,Private room,69,1
Cozy room close to the subway/20 minutes manhatan,151784237,Queens,Astoria,40.7584700000000026420821086503565311431884765625,-73.92158000000000583895598538219928741455078125,Private room,200,1
Exclusive Private Room 219 | Shared Bathroom Only,401202937,Manhattan,Midtown,40.7463800000000020418156054802238941192626953125,-73.9888399999999961664798320271074771881103515625,Private room,74,1
ALEISHA'S  PLACE,459136924,Bronx,Mott Haven,40.809989999999999099600245244801044464111328125,-73.919970000000006393747753463685512542724609375,Private room,70,1
Deluxe Twin Size Bed-Red Room 1FL in Elmhurst NY,440921674,Queens,Elmhurst,40.73137700000000194222593563608825206756591796875,-73.8848880000000036716301110573112964630126953125,Private room,79,1
Is this even the Bronx,240065384,Bronx,Morris Park,40.8529800000000022919266484677791595458984375,-73.857069999999993115125107578933238983154296875,Private room,55,1
Eclectic room overlooking the park in trendy area!,454031557,Manhattan,East Village,40.72639000000000208956407732330262660980224609375,-73.9815200000000032787283998914062976837158203125,Private room,324,1
Home sweet home even if it’s not really your home!,319622263,Brooklyn,Kensington,40.64370999999999867213773541152477264404296875,-73.9865999999999957026375341229140758514404296875,Private room,40,1
"Huge, awesome private bedroom w/ private bathroom",334495442,Brooklyn,Bushwick,40.68842000000000069803718361072242259979248046875,-73.9143100000000004001776687800884246826171875,Private room,99,1
Charming 1 Bedroom Hotel in Brooklyn,450666369,Brooklyn,Sunset Park,40.65961999999999676447259844280779361724853515625,-73.999639999999999417923390865325927734375,Private room,999,1
"Spacious Safe area, clean. Wifi",61408134,Manhattan,Upper East Side,40.76496999999999815145201864652335643768310546875,-73.96372999999999819920049048960208892822265625,Private room,166,1
Cozy private bedroom close to train and Manhattan,152202371,Bronx,Mott Haven,40.8105199999999967985786497592926025390625,-73.92712000000000216459739021956920623779296875,Private room,48,1
Flushing/Prime Rear BR#3,295247374,Queens,East Elmhurst,40.7625799999999998135535861365497112274169921875,-73.8684999999999973852027324028313159942626953125,Private room,43,1
"Cozy Private Room (A) in Flushing, Queens",262685334,Queens,Flushing,40.7747200000000020736479200422763824462890625,-73.8209399999999931196725810877978801727294921875,Private room,85,1
Comfort room in Downtown Manhattan New York City,308799237,Manhattan,Chinatown,40.71567999999999898363967076875269412994384765625,-73.998459999999994352037901990115642547607421875,Private room,98,1
Private Room Rental in Crown Heights Brooklyn,390870857,Brooklyn,Crown Heights,40.67175999999999902456693234853446483612060546875,-73.9409699999999929787009023129940032958984375,Private room,44,1
Private bedroom and bathroom in Hell’s Kitchen.,114048818,Manhattan,Hell's Kitchen,40.7666200000000031877789297141134738922119140625,-73.9875100000000003319655661471188068389892578125,Private room,250,1
Times Square location!,61408134,Manhattan,Hell's Kitchen,40.76404000000000138470568344928324222564697265625,-73.9854299999999938108885544352233409881591796875,Private room,176,1
City Lights & Memorial Day Weekend in Manhattan,308578179,Manhattan,Midtown,40.766019999999997480699676088988780975341796875,-73.980469999999996844053384847939014434814453125,Private room,269,1
The Blakely by LuxUrban King Bed Suite Room,464389822,Manhattan,Midtown,40.764060000000000627551344223320484161376953125,-73.9786299999999954479790176264941692352294921875,Private room,217,1
Sunny bedroom in renovated East Village APT,20170845,Manhattan,East Village,40.72269000000000005456968210637569427490234375,-73.979590000000001737134880386292934417724609375,Private room,90,1
Maple Place,159494837,Queens,Far Rockaway,40.598939999999998917701304890215396881103515625,-73.7565699999999964120434015057981014251708984375,Private room,88,1
Private room in large apartment,136812761,Brooklyn,Bedford-Stuyvesant,40.6938856262516992501332424581050872802734375,-73.93456233909006414251052774488925933837890625,Private room,82,1
"Walker Hotel Tribeca, Walker Queen",305738569,Manhattan,Tribeca,40.71884000000000014551915228366851806640625,-74.0028300000000029967850423417985439300537109375,Private room,241,1
"The Frederick Hotel, Loft Suite 1 King Bed",306001668,Manhattan,Tribeca,40.71656999999999726469468441791832447052001953125,-74.0098100000000016507328837178647518157958984375,Private room,375,1
The Blakely by LuxUrban Queen Bed Standard Room,464389822,Manhattan,Midtown,40.764319999999997889972291886806488037109375,-73.9787299999999987676346790976822376251220703125,Private room,200,1
"Walker Hotel Tribeca, Walker King",305738569,Manhattan,Chinatown,40.71806000000000125282895169220864772796630859375,-74.0009399999999999408828443847596645355224609375,Private room,281,1
"Washington Jefferson Hotel, Petite 1 Twin Bed",305997139,Manhattan,Hell's Kitchen,40.763249999999999317878973670303821563720703125,-73.9869800000000026329871616326272487640380859375,Private room,89,1
Cozy spot for you in the heart of Manhattan!,265263410,Manhattan,Gramercy,40.734420000000000072759576141834259033203125,-73.986230000000006157279131002724170684814453125,Private room,110,1
"Washington Jefferson Hotel, Standard 1 Full Bed",305997139,Manhattan,Hell's Kitchen,40.763249999999999317878973670303821563720703125,-73.9869800000000026329871616326272487640380859375,Private room,99,1
"Washington Jefferson Hotel, Standard 1 Queen Bed",305997139,Manhattan,Hell's Kitchen,40.763249999999999317878973670303821563720703125,-73.9869800000000026329871616326272487640380859375,Private room,135,1
"Washington Jefferson Hotel, Accessible 1 Queen Bed",305997139,Manhattan,Hell's Kitchen,40.763249999999999317878973670303821563720703125,-73.9869800000000026329871616326272487640380859375,Private room,135,1
Sweet Home you would enjoy 2C,188362851,Queens,Flushing,40.75860229999999972960722516290843486785888671875,-73.8127626999999932877472019754350185394287109375,Private room,56,1
Peaceful 1 bedroom Guest room in Forest Hills,157258551,Queens,Forest Hills,40.7337500000000005684341886080801486968994140625,-73.84913000000000238287611864507198333740234375,Private room,85,1
The Blakely by LuxUrban 2 Full Beds Standard Room,464389822,Manhattan,Midtown,40.76321999999999690089680370874702930450439453125,-73.978849999999994224708643741905689239501953125,Private room,229,1
The Blakely by LuxUrban King Bed Standard Room,464389822,Manhattan,Midtown,40.76294999999999646433934685774147510528564453125,-73.9790100000000023783286451362073421478271484375,Private room,212,1
Great Deal! Comfortable Quiet Private 1BR In NYC,463917614,Queens,Flushing,40.76841999999999899273461778648197650909423828125,-73.8172899999999998499333742074668407440185546875,Private room,91,1
The Blakely by LuxUrban 2 Queen Beds Suite Room,464389822,Manhattan,Midtown,40.7638400000000018508217181079089641571044921875,-73.9809599999999960573404678143560886383056640625,Private room,252,1
Cheerful one bedroom townhouse with backyard,136812643,Brooklyn,Flatlands,40.62476000000000198042471311055123805999755859375,-73.9355599999999952842699713073670864105224609375,Private room,80,1
Brighton Room-Balcony-5mto Beach-Separate Entrance,113986628,Brooklyn,Brighton Beach,40.58057000000000158479451783932745456695556640625,-73.9654100000000056525095715187489986419677734375,Private room,109,1
Cozy private room next to Central Park lake side!,331603166,Manhattan,East Harlem,40.797280000000000654836185276508331298828125,-73.948679999999995970938471145927906036376953125,Private room,86,1
Small clean room,411757269,Queens,Elmhurst,40.734769999999997480699676088988780975341796875,-73.87259000000000241925590671598911285400390625,Private room,60,1
large sunny and clean private bedroom is Astoria,284110817,Queens,Astoria,40.770769999999998844941728748381137847900390625,-73.92104000000000496584107168018817901611328125,Private room,63,1
Cozy private bedroom in center of Astoria,284110817,Queens,Astoria,40.77015000000000100044417195022106170654296875,-73.9217000000000012960299500264227390289306640625,Private room,59,1
Cozy King Room - Bayside Hotel 25 MIN to Manhattan,296605957,Queens,Bayside,40.7604520000000007939888746477663516998291015625,-73.7660599999999959663909976370632648468017578125,Private room,146,1
Apartment with water view,42486495,Queens,Far Rockaway,40.5950500000000005229594535194337368011474609375,-73.7378599999999977399056660942733287811279296875,Private room,105,1
Rosey’s place,329342616,Brooklyn,Crown Heights,40.67448999999999870169631321914494037628173828125,-73.9125999999999976353137753903865814208984375,Private room,86,1
Flushing downtown private cozy large rooms法拉盛大套房,327409561,Queens,Flushing,40.76536999999999721921994932927191257476806640625,-73.8305399999999991678123478777706623077392578125,Private room,59,1
Beautiful King-Queens Hotel 25MIN to Manhattan,296605957,Queens,Bayside,40.7604520000000007939888746477663516998291015625,-73.7660599999999959663909976370632648468017578125,Private room,146,1
Boutique King-Bayside Hotel 25MIN to Manhattan,296605957,Queens,Bayside,40.7604520000000007939888746477663516998291015625,-73.7660599999999959663909976370632648468017578125,Private room,146,1
KICKIN' IT ON COOPER,450955146,Brooklyn,Bushwick,40.6854900000000014870238373987376689910888671875,-73.91009999999999990905052982270717620849609375,Private room,71,1
Comfort King-Bayside Hotel 25Min to Manhattan,296605957,Queens,Bayside,40.7604520000000007939888746477663516998291015625,-73.7660599999999959663909976370632648468017578125,Private room,144,1
Private room A•8ave•affordable stay,82363341,Brooklyn,Borough Park,40.63616999999999990222931955941021442413330078125,-74.0077299999999951296558720059692859649658203125,Private room,65,1
Private room B•Brooklyn•8ave•affordable stay,82363341,Brooklyn,Borough Park,40.63658000000000214413375942967832088470458984375,-74.007959999999997080522007308900356292724609375,Private room,65,1
Spacious King-Bayside Hotel 25min to Manhattan,296605957,Queens,Bayside,40.7604520000000007939888746477663516998291015625,-73.7660599999999959663909976370632648468017578125,Private room,144,1
Last min stay Bx!!!,27187487,Bronx,Belmont,40.85607999999999861984179005958139896392822265625,-73.8865899999999982128429110161960124969482421875,Private room,49,1
Clean Comfortable Room (Wifi/AC)+Prospect Pk/Train,11308947,Brooklyn,Flatbush,40.65368000000000137106326292268931865692138671875,-73.961309999999997444319888018071651458740234375,Private room,70,1
Brooklyn Room in 2 bedroom apartment w/balcony,9598889,Brooklyn,Prospect-Lefferts Gardens,40.65724000000000160071067512035369873046875,-73.948610000000002173692337237298488616943359375,Private room,100,1
Lovely private Room in a shared Apartment,164453630,Manhattan,Inwood,40.86780999999999863803168409503996372222900390625,-73.9209100000000063346305978484451770782470703125,Private room,66,1
Queen Size Bedroom,197372149,Manhattan,Harlem,40.815280000000001336957211606204509735107421875,-73.94841999999999870851752348244190216064453125,Private room,85,1
Individual Cubicle Room in NYC/Mixed Floor,16677326,Manhattan,Chelsea,40.7480699999999984584064804948866367340087890625,-73.9964599999999990131982485763728618621826171875,Private room,69,1
Entire 1 bedroom apartment - Midtown Manhattan,16480700,Manhattan,East Village,40.726280000000002701199264265596866607666015625,-73.982969999999994570316630415618419647216796875,Private room,200,1
Peaceful Private Bedroom,137129564,Queens,Flushing,40.75435999999999836518327356316149234771728515625,-73.8154200000000031423041946254670619964599609375,Private room,49,1
"Lovely ❤️-room Williamsburg , NY",430979376,Brooklyn,Williamsburg,40.71094099999999826877683517523109912872314453125,-73.96553000000000110958353616297245025634765625,Private room,123,1
SUPER DOOPER COOPER,450955146,Brooklyn,Bushwick,40.68558999999999770125214126892387866973876953125,-73.909930000000002792148734442889690399169921875,Private room,72,1
Walk 2 Yankee Stadium Beautiful 1 Bdrm privte bldg,452136788,Bronx,Concourse,40.83391000000000303771230392158031463623046875,-73.919610000000005811671144329011440277099609375,Private room,105,1
"A beautiful, sunny BR  in South Williamsburg",28211968,Brooklyn,Williamsburg,40.70463199999999659439708921127021312713623046875,-73.9583659999999980527718435041606426239013671875,Private room,70,1
Vee’s comfort zone .,101695430,Bronx,University Heights,40.85548109999999866204234422184526920318603515625,-73.9143504999999976234903442673385143280029296875,Private room,55,1
Near Yankee Stadium,332637994,Bronx,Concourse,40.82573000000000007503331289626657962799072265625,-73.9252000000000037971403799019753932952880859375,Private room,90,1
"Private room steps from train, 25 min to Manhattan",4136824,Brooklyn,Kensington,40.64298999999999750798451714217662811279296875,-73.981009999999997717168298549950122833251953125,Private room,30,1
Cozy private room across the street Central Park,331603166,Manhattan,East Harlem,40.7972299999999989950083545409142971038818359375,-73.94841999999999870851752348244190216064453125,Private room,72,1
温馨大套房（一房一厅）,107183778,Queens,Flushing,40.76828400000000129921318148262798786163330078125,-73.831322000000000116415321826934814453125,Private room,128,1
"Belleclaire, Newly renovated Deluxe 2 Full Beds",306009315,Manhattan,Upper West Side,40.78361000000000302634362014941871166229248046875,-73.9821400000000011232259566895663738250732421875,Private room,229,1
Peaceful night's rest w/ Private Bath,128879778,Brooklyn,Sunset Park,40.64390999999999820602170075289905071258544921875,-74.0139199999999988222043612040579319000244140625,Private room,89,1
Private room in large apartment,136812761,Brooklyn,Bedford-Stuyvesant,40.69428238825508259424168500117957592010498046875,-73.9346656434390041567894513718783855438232421875,Private room,77,1
Private room in large apartment,136812761,Brooklyn,Bedford-Stuyvesant,40.6952287567756911812466569244861602783203125,-73.934488587606409737418289296329021453857421875,Private room,77,1
"Lovely, Large Private Room in Manhattan",161369795,Manhattan,Washington Heights,40.852249999999997953636921010911464691162109375,-73.9376400000000018053469830192625522613525390625,Private room,70,1
Big Private Room in Little Italy/Chinatown NYC,217836856,Manhattan,Little Italy,40.71999000000000279442247119732201099395751953125,-73.9958500000000043428372009657323360443115234375,Private room,90,1
Beautiful room available for lodging,464040425,Queens,Jamaica,40.682795900000002120577846653759479522705078125,-73.763287899999994579047779552638530731201171875,Private room,54,1
New York Room with Fast Wifi and Work Desk,378759597,Queens,Sunnyside,40.74284999999999712372300564311444759368896484375,-73.9236800000000044974513002671301364898681640625,Private room,95,1
PRIVATE BATH & QUEEN BED IN PRIVATE LARGE ROOM! #2,463235374,Brooklyn,Bushwick,40.69501000000000345835360349155962467193603515625,-73.92748000000000274667399935424327850341796875,Private room,75,1
PRIVATE BATH & QUEEN BED IN A PRIVATE LARGE ROOM!,463235374,Brooklyn,Bushwick,40.69512999999999891542756813578307628631591796875,-73.9256400000000013505996321327984333038330078125,Private room,81,1
"Club Quarters Hotel Grand Central, Club Room",268399048,Manhattan,Midtown,40.7527400000000028512658900581300258636474609375,-73.973399999999998044586391188204288482666015625,Private room,114,1
"Club Quarters Hotel Grand Central, Standard Room",268399048,Manhattan,Midtown,40.75234999999999985220711096189916133880615234375,-73.973669999999998481143848039209842681884765625,Private room,155,1
Mid century room in BK next to Metro and IC,51913277,Brooklyn,Sunset Park,40.65494000000000340833139489404857158660888671875,-74.0037899999999950750861898995935916900634765625,Private room,1076,1
420 friendly awesomeness,53877127,Brooklyn,Gravesend,40.60510000000000019326762412674725055694580078125,-73.9790600000000040381564758718013763427734375,Private room,54,1
Comfortable private room in Astoria New York,163094301,Queens,Ditmars Steinway,40.77506000000000341287886840291321277618408203125,-73.9133700000000004592948243953287601470947265625,Private room,120,1
Spacious Private Bedroom,190915917,Bronx,Fieldston,40.89455000000000239879227592609822750091552734375,-73.8965199999999953206497593782842159271240234375,Private room,90,1
Cozy private bedroom perfect for light traveler,225118276,Queens,Astoria,40.76588000000000278078005067072808742523193359375,-73.9261599999999958754415274597704410552978515625,Private room,60,1
Private room in large apartment,136812761,Brooklyn,Bedford-Stuyvesant,40.6939790546857267372615751810371875762939453125,-73.9364805436452030562577419914305210113525390625,Private room,72,1
"The Frederick Hotel, Studio 1 Full Bed",306001668,Manhattan,Tribeca,40.715249999999997498889570124447345733642578125,-74.0079999999999955662133288569748401641845703125,Private room,125,1
“Time Square”42nd St. Perfect & Quite Private room,30985759,Manhattan,Theater District,40.75695999999999941110218060202896595001220703125,-73.98953000000000201907823793590068817138671875,Private room,101,1
“Time Square”42nd Street. King Size Private Room,30985759,Manhattan,Hell's Kitchen,40.75798999999999949750417727045714855194091796875,-73.99182999999999310603016056120395660400390625,Private room,111,1
"Lovely Private Room in Times Square, Manhattan NYC",464933442,Manhattan,Hell's Kitchen,40.76162434704605885826822486706078052520751953125,-73.9958059847355258398238220252096652984619140625,Private room,82,1
1 bed room in the heart of maspeth queens,409693867,Queens,Maspeth,40.71965999999999752390067442320287227630615234375,-73.901849999999996043698047287762165069580078125,Private room,79,1
room #2,465353472,Bronx,Highbridge,40.84219999999999828332875040359795093536376953125,-73.9260199999999940700945444405078887939453125,Private room,50,1
Huge bright and sunny master bedrooms,465330263,Brooklyn,Bushwick,40.68308040000000147529135574586689472198486328125,-73.9093146000000018602804630063474178314208984375,Private room,110,1
Modern luxury 2 bedroom unit in Brooklyn,465764425,Brooklyn,Crown Heights,40.67031999999999669626049580983817577362060546875,-73.920150000000006684786058031022548675537109375,Private room,100,1
Beautiful 1 BEDROOM APARTMENT 5min JFK AIRPORT,368465567,Queens,Jamaica,40.67352000000000344925865647383034229278564453125,-73.7804100000000033787728170864284038543701171875,Private room,130,1
"Hotel Belleclaire, Newly renovated Standard 1 Full",306009315,Manhattan,Upper West Side,40.78354999999999819237928022630512714385986328125,-73.9819600000000008321876521222293376922607421875,Private room,149,1
HK 2 - BEAUTIFUL PRIVATE BEDROOM IN HELL'S KITCHEN,406193264,Manhattan,Hell's Kitchen,40.76335000000000263753463514149188995361328125,-73.9920900000000045793058234266936779022216796875,Private room,98,1
Lovely Private Room - Best location in Manhattan,30660336,Manhattan,East Village,40.72272000000000247155185206793248653411865234375,-73.9831400000000058980731409974396228790283203125,Private room,199,1
"Hotel Belleclaire, Newly renovated Deluxe 1 King",306009315,Manhattan,Upper West Side,40.78305999999999897909219725988805294036865234375,-73.9822400000000044428816181607544422149658203125,Private room,179,1
Large Comfortable Bedroom (Two Beds)- Room 6,42523215,Queens,Queens Village,40.7207300000000032014213502407073974609375,-73.735849999999999226929503493010997772216796875,Private room,100,1
Sweet Home you would enjoy-3B,188362851,Queens,Flushing,40.75860229999999972960722516290843486785888671875,-73.8127626999999932877472019754350185394287109375,Private room,58,1
Vip hosting,464834459,Bronx,Mott Haven,40.8115602999999964595190249383449554443359375,-73.9064274999999923920768196694552898406982421875,Private room,69,1
Room Available,266582506,Manhattan,Battery Park City,40.70855000000000245563569478690624237060546875,-74.0182400000000058071236708201467990875244140625,Private room,120,1
UES townhouse with backyard and grill!,463027921,Manhattan,East Harlem,40.7882299999999986539478413760662078857421875,-73.9490799999999950387064018286764621734619140625,Private room,120,1
"Washington Jefferson Hotel, Deluxe 1 King Bed",305997139,Manhattan,Hell's Kitchen,40.763249999999999317878973670303821563720703125,-73.9869800000000026329871616326272487640380859375,Private room,185,1
"The Frederick Hotel, Superior 1 Full Bed",306001668,Manhattan,Tribeca,40.71578000000000230329533223994076251983642578125,-74.009780000000006339178071357309818267822265625,Private room,169,1
The Blakely by LuxUrban 2 Queen Beds Standard Room,464389822,Manhattan,Midtown,40.7639300000000019963408703915774822235107421875,-73.9788400000000052614268497563898563385009765625,Private room,235,1
"The Frederick Hotel, Deluxe Studio 1 Queen Bed",306001668,Manhattan,Tribeca,40.71457000000000192585503100417554378509521484375,-74.0096400000000045338310883380472660064697265625,Private room,145,1
"The Frederick Hotel, Deluxe Studio 1 King Bed",306001668,Manhattan,Tribeca,40.71477999999999752844814793206751346588134765625,-74.0077500000000014779288903810083866119384765625,Private room,155,1
Private room in large apartment,136812761,Brooklyn,Bedford-Stuyvesant,40.69397000000000019781509763561189174652099609375,-73.9362200000000058253135648556053638458251953125,Private room,72,1
"The Frederick Hotel, Premium Studio 1 King Bed,",306001668,Manhattan,Tribeca,40.71430000000000148929757415316998958587646484375,-74.009739999999993642632034607231616973876953125,Private room,165,1
Sweet Home you would enjoy - 2B.,188362851,Queens,Flushing,40.75860229999999972960722516290843486785888671875,-73.8127626999999932877472019754350185394287109375,Private room,66,1
"The Frederick Hotel, Deluxe Studio 2 Queen Beds",306001668,Manhattan,Tribeca,40.7145000000000010231815394945442676544189453125,-74.0084700000000026420821086503565311431884765625,Private room,165,1
Large Master Room in Prime Bushwick.,376426580,Brooklyn,Bushwick,40.6936299999999988585841492749750614166259765625,-73.90856999999999743522494100034236907958984375,Private room,51,1
"The Frederick Hotel, Deluxe Studio 1 Qn Accessible",306001668,Manhattan,Tribeca,40.71661999999999892452251515351235866546630859375,-74.0094500000000010686562745831906795501708984375,Private room,145,1
Comfort and Peace Inn,485229795,Queens,Springfield Gardens,40.65865999999999758074409328401088714599609375,-73.758949999999998681232682429254055023193359375,Private room,96,1
"Club Quarters Hotel World Trade Center, Club Room",268397728,Manhattan,Battery Park City,40.70955000000000012505552149377763271331787109375,-74.0150200000000069167072069831192493438720703125,Private room,94,1
"Club Quarters World Trade Center, Standard Room",268397728,Manhattan,Financial District,40.708629999999999427018337883055210113525390625,-74.01479000000000496584107168018817901611328125,Private room,145,1
PRIVATE BATH & QUEEN BED IN PRIVATE LARGE ROOM! #3,463235374,Brooklyn,Bushwick,40.69501000000000345835360349155962467193603515625,-73.9269000000000033878677641041576862335205078125,Private room,83,1
Bedroom with double bed and private bathroom,463027921,Manhattan,East Harlem,40.78954302994512914892766275443136692047119140625,-73.949754126369953155517578125,Private room,120,1
PRIVATE BATH & QUEEN BED IN PRIVATE LARGE ROOM!#4,463235374,Brooklyn,Bushwick,40.69706999999999652573023922741413116455078125,-73.9273500000000041154635255225002765655517578125,Private room,110,1
"Washington Jefferson Hotel, Superior 1 King Bed",305997139,Manhattan,Hell's Kitchen,40.763249999999999317878973670303821563720703125,-73.9869800000000026329871616326272487640380859375,Private room,129,1
"Washington Jefferson Hotel, Deluxe 2 Queen Beds",305997139,Manhattan,Hell's Kitchen,40.763249999999999317878973670303821563720703125,-73.9869800000000026329871616326272487640380859375,Private room,205,1
Cozy Harlem Style Apartment,404575129,Manhattan,East Harlem,40.79844130000000035352059057913720607757568359375,-73.9385309000000034984623198397457599639892578125,Private room,73,1
Modern studio with free parking on premises.,410131557,Bronx,Williamsbridge,40.87160000000000081854523159563541412353515625,-73.8591899999999981218934408389031887054443359375,Private room,87,1
Modern Manhattan Apartment,93470906,Manhattan,Washington Heights,40.85461000000000097998054116033017635345458984375,-73.9275899999999950296114548109471797943115234375,Private room,55,1
Lou's Palace & Retreat 4- so much for so little,228415932,Queens,Rosedale,40.6553499999999985448084771633148193359375,-73.7411799999999999499777914024889469146728515625,Private room,56,1
"Washington Jefferson Hotel, Junior Suite 1 King",305997139,Manhattan,Hell's Kitchen,40.763249999999999317878973670303821563720703125,-73.9869800000000026329871616326272487640380859375,Private room,155,1
One block to subway station,143052745,Bronx,Mott Haven,40.80872000000000099362296168692409992218017578125,-73.92185000000000627551344223320484161376953125,Private room,41,1
Large Furnished Room,462558289,Manhattan,East Harlem,40.8000200000000035061020753346383571624755859375,-73.9440900000000027603164198808372020721435546875,Private room,106,1
Upper east side townhouse with backyard,463027921,Manhattan,East Harlem,40.78943050000000170030034496448934078216552734375,-73.9499311000000005833499017171561717987060546875,Private room,141,1
Intimate backyard for small events & great parking,51672812,Brooklyn,Brownsville,40.67235000000000155750967678613960742950439453125,-73.912090000000006284608389250934123992919921875,Private room,550,1
New York Room less than 1 block from 7 Train!,378759597,Queens,Sunnyside,40.7426099999999991041477187536656856536865234375,-73.9254799999999931969796307384967803955078125,Private room,93,1
Private room with a Garden 15Min Subway to Midtown,462733314,Queens,Long Island City,40.75296999999999769670466776005923748016357421875,-73.9347000000000065256244852207601070404052734375,Private room,72,1
"Washington Jefferson Hotel, Deluxe 1 Queen Bed",305997139,Manhattan,Hell's Kitchen,40.763249999999999317878973670303821563720703125,-73.9869800000000026329871616326272487640380859375,Private room,175,1
"Washington Jefferson Hotel, Deluxe 2 Twin Beds",305997139,Manhattan,Hell's Kitchen,40.763249999999999317878973670303821563720703125,-73.9869800000000026329871616326272487640380859375,Private room,185,1
Hidden speakeasy style venue 500sqft Main Room.,466450403,Brooklyn,Bedford-Stuyvesant,40.69626000000000232148522627539932727813720703125,-73.9467700000000007776179700158536434173583984375,Private room,821,1
Funky private room in the center of Greenpoint,268857972,Brooklyn,Greenpoint,40.7216700000000031423041946254670619964599609375,-73.9482600000000047657522372901439666748046875,Private room,124,1
"Adorable 2-bedroom place, free parking on premises",475822306,Queens,Jamaica,40.669499999999999317878973670303821563720703125,-73.76762999999999692590790800750255584716796875,Private room,109,1
Beautiful Private Room and Bathroom and deck!,447895924,Brooklyn,Crown Heights,40.672110000000003537934389896690845489501953125,-73.9164099999999990586729836650192737579345703125,Private room,120,1
A quiet place like home,147202249,Queens,Far Rockaway,40.600110000000000809450284577906131744384765625,-73.751000000000004774847184307873249053955078125,Private room,53,1
*New winter discount 36%* Printer & Workspace,469262035,Brooklyn,Bedford-Stuyvesant,40.6873918000000003303284756839275360107421875,-73.9257176999999927602402749471366405487060546875,Private room,70,1
"JG Sohotel Standard Twin room at Soho,little italy",468527022,Manhattan,Chinatown,40.7182600000000007867129170335829257965087890625,-74.0014100000000070167516241781413555145263671875,Private room,194,1
Sunlit Secondary Bedroom in Hell's Kitchen,5551314,Manhattan,Hell's Kitchen,40.76256000000000057070792536251246929168701171875,-73.988470000000006621121428906917572021484375,Private room,85,1
Tesla,9130040,Brooklyn,East Flatbush,40.6628699999999980718712322413921356201171875,-73.934200000000004138200893066823482513427734375,Private room,159,1
"JG Sohotel Comfort King room at Soho, little italy",468527022,Manhattan,SoHo,40.71970999999999918372850515879690647125244140625,-74.001360000000005356923793442547321319580078125,Private room,208,1
Michel's  best stay inbklyn,94214493,Brooklyn,East Flatbush,40.6566499999999990677679306827485561370849609375,-73.91653999999999768988345749676227569580078125,Private room,150,1
Private Bedroom in the heart of Crown Heights,4938998,Brooklyn,Crown Heights,40.6751799999999974488673615269362926483154296875,-73.9508100000000041518433135934174060821533203125,Private room,145,1
Private room in Prospect Leffert Gardens Gem,287646338,Brooklyn,Prospect-Lefferts Gardens,40.65664000000000299905877909623086452484130859375,-73.955960000000004583853296935558319091796875,Private room,70,1
Peaceful Garden room in prime Bushwick.,376426580,Brooklyn,Bushwick,40.6946338999999994712197803892195224761962890625,-73.9090455999999988989657140336930751800537109375,Private room,57,1
A Quiet  Neighborhood self contain Large Room,289154444,Queens,Rosedale,40.65408999999999650754034519195556640625,-73.745149999999995316102285869419574737548828125,Private room,60,1
One More Night1,92178097,Queens,Springfield Gardens,40.68704000000000320369508699513971805572509765625,-73.756020000000006575646693818271160125732421875,Private room,40,1
Economy Twin Room in Small Hotel,470173109,Manhattan,East Harlem,40.80834999999999723740984336473047733306884765625,-73.9386200000000002319211489520967006683349609375,Private room,120,1
Lovely Rental unit in Brooklyn!,426952784,Brooklyn,Crown Heights,40.67305999999999954752638586796820163726806640625,-73.923689999999993460733094252645969390869140625,Private room,65,1
Family Suite in Small Hotel,470173109,Manhattan,East Harlem,40.80827000000000026602720026858150959014892578125,-73.93873999999999568899511359632015228271484375,Private room,162,1
Family Room in Small Hotel,470173109,Manhattan,East Harlem,40.80733000000000032514435588382184505462646484375,-73.936589999999995370671967975795269012451171875,Private room,147,1
"JG Sohotel Standard Queenroom at Soho,little italy",468527022,Manhattan,Chinatown,40.717680000000001427906681783497333526611328125,-74.0011999999999972033037920482456684112548828125,Private room,163,1
"JG Sohotel Standard King room at Soho,little Italy",468527022,Manhattan,SoHo,40.7198599999999970577846397645771503448486328125,-74.00087999999999510691850446164608001708984375,Private room,176,1
Brighton2Room-Balcony-5mto Beach-Separate Entrance,406570749,Brooklyn,Brighton Beach,40.58100999999999913825377007015049457550048828125,-73.96435999999999921783455647528171539306640625,Private room,109,1
"Cozy and quiet, clean room, great transportation",286945536,Brooklyn,Bushwick,40.68263999999999924739313428290188312530517578125,-73.9062799999999953115548123605549335479736328125,Private room,51,1
Travelers Cavern,273645762,Queens,Ditmars Steinway,40.77651999999999787860360811464488506317138671875,-73.9072900000000032605385058559477329254150390625,Private room,80,1
Comfy2 Room-Heart of Brighton-Close to the Ocean,406570749,Brooklyn,Brighton Beach,40.5811800000000033605829230509698390960693359375,-73.96505999999999403371475636959075927734375,Private room,80,1
"One bedroom available in the bronx, make memories.",142528184,Bronx,Wakefield,40.88579080000000232075763051398098468780517578125,-73.851024400000000014188117347657680511474609375,Private room,55,1
3-Bedroom In East Village,74338125,Manhattan,East Village,40.7269500000000022055246517993509769439697265625,-73.9862499999999982946974341757595539093017578125,Private room,500,1
Twin(Single) bed in the East Village,74338125,Manhattan,East Village,40.726529999999996789483702741563320159912109375,-73.987020000000001118678483180701732635498046875,Private room,120,1
Cozy bedrooom in east village,74338125,Manhattan,East Village,40.72787000000000290356183541007339954376220703125,-73.986209999999999809006112627685070037841796875,Private room,66,1
Private studio room with private bathroom by LGA,125817047,Queens,East Elmhurst,40.756360000000000809450284577906131744384765625,-73.8820999999999941110218060202896595001220703125,Private room,75,1
"Quiet, sun-soaked room in a treetop brownstone",46301997,Brooklyn,Bedford-Stuyvesant,40.683447756273466211496270261704921722412109375,-73.9436585724914579031974426470696926116943359375,Private room,113,1
Private Comfortable BR in Ridgewood Queens 1FL-BR2,467996701,Queens,Ridgewood,40.7113194999999876699803280644118785858154296875,-73.90820139999999582869349978864192962646484375,Private room,75,1
"JG Sohotel Classic Queen Room at Soho,little italy",468527022,Manhattan,SoHo,40.7192500000000023874235921539366245269775390625,-74.0012200000000035515768104232847690582275390625,Private room,160,1
Sunlit cozy room,61324573,Brooklyn,Crown Heights,40.6734000000000008867573342286050319671630859375,-73.921549999999996316546457819640636444091796875,Private room,70,1
Exclusive Private Studio 1108 | Private Bathroom,401202937,Manhattan,Midtown,40.74634999999999962483343551866710186004638671875,-73.987200000000001409716787748038768768310546875,Private room,110,1
Private and quiet bedroom in heart of Astoria,103907184,Queens,Astoria,40.77105000000000245563569478690624237060546875,-73.922650000000004411049303598701953887939453125,Private room,57,1
Brooklyn Escape,396973673,Brooklyn,Bedford-Stuyvesant,40.680149999999997589839040301740169525146484375,-73.9121099999999984220266924239695072174072265625,Private room,52,1
Small room Harlem on 141st Manhattan NY 10030,566838,Manhattan,Harlem,40.818049999999999499777914024889469146728515625,-73.9403999999999967940311762504279613494873046875,Private room,80,1
Lovely quiet one bedroom apartment in UES,29278028,Manhattan,Upper East Side,40.77749000000000023646862246096134185791015625,-73.9571399999999954388840706087648868560791015625,Private room,235,1
NYC Magical Galaxy 1-Bedroom Getaway,55122324,Manhattan,Washington Heights,40.84895999999999816054696566425263881683349609375,-73.9360099999999960118657327257096767425537109375,Private room,58,1
Private Cozy Retreat in Modern Harlem Apartment,2742629,Manhattan,Harlem,40.8292100000000033332980819977819919586181640625,-73.941360000000003083187039010226726531982421875,Private room,78,1
Habitación con baño privado,405495289,Queens,Flushing,40.7489379395749864443132537417113780975341796875,-73.826182074844837188720703125,Private room,70,1
Large Studio in the heart of Forest Hills,1609077,Queens,Forest Hills,40.7177300000000030877345125190913677215576171875,-73.85358999999999696228769607841968536376953125,Private room,185,1
Comfy Spacious BR very close to Times Square,297222629,Manhattan,Hell's Kitchen,40.75981999999999771944203530438244342803955078125,-73.991050000000001318767317570745944976806640625,Private room,81,1
Prime BUSHWICK beautiful apartment.,466927026,Brooklyn,Bushwick,40.699373100000002523302100598812103271484375,-73.9203442000000023881511879153549671173095703125,Private room,123,1
Cozy Bedroom steps away from Times Sq!,297240751,Manhattan,Hell's Kitchen,40.76207000000000135742084239609539508819580078125,-73.99196000000000594809534959495067596435546875,Private room,93,1
Stylish Private Bedroom with Queen size Bed!,467026948,Manhattan,East Harlem,40.79540999999999684177964809350669384002685546875,-73.94895999999999958163243718445301055908203125,Private room,75,1
The perfect hide  away from home,302423456,Queens,Jamaica,40.67193999999999931560523691587150096893310546875,-73.7771099999999933061189949512481689453125,Private room,54,1
San Carlos Hotel One Bedrm Suite/3 beds- up to 6,173685298,Manhattan,Midtown,40.7554099999999976944309310056269168853759765625,-73.970449999999999590727384202182292938232421875,Private room,599,1
Private room near Columbia University,134370506,Manhattan,Morningside Heights,40.81199000000000154386725625954568386077880859375,-73.9602699999999941837813821621239185333251953125,Private room,80,1
The Garden At Pelham,277249537,Bronx,Pelham Gardens,40.86524245527306931080602225847542285919189453125,-73.848537716520894491623039357364177703857421875,Private room,129,1
*New* Cozy Room for Travelers,429454632,Brooklyn,Prospect-Lefferts Gardens,40.65993999999999886085788602940738201141357421875,-73.942260000000004538378561846911907196044921875,Private room,58,1
A Chateau underneath,290103444,Brooklyn,Cypress Hills,40.688659999999998717612470500171184539794921875,-73.8738100000000059708327171392738819122314453125,Private room,101,1
Lovely private room Cozy please full,394849063,Queens,Richmond Hill,40.6960499999999996134647517465054988861083984375,-73.8152000000000043655745685100555419921875,Private room,70,1
Great room to stay in Brooklyn! Good for travelers,426952784,Brooklyn,Crown Heights,40.67296999999999940200723358429968357086181640625,-73.921909999999996898623066954314708709716796875,Private room,75,1
Spacious Private room with your own room key!,467026948,Manhattan,East Harlem,40.79514000000000351064954884350299835205078125,-73.9486399999999974852471495978534221649169921875,Private room,80,1
Large Sunny Garden Room MED/Nurse/student Special,11379822,Bronx,Mount Hope,40.84689999999999798774297232739627361297607421875,-73.9045799999999957208274281583726406097412109375,Private room,59,1
"Cozy room in Astoria, close to N,W train station",103907184,Queens,Astoria,40.7716599999999971259967423975467681884765625,-73.92405999999999721694621257483959197998046875,Private room,56,1
Small room twin futon,147762665,Bronx,Wakefield,40.8881200000000006866684998385608196258544921875,-73.86038999999999532519723288714885711669921875,Private room,59,1
Lovely Room in Prime Bushwick. Backyard & Rooftop.,376426580,Brooklyn,Bushwick,40.693067288080811749750864692032337188720703125,-73.910372592508792877197265625,Private room,50,1
Lovely Private Room in Sunset Park Brooklyn NY,365869902,Brooklyn,Sunset Park,40.646354000000002315573510713875293731689453125,-74.017395999999990863216225989162921905517578125,Private room,80,1
room 3,465353472,Bronx,Highbridge,40.84302000000000276713763014413416385650634765625,-73.925330000000002428350853733718395233154296875,Private room,50,1
A sanctuary away from home,302423456,Queens,Jamaica,40.6722299999999989950083545409142971038818359375,-73.7790600000000011959855328314006328582763671875,Private room,50,1
Chooklyn Farms: Private Room & Patio,45314325,Brooklyn,Clinton Hill,40.69476999999999833335095900110900402069091796875,-73.969750000000004774847184307873249053955078125,Private room,65,1
"Adorable 2 bedroom, 2 bathroom with firepit",62014210,Brooklyn,Bedford-Stuyvesant,40.6855199999999967985786497592926025390625,-73.9299500000000051613824325613677501678466796875,Private room,212,1
"Todo esta cercano , trasportación y comida",301502753,Manhattan,East Harlem,40.8011699999999990495780366472899913787841796875,-73.94035999999999830833985470235347747802734375,Private room,55,1
Spacious Street View Room 2 blocks from Times Sq,297222629,Manhattan,Hell's Kitchen,40.761719999999996844053384847939014434814453125,-73.99169000000000551153789274394512176513671875,Private room,84,1
Brooklyn Sunrise,396973673,Brooklyn,Bedford-Stuyvesant,40.6801099999999991041477187536656856536865234375,-73.912520000000000663931132294237613677978515625,Private room,40,1
Make Yourself At Home In GP,174917364,Brooklyn,Greenpoint,40.73188999999999992951416061259806156158447265625,-73.951380000000000336513039655983448028564453125,Private room,160,1
"JG Sohotel Fresh Queen room at Soho, little Italy.",468527022,Manhattan,Chinatown,40.7178200000000032332536648027598857879638671875,-73.999920000000003028617356903851032257080078125,Private room,157,1
"Private Affordable BR in Ridgewood Queens, 1FL-BR3",467996701,Queens,Ridgewood,40.7113194999999876699803280644118785858154296875,-73.90820139999999582869349978864192962646484375,Private room,56,1
NURTURING Spacious Room Downtown Flushing,167241670,Queens,Flushing,40.75596999999999781039150548167526721954345703125,-73.820300000000003137756721116602420806884765625,Private room,75,1
"Cozy, Cute apartment waiting for Nice Guest!",239548019,Brooklyn,Fort Hamilton,40.6146600000000006502887117676436901092529296875,-74.03347999999999728970578871667385101318359375,Private room,92,1
Perfect Cozy Room in Brooklyn NYC,429454632,Brooklyn,Prospect-Lefferts Gardens,40.6622100000000017416823538951575756072998046875,-73.94234000000000150976120494306087493896484375,Private room,58,1
Williamsburg Suite in shared Apt. Just Re-done!,2624554,Brooklyn,Williamsburg,40.71280999999999750116330687887966632843017578125,-73.9450800000000043610270950011909008026123046875,Private room,58,1
Cozy Private Room in Ridgewood,432488510,Queens,Ridgewood,40.71242000000000160753188538365066051483154296875,-73.9127299999999962665242492221295833587646484375,Private room,61,1
Cozy private room in a two bedroom apartment,29876409,Brooklyn,Dyker Heights,40.63277000000000072077455115504562854766845703125,-74.0143000000000057525539887137711048126220703125,Private room,48,1
Club Wyndham Midtown 45 Deluxe Double Guestroom,266083019,Manhattan,Midtown,40.75305999999999784222382004372775554656982421875,-73.971270000000004074536263942718505859375,Private room,308,1
Lovely private bedroom right across Central Park,395389976,Manhattan,Upper West Side,40.79652209999999712408680352382361888885498046875,-73.96270520000001624794094823300838470458984375,Private room,120,1
Room in shared apartment,166199588,Queens,Howard Beach,40.6608644754858374881223426200449466705322265625,-73.856025002896785736083984375,Private room,98,1
Gigantic RM in Manhattan near Metro & Central Park,154834587,Manhattan,East Harlem,40.79450662991579434901723288930952548980712890625,-73.945873926674124732016935013234615325927734375,Private room,93,1
Lovely private room in NYC,475127789,Manhattan,Harlem,40.801673738789503431689809076488018035888671875,-73.958981856124097475913004018366336822509765625,Private room,92,1
"Aliz Hotel Times Square, Deluxe Guest w/ Balcony",260987211,Manhattan,Hell's Kitchen,40.75466000000000121872290037572383880615234375,-73.99398999999999659848981536924839019775390625,Private room,401,1
Lovely Space in The East Bronx,247312114,Bronx,Westchester Square,40.841681399999998802741174586117267608642578125,-73.8499583000000114907379611395299434661865234375,Private room,150,1
Modern 1 bedroom apartment with backyard,140623121,Manhattan,Harlem,40.80973999999999790588844916783273220062255859375,-73.9409699999999929787009023129940032958984375,Private room,97,1
Exclusive Private Room 613 | Shared Bathroom Only,401202937,Manhattan,Midtown,40.74790999999999741021383670158684253692626953125,-73.986770000000007030394044704735279083251953125,Private room,61,1
"Adorable place , warm bed and clean",388178312,Queens,Flushing,40.74293999999999726924215792678296566009521484375,-73.823880000000002610249794088304042816162109375,Private room,100,1
Exclusive Private Room 818 | Shared Bathroom Only,401202937,Manhattan,Midtown,40.74604000000000070258465711958706378936767578125,-73.9885000000000019326762412674725055694580078125,Private room,69,1
Boho Chic Bedroom in BedStuy,535632,Brooklyn,Bedford-Stuyvesant,40.68927000000000049340087571181356906890869140625,-73.9328600000000051295501179993152618408203125,Private room,105,1
Private cozy room,396973673,Brooklyn,Bedford-Stuyvesant,40.68215000000000003410605131648480892181396484375,-73.9139799999999951296558720059692859649658203125,Private room,37,1
"Hotel 48 Lex, Double Bed Salon",262985820,Manhattan,Midtown,40.7519800000000032014213502407073974609375,-73.9697800000000000864019966684281826019287109375,Private room,436,1
Hermosa habitación en apartamento con terraza,233360418,Brooklyn,Bensonhurst,40.61137000000000085719875642098486423492431640625,-74.00225000000000363797880709171295166015625,Private room,60,1
"Hotel 48 Lex, Central Suite",262985820,Manhattan,Midtown,40.7519800000000032014213502407073974609375,-73.9697800000000000864019966684281826019287109375,Private room,472,1
"Lovely-room near LGA Airport,Citi Field, SPACastle",467855405,Queens,College Point,40.78669000000000011141310096718370914459228515625,-73.8384099999999961028152029030025005340576171875,Private room,65,1
Big Bedrm in Manhattan-Near Central Park & Metro,478160947,Manhattan,East Harlem,40.79429999999999978399500832892954349517822265625,-73.9460600000000027876012609340250492095947265625,Private room,92,1
"Hotel 48 Lex, Terrace Salon",262985820,Manhattan,Midtown,40.7519800000000032014213502407073974609375,-73.9697800000000000864019966684281826019287109375,Private room,472,1
"Aliz Hotel Times Square, Deluxe Double Guest Room",260987211,Manhattan,Hell's Kitchen,40.75511999999999801502781338058412075042724609375,-73.9922399999999953479346004314720630645751953125,Private room,307,1
King-size Room with Private Bathroom & Parking,14283205,Brooklyn,Prospect-Lefferts Gardens,40.66393000000000057525539887137711048126220703125,-73.948700000000002319211489520967006683349609375,Private room,84,1
Private Comfortable BR in Ridgewood Queens 2FL-BR2,467996701,Queens,Ridgewood,40.7113194999999876699803280644118785858154296875,-73.90820139999999582869349978864192962646484375,Private room,75,1
Lovely & Convenient 1 bedroom in NYC!,8998779,Manhattan,Kips Bay,40.74134000000000099817043519578874111175537109375,-73.9817900000000037152858567424118518829345703125,Private room,99,1
Sunny private room in Harlem,96589640,Manhattan,Harlem,40.825910326206127365367137826979160308837890625,-73.939306130132450789460563100874423980712890625,Private room,78,1
RAM,9130040,Brooklyn,East Flatbush,40.663060000000001537046045996248722076416015625,-73.934380000000004429239197634160518646240234375,Private room,159,1
Clean Nice Room in Brooklyn & 20 mins to Manhattan,19130629,Brooklyn,Bushwick,40.704880000000002837623469531536102294921875,-73.91635999999999739884515292942523956298828125,Private room,76,1
Charming Clean Room in Manhattan,16399971,Manhattan,West Village,40.73319404008454824861473753117024898529052734375,-74.0011953897137715330245555378496646881103515625,Private room,105,1
"JG Sohotel Comfort Queen room at Soho,little italy",468527022,Manhattan,Chinatown,40.7177099999999967394614941440522670745849609375,-74.0009399999999999408828443847596645355224609375,Private room,174,1
Standard Quadruple Room in Small Hotel,470173109,Manhattan,East Harlem,40.80680000000000262616595136933028697967529296875,-73.93698000000000547515810467302799224853515625,Private room,135,1
"Gym ,common area.",280477593,Brooklyn,Bedford-Stuyvesant,40.678280000000000882209860719740390777587890625,-73.922560000000004265530151315033435821533203125,Private room,175,1
"10 min jfk.J-E train 35 min to the city.
Prv room",266836650,Queens,Woodhaven,40.68892000000000308546077576465904712677001953125,-73.8559900000000055797499953769147396087646484375,Private room,87,1
Spacious Manhattan Gem,61408134,Manhattan,Upper East Side,40.76098879999999979872882249765098094940185546875,-73.9618588000000016791091184131801128387451171875,Private room,166,1
"Lower Level En Suite in Flushing, Queens",262685334,Queens,Flushing,40.7764700000000033242031349800527095794677734375,-73.8217300000000022919266484677791595458984375,Private room,130,1
Washington Heights- Comfy Home,80789850,Manhattan,Washington Heights,40.84622999999999848341758479364216327667236328125,-73.9410299999999978126652422361075878143310546875,Private room,79,1
"Love my Room, 3A, Work Space",210040180,Queens,Jamaica,40.6790799999999990177457220852375030517578125,-73.79144999999999754436430521309375762939453125,Private room,67,1
"Cozy room for 1 guest in Basement, 2 min to subway",286945536,Brooklyn,Bushwick,40.6834300000000013142198440618813037872314453125,-73.9061099999999981946530169807374477386474609375,Private room,38,1
Flushing/Elmhurst Masterbedroom,295247374,Queens,East Elmhurst,40.7631999999999976580511429347097873687744140625,-73.8694600000000036743585951626300811767578125,Private room,57,1
Economy Room with Shared Bathroom,468168420,Manhattan,Harlem,40.80069999999999907913661445491015911102294921875,-73.953260000000000218278728425502777099609375,Private room,106,1
Cozy room in perfect Williamsburg location,74338412,Brooklyn,Williamsburg,40.71039712581121960965901962481439113616943359375,-73.957867808640003204345703125,Private room,80,1
Affordable Manhattan Bedroom,144006321,Manhattan,Washington Heights,40.84335999999999700094122090376913547515869140625,-73.9429999999999978399500832892954349517822265625,Private room,60,1
Spacious Room-5min to Ocean-Brighton Beach,113986628,Brooklyn,Brighton Beach,40.57970999999999861529431655071675777435302734375,-73.96577999999999519786797463893890380859375,Private room,89,1
Cute private room &living room  in 2 bed apt,447085439,Brooklyn,Fort Hamilton,40.61795149999999665624272893182933330535888671875,-74.0238949999999960027707857079803943634033203125,Private room,60,1
2 beds Private room  near chinatown flushing,298747627,Queens,Flushing,40.7517399999999980764187057502567768096923828125,-73.8318000000000012050804798491299152374267578125,Private room,78,1
Hip Trendy and Convenient!,51954926,Brooklyn,Bedford-Stuyvesant,40.69433000000000077989170677028596401214599609375,-73.9480800000000044747139327228069305419921875,Private room,65,1
MASTER (S) Ner  from  JFK and LA Guardia Airport,260258030,Queens,Flushing,40.72420000000000328554961015470325946807861328125,-73.8102099999999978763298713602125644683837890625,Private room,250,1
The Cloud Suite with Huge Patio/ Gym/Laundry!,230947125,Brooklyn,Bedford-Stuyvesant,40.68883000000000293994162348099052906036376953125,-73.9339800000000053614712669514119625091552734375,Private room,146,1
"Best location and amenities, Soho private room",52251660,Manhattan,Greenwich Village,40.72957999999999856299837119877338409423828125,-73.999629999999996243786881677806377410888671875,Private room,285,1
Marisol room in Bronx near everything,331296136,Bronx,Fordham,40.8541000000000025238477974198758602142333984375,-73.90023999999999659848981536924839019775390625,Private room,100,1
225 sq ft room queen bed,147762665,Bronx,Wakefield,40.8864200000000010959411156363785266876220703125,-73.86020999999999503415892831981182098388671875,Private room,59,1
"Private, Clean & Convenient Room in Manhattan",75234771,Manhattan,Inwood,40.86290999999999939973349682986736297607421875,-73.9178299999999950387064018286764621734619140625,Private room,55,1
Nice and cozy 1 Bedroom in Queens,252633425,Queens,Woodhaven,40.69585000000000007958078640513122081756591796875,-73.8527600000000035151970223523676395416259765625,Private room,70,1
Standard Triple Room in Small Hotel,470173109,Manhattan,East Harlem,40.8089700000000021873347577638924121856689453125,-73.9366500000000002046363078989088535308837890625,Private room,156,1
Petunia room,467022563,Brooklyn,Flatbush,40.64224912372713305330762523226439952850341796875,-73.9546480489089361753940465860068798065185546875,Private room,227,1
家庭式民宿雙人房K,225889604,Queens,Flushing,40.7638299999999986766852089203894138336181640625,-73.827989999999999781721271574497222900390625,Private room,67,1
Sunny 1br apartment in Times Square/Hell's Kitchen,469802403,Manhattan,Hell's Kitchen,40.76274000000000086174622992984950542449951171875,-73.9927500000000009094947017729282379150390625,Private room,165,1
Cozy 1BR share in SoBro,427184,Bronx,Mott Haven,40.80808999999999997498889570124447345733642578125,-73.926569999999998117345967330038547515869140625,Private room,125,1
“Harlem Music “House-Room C (Master bedroom),149151114,Manhattan,Harlem,40.8134299999999967667463351972401142120361328125,-73.952010000000001355147105641663074493408203125,Private room,121,1
Private Room + Private Bathroom. Brooklyn,426952784,Brooklyn,Crown Heights,40.671729999999996607584762386977672576904296875,-73.9217699999999950932760839350521564483642578125,Private room,79,1
Large one bedroom 20 minutes from Manhattan,21977427,Queens,Glendale,40.69326000000000220779838855378329753875732421875,-73.8967999999999989313437254168093204498291015625,Private room,74,1
Couple Escape,396973673,Brooklyn,Bedford-Stuyvesant,40.67987000000000108457243186421692371368408203125,-73.913870000000002846718416549265384674072265625,Private room,41,1
"1 room in quiet 2BR apt, Bed-Stuy BK, near G",116238574,Brooklyn,Bedford-Stuyvesant,40.6879100000000022419044398702681064605712890625,-73.9483100000000064255800680257380008697509765625,Private room,50,1
Lovely Private Room,207195903,Brooklyn,Bay Ridge,40.62937000000000153931978275068104267120361328125,-74.0224299999999999499777914024889469146728515625,Private room,75,1
Dream Room in Bedstuy,447538686,Brooklyn,Bedford-Stuyvesant,40.68487999999999971123543218709528446197509765625,-73.9298000000000001818989403545856475830078125,Private room,90,1
Private Room with Private Bathroom in Brooklyn,73496118,Brooklyn,Bedford-Stuyvesant,40.678730000000001609805622138082981109619140625,-73.915310000000005175024853087961673736572265625,Private room,68,1
Club Wyndham Midtown 45 Deluxe King Guestroom,266083019,Manhattan,Midtown,40.75225999999999970668795867823064327239990234375,-73.971509999999994988684193231165409088134765625,Private room,288,1
"Pvt Ensuite Bathroom, Lux Building in Williamsburg",41100295,Brooklyn,Williamsburg,40.7113039999999983820089255459606647491455078125,-73.96665020000000367872416973114013671875,Private room,149,1
Club Wyndham Midtown 45 One Bedroom Suite,266083019,Manhattan,Midtown,40.75153999999999854253474040888249874114990234375,-73.9718500000000034333424991928040981292724609375,Private room,388,1
Cozy 1-Bedroom in Staten Island,302225631,Staten Island,Graniteville,40.625100000000003319655661471188068389892578125,-74.1616499999999945202944218181073665618896484375,Private room,68,1
Club Wyndham Midtown 45 Studio Suite,266083019,Manhattan,Midtown,40.75189999999999912461134954355657100677490234375,-73.97172000000000480213202536106109619140625,Private room,328,1
Private Dbl Rm 9th Av & 50th Midtown/Hells Kitchen,467927303,Manhattan,Hell's Kitchen,40.76378192887556650703118066303431987762451171875,-73.989060223102569580078125,Private room,196,1
Master Bedroom available,347719349,Bronx,Van Nest,40.84750999999999976353137753903865814208984375,-73.8645599999999973306330502964556217193603515625,Private room,95,1
Miguel room,458813192,Queens,Richmond Hill,40.694400000000001682565198279917240142822265625,-73.831580000000002428350853733718395233154296875,Private room,56,1
Private bedroom/bathroom in a spacious apartment,50432178,Manhattan,Harlem,40.8082889999999878227754379622638225555419921875,-73.954085999999989553543855436146259307861328125,Private room,120,1
COZY CLASSY  DELUXE STUDIO ROOM,8113165,Brooklyn,Canarsie,40.6363199999999977762854541651904582977294921875,-73.9097199999999929787009023129940032958984375,Private room,110,1
"Sohotel, Standard Queen",266797018,Manhattan,Little Italy,40.7193299999999993588062352500855922698974609375,-73.99484300000000303043634630739688873291015625,Private room,146,1
Relaxing Room in Bedstuy,447538686,Brooklyn,Bedford-Stuyvesant,40.6846699999999970032149576582014560699462890625,-73.933750000000003410605131648480892181396484375,Private room,97,1
Lovely 1 room in a 2 b/1 bath rental unit in Soho,30751774,Manhattan,Nolita,40.7222000000000008412825991399586200714111328125,-73.9950500000000062073013396002352237701416015625,Private room,130,1
"Sohotel, Standard Triple",266797018,Manhattan,Little Italy,40.7193299999999993588062352500855922698974609375,-73.99484300000000303043634630739688873291015625,Private room,174,1
"Sohotel, Premium King",266797018,Manhattan,Little Italy,40.7193299999999993588062352500855922698974609375,-73.99484300000000303043634630739688873291015625,Private room,244,1
Lovely Spacious Bedroom in Upper East Side,391726093,Manhattan,Upper East Side,40.77740000000000009094947017729282379150390625,-73.9599299999999999499777914024889469146728515625,Private room,96,1
"Lovely private room with A/C, TV, and WiFi",393076353,Brooklyn,East Flatbush,40.65438000000000329237082041800022125244140625,-73.9136199999999945475792628712952136993408203125,Private room,52,1
Beautiful Standard Full Room at The Ridge,266755066,Manhattan,Lower East Side,40.722589999999996734914020635187625885009765625,-73.9884100000000017871570889838039875030517578125,Private room,135,1
Lovely praivte 1Br in Upper East Side!,113909496,Manhattan,Upper East Side,40.7687600000000003319655661471188068389892578125,-73.951549999999997453414835035800933837890625,Private room,91,1
Chelsea Pines Inn,473479462,Manhattan,West Village,40.739249999999998408384271897375583648681640625,-74.0028300000000029967850423417985439300537109375,Private room,264,1
5 Minutes Away from JFK Airport,83974928,Queens,Laurelton,40.675759999999996807673596777021884918212890625,-73.745980000000002974047674797475337982177734375,Private room,45,1
King Bed Free Fast Wifi and Free Street Parking,51351678,Queens,Springfield Gardens,40.66366000000000013869794202037155628204345703125,-73.7705500000000000682121026329696178436279296875,Private room,96,1
"Spacious 1 bedroom  in the Heights, NY",301780791,Manhattan,Washington Heights,40.83539999999999992041921359486877918243408203125,-73.93810999999999467036104761064052581787109375,Private room,50,1
Amazing King size Room at The Ridge,266755066,Manhattan,Lower East Side,40.72258000000000066620486904866993427276611328125,-73.9904599999999987858245731331408023834228515625,Private room,154,1
Amazing Micro Unit W/ communal rooftop and kitchen,266755066,Manhattan,East Village,40.7237999999999971123543218709528446197509765625,-73.9903800000000018144419300369918346405029296875,Private room,155,1
Lovely Chic Double Twin room at The Ridge,266755066,Manhattan,East Village,40.72388000000000118916432256810367107391357421875,-73.9887899999999945066520012915134429931640625,Private room,179,1
BronxMaster,424334449,Bronx,Schuylerville,40.84252000000000037971403799019753932952880859375,-73.8325899999999961664798320271074771881103515625,Private room,56,1
“Beautiful space”  Airport JFK  Medical Student,172857908,Queens,Bayswater,40.60737000000000307409209199249744415283203125,-73.765579999999999927240423858165740966796875,Private room,56,1
BX Room#2,424334449,Bronx,Pelham Bay,40.8442500000000023874235921539366245269775390625,-73.8340400000000016689227777533233165740966796875,Private room,51,1
"Sohotel, Premium Queen",266797018,Manhattan,Little Italy,40.7193299999999993588062352500855922698974609375,-73.99484300000000303043634630739688873291015625,Private room,194,1
Central Park Rooftop Oasis~ 10 min to Times Square,82876116,Manhattan,Upper West Side,40.77586999999999761712388135492801666259765625,-73.981369999999998299244907684624195098876953125,Private room,183,1
Crown 3 (Single Traveler's Room),11757212,Brooklyn,Crown Heights,40.66758999999999701913111493922770023345947265625,-73.93599000000000387444742955267429351806640625,Private room,60,1
Cozy Room for in Brooklyn NYC,429454632,Brooklyn,Prospect-Lefferts Gardens,40.6603300000000018599166651256382465362548828125,-73.941540000000003374225343577563762664794921875,Private room,58,1
Private Rooms at Rogers of Rockaway,73570025,Queens,Breezy Point,40.56806999999999874262357479892671108245849609375,-73.8694600000000036743585951626300811767578125,Private room,150,1
Lovely bedroom for sublet in Manhattan Valley,464617163,Manhattan,Upper West Side,40.80030000000000001136868377216160297393798828125,-73.9677300000000030877345125190913677215576171875,Private room,200,1
"Beautiful, Sophisticated, Gem in the UES",284919848,Manhattan,Upper East Side,40.7782499999999998863131622783839702606201171875,-73.954080000000004702087608166038990020751953125,Private room,105,1
"Quaint, Convenient Upper East Side",148599649,Manhattan,East Harlem,40.79270000000000351292328559793531894683837890625,-73.9438999999999992951416061259806156158447265625,Private room,75,1
Your own BR and space in a 2BR Chelsea loft!,286120648,Manhattan,Flatiron District,40.74224000000000245336195803247392177581787109375,-73.9926300000000054524207371287047863006591796875,Private room,103,1
Cozy Room in Downtown Flushing WELLness House,167241670,Queens,Flushing,40.755639999999999645297066308557987213134765625,-73.82080999999999448846210725605487823486328125,Private room,90,1
St. Regis 5th Ave. Suite - 1 bedroom Suite,28656622,Manhattan,Midtown,40.7625900000000029876900953240692615509033203125,-73.9750700000000023237589630298316478729248046875,Private room,1131,1
"Perfect, cozy and comfortable Brooklyn bedroom",4765858,Brooklyn,Bedford-Stuyvesant,40.67779999999999773763192933984100818634033203125,-73.92333999999999605279299430549144744873046875,Private room,43,1
"Peaceful, B/ful King room/ Fur apt.7 mins to JFK.",434292556,Queens,Springfield Gardens,40.687330000000002883098204620182514190673828125,-73.7575800000000043610270950011909008026123046875,Private room,125,1
Sunset Park,4459883,Brooklyn,Sunset Park,40.64455273355161324388973298482596874237060546875,-74.010579338081953437722404487431049346923828125,Private room,57,1
Lovely 1 bedroom unit modern apartment in Brooklyn,471944683,Brooklyn,Bedford-Stuyvesant,40.6963300000000032241587177850306034088134765625,-73.935329999999993333403836004436016082763671875,Private room,55,1
Beautiful Bedroom in Upper East Side,391726093,Manhattan,Upper East Side,40.777050000000002683009370230138301849365234375,-73.95927000000000361978891305625438690185546875,Private room,98,1
"Lovely private bedrooms, Times Square up to 3ppl",16480700,Manhattan,Hell's Kitchen,40.76026999999999844703779672272503376007080078125,-73.99223000000000638465280644595623016357421875,Private room,542,1
1 Private Room in Upper  East Side Manhattan,391726093,Manhattan,Upper East Side,40.7764499999999969759301166050136089324951171875,-73.9590400000000016689227777533233165740966796875,Private room,74,1
Sunny Private Bedroom in Bedstuy,447538686,Brooklyn,Bedford-Stuyvesant,40.6866399999999970304997987113893032073974609375,-73.9287700000000000954969436861574649810791015625,Private room,90,1
"Sohotel, Standard Queen Two Bed",266797018,Manhattan,Little Italy,40.7193299999999993588062352500855922698974609375,-73.99484300000000303043634630739688873291015625,Private room,188,1
"Sohotel, Standard Family",266797018,Manhattan,Little Italy,40.7193299999999993588062352500855922698974609375,-73.99484300000000303043634630739688873291015625,Private room,237,1
"Sohotel, Deluxe Queen",266797018,Manhattan,Little Italy,40.7193299999999993588062352500855922698974609375,-73.99484300000000303043634630739688873291015625,Private room,174,1
"Luxury private guest suite in Forest Hills, NYC",7449292,Queens,Forest Hills,40.72122999999999848341758479364216327667236328125,-73.8543399999999934379957267083227634429931640625,Private room,79,1
Lovely Private Room,447538686,Brooklyn,Bedford-Stuyvesant,40.68594999999999828332875040359795093536376953125,-73.93094999999999572537490166723728179931640625,Private room,90,1
"Sohotel, Deluxe King",266797018,Manhattan,Little Italy,40.7193299999999993588062352500855922698974609375,-73.99484300000000303043634630739688873291015625,Private room,209,1
"Sohotel, Deluxe Queen Two Bed",266797018,Manhattan,Little Italy,40.7193299999999993588062352500855922698974609375,-73.99484300000000303043634630739688873291015625,Private room,92,1
Exclusive Private Room 727 | Shared Bathroom Only,401202937,Manhattan,Midtown,40.7465600000000023328539100475609302520751953125,-73.986660000000000536601874046027660369873046875,Private room,64,1
"Sohotel, Deluxe Family",266797018,Manhattan,Little Italy,40.71951700000000329282556776888668537139892578125,-73.9950489999999945212039165198802947998046875,Private room,293,1
Lovely two bedrooms in buschwick,242995935,Brooklyn,Bushwick,40.70646413834783317042820272035896778106689453125,-73.9239262977606159665810992009937763214111328125,Private room,95,1
Private  Quiet,10384906,Queens,Flushing,40.765929999999997335180523805320262908935546875,-73.8234499999999940200723358429968357086181640625,Private room,40,1
法拉盛中心独立房间+独立洗手间/温馨舒适/限女生 girls Only,132599620,Queens,Flushing,40.760030000000000427462509833276271820068359375,-73.815380000000004656612873077392578125,Private room,60,1
Lovely Private Bedroom in Upper East Side,391726093,Manhattan,Upper East Side,40.777209999999996625774656422436237335205078125,-73.9600599999999985811882652342319488525390625,Private room,83,1
"NoMo SoHo, Classic King Room",271308645,Manhattan,SoHo,40.71979999999999932924765744246542453765869140625,-74.0000399999999984856913215480744838714599609375,Private room,230,1
10 minutes from Manhattan,286725076,Queens,Sunnyside,40.7443999999999988403942552395164966583251953125,-73.9177300000000059299054555594921112060546875,Private room,200,1
Boutique Hotel Experience in heart of NYC,49108760,Manhattan,Midtown,40.759940000000000281943357549607753753662109375,-73.96877000000000634827301837503910064697265625,Private room,270,1
"NoMo SoHo, Classic Queen Room",271308645,Manhattan,SoHo,40.71979999999999932924765744246542453765869140625,-74.0000399999999984856913215480744838714599609375,Private room,209,1
Bedstuy Home Away From Home,169899040,Brooklyn,Bedford-Stuyvesant,40.6846900000000033514879760332405567169189453125,-73.919939999999996871338225901126861572265625,Private room,65,1
Loveling rent a room in sunnyside,335920793,Queens,Sunnyside,40.73910000000000053432813729159533977508544921875,-73.9248199999999968667907523922622203826904296875,Private room,150,1
Quadruple Room with Kitchen and Shared Bathroom,468168420,Manhattan,Harlem,40.80078999999999922465576673857867717742919921875,-73.954759999999993169694789685308933258056640625,Private room,118,1
Officially Diverse Beachy Retreat,189105696,Queens,Arverne,40.59835580000000021527739590965211391448974609375,-73.8002870000000115169314085505902767181396484375,Private room,71,1
Comfortable one bedroom,466635999,Brooklyn,Kensington,40.6332728435971688440986326895654201507568359375,-73.970941492311652609714656136929988861083984375,Private room,53,1
Basement Suite in Flushing. Compact new apartment,45400201,Queens,Flushing,40.7597200000000015052137314341962337493896484375,-73.81526999999999816282070241868495941162109375,Private room,94,1
Bright sunny Crown Heights Bedroom,97322448,Brooklyn,Crown Heights,40.67703999999999808778738952241837978363037109375,-73.941429999999996880433172918856143951416015625,Private room,55,1
Lovely bedroom near trains and Shopping,428686533,Brooklyn,Bushwick,40.68963000000000107547748484648764133453369140625,-73.9213500000000038880898500792682170867919921875,Private room,100,1
Beautiful one bedroom,467600659,Manhattan,Harlem,40.81808000000000191676008398644626140594482421875,-73.953519999999997480699676088988780975341796875,Private room,120,1
ROOM (B),260258030,Queens,Flushing,40.7236299999999999954525264911353588104248046875,-73.810329999999993333403836004436016082763671875,Private room,250,1
Gaylord Room at Incentra Village Guest House,241889662,Manhattan,West Village,40.73888000000000175759851117618381977081298828125,-74.0034299999999944930095807649195194244384765625,Private room,295,1
"Perfect Distance Airport LGA Self Check-in, NYC",346903753,Queens,East Elmhurst,40.765500000000002955857780762016773223876953125,-73.877080000000006521077011711895465850830078125,Private room,58,1
"JG Sohotel Eco Queen room at Soho, little italy",468527022,Manhattan,Chinatown,40.717590000000001282387529499828815460205078125,-74.00020000000000663931132294237613677978515625,Private room,150,1
Hotel Suite at the Manhattan Club,179805068,Manhattan,Midtown,40.76380000000000336513039655983448028564453125,-73.9818900000000070349415182135999202728271484375,Private room,850,1
Triple Room with Kitchen and Shared Bathroom,468168420,Manhattan,Harlem,40.79995999999999867213773541152477264404296875,-73.954800000000005866240826435387134552001953125,Private room,118,1
"Lovely, quite, private bedroom, ideal location",10795069,Manhattan,Upper West Side,40.79487100000000054933479987084865570068359375,-73.9708110000000118589014164172112941741943359375,Private room,180,1
Beautiful 2 story Condo w/ Private Backyard,140623121,Manhattan,East Harlem,40.80783999999999878127709962427616119384765625,-73.9403899999999936198946670629084110260009765625,Private room,146,1
Habitación con baño privado completo en Manhattan,468394768,Manhattan,Washington Heights,40.85594999999999998863131622783839702606201171875,-73.93410000000000081854523159563541412353515625,Private room,55,1
Keila's place,459136924,Bronx,Mott Haven,40.8119999999999976125764078460633754730224609375,-73.9217799999999982674125931225717067718505859375,Private room,47,1
"1 bedroom, access to private roof top & bathroom",180712863,Brooklyn,Flatbush,40.63616999999999990222931955941021442413330078125,-73.9519700000000028694557840935885906219482421875,Private room,115,1
Private Bedroom in a lovely area close to JFK,468749236,Queens,Howard Beach,40.668599999999997862687450833618640899658203125,-73.8512999999999948386175674386322498321533203125,Private room,100,1
One bedroom in Upper West side Manhattan,267112113,Manhattan,Upper West Side,40.79840999999999695546648581512272357940673828125,-73.968220000000002301021595485508441925048828125,Private room,77,1
Rommie 2,431183293,Queens,Astoria,40.76462000000000074351191869936883449554443359375,-73.9142499999999955662133288569748401641845703125,Private room,86,1
Private bedroom in Harlem apartment,50002645,Manhattan,Harlem,40.8234700000000003683453542180359363555908203125,-73.9508799999999979490894475020468235015869140625,Private room,78,1
Sweet Home You would enjoy-3A,188362851,Queens,Flushing,40.75860229999999972960722516290843486785888671875,-73.8127626999999932877472019754350185394287109375,Private room,58,1
ROOM (A),260258030,Queens,Flushing,40.72422999999999859710442251525819301605224609375,-73.8087699999999955480234348215162754058837890625,Private room,250,1
Canjie Suite,439763939,Bronx,Wakefield,40.90295110000000278205334325321018695831298828125,-73.843169899999992367156664840877056121826171875,Private room,65,1
Quick getaway,46087238,Queens,Jamaica,40.68802000000000163026925292797386646270751953125,-73.787949999999995043253875337541103363037109375,Private room,95,1
Gorgeous private room and bath in South Harlem,1358077,Manhattan,East Harlem,40.8018900000000002137312549166381359100341796875,-73.943749999999994315658113919198513031005859375,Private room,99,1
LGBTQ+ Friendly bedroom in Forest Hills visit us🌈,16190490,Queens,Forest Hills,40.70972499999999882902557146735489368438720703125,-73.8488669999999984838723321445286273956298828125,Private room,99,1
"Private Luxury BR in Ridgewood, Queens, 1FL-BR1",467996701,Queens,Ridgewood,40.7113194999999876699803280644118785858154296875,-73.90820139999999582869349978864192962646484375,Private room,85,1
BX Room#1,424334449,Bronx,Schuylerville,40.84234000000000008867573342286050319671630859375,-73.8348299999999966303221299313008785247802734375,Private room,52,1
"Queens Hotel, Sunny Double, 25 MIN To Manhattan",296605957,Queens,Bayside,40.7604520000000007939888746477663516998291015625,-73.7660599999999959663909976370632648468017578125,Private room,144,1
Quiet King Room - Queens Hotel Near LIRR,296605957,Queens,Bayside,40.7604520000000007939888746477663516998291015625,-73.7660599999999959663909976370632648468017578125,Private room,144,1
Large Private Room W/ Big Window near LGA Airport,129743937,Queens,East Elmhurst,40.7591800000000006320988177321851253509521484375,-73.8697700000000025966073735617101192474365234375,Private room,55,1
Private bedroom &bathroom and huge backyard access,4052356,Queens,Ridgewood,40.70645999999999986584953148849308490753173828125,-73.908379999999993970050127245485782623291015625,Private room,93,1
2 bedroom suite all to yourself. Manhattan 20 min.,4363605,Brooklyn,Bedford-Stuyvesant,40.68292999999999892679625190794467926025390625,-73.9125700000000023237589630298316478729248046875,Private room,118,1
"Private bed, bath & rooftop in modern sunny duplex",32226468,Brooklyn,Bedford-Stuyvesant,40.69382999999999839246811461634933948516845703125,-73.9471999999999951569407130591571331024169921875,Private room,130,1
Private room queen size bed in brooklyn heights,6724578,Brooklyn,Brooklyn Heights,40.691699999999997316990629769861698150634765625,-73.996160000000003265085979364812374114990234375,Private room,155,1
"Sohotel, Premium Triple",266797018,Manhattan,Little Italy,40.7193299999999993588062352500855922698974609375,-73.99484300000000303043634630739688873291015625,Private room,258,1
Bright and large private bedroom in condominium,388433334,Bronx,Mott Haven,40.8094200000000029149305191822350025177001953125,-73.9269000000000033878677641041576862335205078125,Private room,57,1
Cozy private room near Columbia,16480700,Manhattan,Harlem,40.81875000000000142108547152020037174224853515625,-73.9547500000000042064129956997931003570556640625,Private room,99,1
Private room in Brooklyn penthouse,1916500,Brooklyn,Greenpoint,40.730490000000003192326403222978115081787109375,-73.958699999999993224264471791684627532958984375,Private room,115,1
Heavenly Home,407197368,Bronx,Claremont Village,40.83791000000000082081896835006773471832275390625,-73.9008900000000039653968997299671173095703125,Private room,72,1
Private bedroom 3 stops from Grand Central,152202371,Bronx,Mott Haven,40.8096800000000001773514668457210063934326171875,-73.9257499999999936335370875895023345947265625,Private room,48,1
"Sohotel, Premium Queen Two Bed",266797018,Manhattan,Little Italy,40.7193299999999993588062352500855922698974609375,-73.99484300000000303043634630739688873291015625,Private room,279,1
Beautiful large room in Fort Washington,325451328,Manhattan,Washington Heights,40.83612000000000108457243186421692371368408203125,-73.9441800000000029058355721645057201385498046875,Private room,79,1
"Sohotel, Junior Suite Queen Two Bed",266797018,Manhattan,Little Italy,40.7193299999999993588062352500855922698974609375,-73.99484300000000303043634630739688873291015625,Private room,439,1
Family Room with Kitchen and Shared Bathroom,468168420,Manhattan,Harlem,40.79950999999999794454197399318218231201171875,-73.9526699999999976853359839878976345062255859375,Private room,143,1
Private room/ King bed/ half bath/quite space.,227179489,Manhattan,Roosevelt Island,40.76133999999999701913111493922770023345947265625,-73.950410000000005084075382910668849945068359375,Private room,110,1
Lou's Palace & Retreat 3-so much for so little,228415932,Queens,Rosedale,40.653919999999999390638549812138080596923828125,-73.7411599999999936017047730274498462677001953125,Private room,56,1
Lou's Palace & Retreat 2- So much for so little,228415932,Queens,Rosedale,40.65587000000000017507773009128868579864501953125,-73.7411900000000031241143005900084972381591796875,Private room,56,1
Encantador Apt con un estilo vintage -minimalista,444548275,Brooklyn,East Flatbush,40.63582999999999856299837119877338409423828125,-73.9445300000000003137756721116602420806884765625,Private room,82,1
Encantador Apartamento Brooklyn Ny,444548275,Brooklyn,East Flatbush,40.63676050000000117279341793619096279144287109375,-73.9439038999999951329300529323518276214599609375,Private room,80,1
Cozy private queen  Brooklyn 15 minutes fromJFK,393076353,Brooklyn,East Flatbush,40.65306000000000352656570612452924251556396484375,-73.9116499999999945202944218181073665618896484375,Private room,46,1
Adorable Bedroom with Free WiFi / Street Parking,51351678,Queens,Springfield Gardens,40.66288999999999731471689301542937755584716796875,-73.7705600000000032423486118204891681671142578125,Private room,87,1
Cozy Studio in Cheerful Home.,30267389,Bronx,Wakefield,40.89437873603122852728120051324367523193359375,-73.853330088360593208562931977212429046630859375,Private room,72,1
Charming,286908240,Manhattan,Harlem,40.80561999999999756028046249412000179290771484375,-73.948160000000001446096575818955898284912109375,Private room,100,1
Spacious2 Room-5min to Ocean-Brighton Beach,406570749,Brooklyn,Brighton Beach,40.58084999999999809006112627685070037841796875,-73.9636200000000059162630350328981876373291015625,Private room,89,1
"Cozy-room near LGA Airport, Citi Field, SpaCastle",467855405,Queens,College Point,40.7857206999999988283889251761138439178466796875,-73.83816170000000056461431086063385009765625,Private room,60,1
Mamba Hotel,348034609,Bronx,Wakefield,40.9011100000000027421265258453786373138427734375,-73.8583699999999936380845610983669757843017578125,Private room,171,1
Café con pan,335920793,Queens,Sunnyside,40.73740000000000094360075308941304683685302734375,-73.9253499999999945657691569067537784576416015625,Private room,100,1
Large Double Room - Bayside Hotel Near Train,296605957,Queens,Bayside,40.7604520000000007939888746477663516998291015625,-73.7660599999999959663909976370632648468017578125,Private room,146,1
Mini Estudio con Baño Privado cerca a Manhattan!,401937392,Queens,Elmhurst,40.74312215045455332074197940528392791748046875,-73.874795436859130859375,Private room,85,1
Kingsize skylight bedroom in Harlem brownstone,8637211,Manhattan,Harlem,40.8190799999999995861799106933176517486572265625,-73.9455899999999957117324811406433582305908203125,Private room,97,1
Lovely 1 bedroom rental unit in queens,171543177,Queens,Astoria,40.75874999999999914734871708787977695465087890625,-73.9162900000000036015990190207958221435546875,Private room,146,1
Beautiful Room Close To The Subway!,411757269,Queens,Elmhurst,40.73452999999999946112438919954001903533935546875,-73.8709199999999981400833348743617534637451171875,Private room,55,1
Private room with the garden wiew very close N-W,478624829,Queens,Long Island City,40.7588700000000017098500393331050872802734375,-73.933930000000003701643436215817928314208984375,Private room,90,1
Cozy/ Clean Rm near JFK /close to LGA Free Parking,266645207,Queens,Laurelton,40.67025000000000289901436190120875835418701171875,-73.7441400000000015779733075760304927825927734375,Private room,55,1
Kids room,253753123,Brooklyn,Borough Park,40.63161000000000200316208065487444400787353515625,-73.9968400000000059435478760860860347747802734375,Private room,45,1
Private Bedroom Basement in Queens near JFK/LGA,159541257,Queens,Jamaica,40.67916000000000309455572278238832950592041015625,-73.76272000000000161890056915581226348876953125,Private room,95,1
Lovely Bedroom,467600659,Manhattan,Harlem,40.8169299999999992678567650727927684783935546875,-73.9543699999999972760633681900799274444580078125,Private room,145,1
Private room near to la guardia and Manhattan,430854617,Queens,East Elmhurst,40.75724000000000302179614664055407047271728515625,-73.869339999999994006429915316402912139892578125,Private room,53,1
Amazing Room in Bedstuy,447538686,Brooklyn,Bedford-Stuyvesant,40.6864699999999999135980033315718173980712890625,-73.9308099999999939200279186479747295379638671875,Private room,140,1
Sunny Private Room in Sunnyside,1974212,Queens,Sunnyside,40.7474035999999983914676704443991184234619140625,-73.915955900000000156069290824234485626220703125,Private room,75,1
Tropical olive green private luxury decor room,256462453,Queens,Jamaica,40.68661999999999778765413793735206127166748046875,-73.794479999999992969605955295264720916748046875,Private room,100,1
Cozy  Private bedroom in Upper East Side,391726093,Manhattan,Upper East Side,40.77698000000000178033587872050702571868896484375,-73.9589399999999983492671162821352481842041015625,Private room,90,1
Private Trpl Rm (2 beds) 9th Av&50th Midtown (HK),467927303,Manhattan,Hell's Kitchen,40.7632100000000008321876521222293376922607421875,-73.9900300000000044065018300898373126983642578125,Private room,192,1
"large Room for rent in Clinton Hill 

 
the area",106687475,Brooklyn,Crown Heights,40.677880514744202855581534095108509063720703125,-73.96039589757089061095030046999454498291015625,Private room,100,1
Habitación privada en New York 10min de Manhattan,243115572,Queens,Long Island City,40.75627670000000080108293332159519195556640625,-73.9295832999999902312993071973323822021484375,Private room,73,1
HK 4-Beautiful bedroom with private bathroom in HK,406193264,Manhattan,Hell's Kitchen,40.76505999999999829697117093019187450408935546875,-73.9903800000000018144419300369918346405029296875,Private room,115,1
"Staypineapple New York, Terrace Cosmo Suite",270122518,Manhattan,Hell's Kitchen,40.75435999999999836518327356316149234771728515625,-73.993909999999999627107172273099422454833984375,Private room,408,1
HELLO traveling nurses/doctor NO Cleaning FEES-F,233485864,Staten Island,New Dorp Beach,40.56481999999999743522494100034236907958984375,-74.10286999999999579813447780907154083251953125,Private room,61,1
MALCOLM 5 - BEAUTIFUL PRIVATE BEDROOM IN BEDSTUY,463464923,Brooklyn,Bedford-Stuyvesant,40.69162000000000034560798667371273040771484375,-73.9317999999999955207385937683284282684326171875,Private room,53,1
"An Artful Hotel, Glamour King w/Comm. Features",270122518,Manhattan,Hell's Kitchen,40.75435999999999836518327356316149234771728515625,-73.993909999999999627107172273099422454833984375,Private room,199,1
MALCOLM 2 - BEAUTIFUL PRIVATE BEDROOM IN BEDSTUY,463464923,Brooklyn,Bedford-Stuyvesant,40.6897000000000019781509763561189174652099609375,-73.9304300000000012005330063402652740478515625,Private room,46,1
UES Studio/My livingroom couch for short stay only,475205333,Manhattan,Upper East Side,40.7781700000000029149305191822350025177001953125,-73.9502800000000064528649090789258480072021484375,Private room,200,1
MALCOLM 1 - BEAUTIFUL PRIVATE BEDROOM IN BEDSTUY,463464923,Brooklyn,Bedford-Stuyvesant,40.689920000000000754880602471530437469482421875,-73.93175999999999703504727222025394439697265625,Private room,45,1
"Staypineapple New York, Jewel Box Queen",270122518,Manhattan,Hell's Kitchen,40.75435999999999836518327356316149234771728515625,-73.993909999999999627107172273099422454833984375,Private room,158,1
Lovely private bedroom in Manhattan,475812927,Manhattan,Harlem,40.82385000000000019326762412674725055694580078125,-73.939400000000006230038707144558429718017578125,Private room,63,1
Private Room Close to JFK,354111570,Queens,Cambria Heights,40.6956770249404797823444823734462261199951171875,-73.742987118114768918530899100005626678466796875,Private room,75,1
Lovely 1-bedroom with patio 5 minutes from M train,17602501,Queens,Ridgewood,40.7103299999999990177457220852375030517578125,-73.895139999999997826307662762701511383056640625,Private room,150,1
"Staypineapple New York, Persona Queen",270122518,Manhattan,Hell's Kitchen,40.75435999999999836518327356316149234771728515625,-73.993909999999999627107172273099422454833984375,Private room,124,1
Cozy Studio Private Bathroom & Backyard Entrance,328812672,Brooklyn,Flatlands,40.62751999999999696910890634171664714813232421875,-73.9405900000000002592059900052845478057861328125,Private room,54,1
"Staypineapple New York, Persona Two Twin",270122518,Manhattan,Hell's Kitchen,40.75435999999999836518327356316149234771728515625,-73.993909999999999627107172273099422454833984375,Private room,114,1
"Staypineapple New York, Starlet Queen",270122518,Manhattan,Hell's Kitchen,40.75435999999999836518327356316149234771728515625,-73.993909999999999627107172273099422454833984375,Private room,114,1
"Staypineapple New York, Terrace Cosmo Connectors",270122518,Manhattan,Hell's Kitchen,40.75435999999999836518327356316149234771728515625,-73.993909999999999627107172273099422454833984375,Private room,368,1
"Staypineapple New York, Terrace Cosmo King",270122518,Manhattan,Hell's Kitchen,40.75435999999999836518327356316149234771728515625,-73.993909999999999627107172273099422454833984375,Private room,249,1
"Staypineapple New York, Glamour King Mobility Acc",270122518,Manhattan,Hell's Kitchen,40.75435999999999836518327356316149234771728515625,-73.993909999999999627107172273099422454833984375,Private room,199,1
A1 home (read description),445893943,Brooklyn,Cypress Hills,40.6792099999999976489561959169805049896240234375,-73.89154999999999517967808060348033905029296875,Private room,757,1
Nice & Lovely room in LIC.5 stops to Times Square,203866020,Queens,Long Island City,40.73655999999999721694621257483959197998046875,-73.9289399999999972123987390659749507904052734375,Private room,50,1
*New* Perfect Room near Prospect Park,429454632,Brooklyn,Prospect-Lefferts Gardens,40.66219000000000249883669312112033367156982421875,-73.9409299999999944930095807649195194244384765625,Private room,58,1
Maya Cid’s house near Manhatan,143052745,Bronx,Mott Haven,40.80808999999999997498889570124447345733642578125,-73.9216899999999981218934408389031887054443359375,Private room,36,1
Room#1C,424334449,Queens,Jamaica,40.6763600000000025147528504021465778350830078125,-73.794409999999999172359821386635303497314453125,Private room,51,1
Room#2C,424334449,Queens,Jamaica,40.67521760000000341506165568716824054718017578125,-73.7955180000000012796590453945100307464599609375,Private room,52,1
"Staypineapple New York, Fashionista Connectors",270122518,Manhattan,Hell's Kitchen,40.75435999999999836518327356316149234771728515625,-73.993909999999999627107172273099422454833984375,Private room,287,1
"Staypineapple New York, Fashionista King",270122518,Manhattan,Hell's Kitchen,40.75435999999999836518327356316149234771728515625,-73.993909999999999627107172273099422454833984375,Private room,131,1
Studio King Room located in heart of Times Square,475625876,Manhattan,Theater District,40.7572822999999999638021108694374561309814453125,-73.9835169999999919809852144680917263031005859375,Private room,349,1
Sunny Private bedroom in shared unit near train,333057838,Brooklyn,Flatbush,40.6446600000000017871570889838039875030517578125,-73.9651300000000020418156054802238941192626953125,Private room,161,1
"The Condor Hotel, Plush Suite 2 beds",261016212,Brooklyn,Bedford-Stuyvesant,40.69635000000000246700437855906784534454345703125,-73.959959999999995261532603763043880462646484375,Private room,217,1
Cheerful 1bedroom in a townhouse Bklyn near train,363928053,Brooklyn,Kensington,40.6436700000000001864464138634502887725830078125,-73.981269999999994979589246213436126708984375,Private room,41,1
"The Condor Hotel, Plush Room Two Single Beds",261016212,Brooklyn,Bedford-Stuyvesant,40.69660999999999972942532622255384922027587890625,-73.9599699999999984356691129505634307861328125,Private room,127,1
"The Condor Hotel, Plush Corner room with 2 beds",261016212,Brooklyn,Bedford-Stuyvesant,40.698610000000002173692337237298488616943359375,-73.9587099999999963984009809792041778564453125,Private room,145,1
"Nolitan Hotel, Balcony Room",268362077,Manhattan,Little Italy,40.71999000000000279442247119732201099395751953125,-73.9962900000000018962964531965553760528564453125,Private room,238,1
Charming bedroom with natural light in Ridgewood,16883913,Queens,Ridgewood,40.69854000000000127101884572766721248626708984375,-73.89866000000000667569111101329326629638671875,Private room,85,1
Sun drenched room in Williamsburg,61726152,Brooklyn,Williamsburg,40.70944999999999680539986002258956432342529296875,-73.9524300000000067711880546994507312774658203125,Private room,160,1
"Staypineapple New York, Terrace King",270122518,Manhattan,Hell's Kitchen,40.75435999999999836518327356316149234771728515625,-73.993909999999999627107172273099422454833984375,Private room,258,1
Cheerful 3 bedroom home with on premises parking,475789318,Queens,Rosedale,40.677019999999998844941728748381137847900390625,-73.730019999999996116457623429596424102783203125,Private room,80,1
"Lovely Private Room, Spacious 2 Bedroom Apartment",270414511,Manhattan,Washington Heights,40.83346999999999837882569408975541591644287109375,-73.9417499999999989768184605054557323455810546875,Private room,120,1
"NU Hotel, Double Standard Room",262224408,Brooklyn,Boerum Hill,40.68979999999999819237928022630512714385986328125,-73.9895599999999973306330502964556217193603515625,Private room,595,1
Spacious Soundproof Space for events and privacy,357523705,Manhattan,East Harlem,40.80434000000000338559402734972536563873291015625,-73.93957000000000334694050252437591552734375,Private room,371,1
Spacious Modern 1 Bedroom Apt Near Central Park,82406306,Manhattan,East Harlem,40.80138000000000175759851117618381977081298828125,-73.9414199999999937062966637313365936279296875,Private room,78,1
"The Condor, Luxury Suite",261016212,Brooklyn,Bedford-Stuyvesant,40.6964200000000033696778700686991214752197265625,-73.9582999999999941564965411089360713958740234375,Private room,271,1
Ideal Room with Free Parking,28722667,Brooklyn,Flatlands,40.62510999999999938836481305770576000213623046875,-73.9307299999999969486452755518257617950439453125,Private room,79,1
Tranquil Haven-8 mins to JFK/LIRR /Air Train Rm.#3,178272943,Queens,Jamaica,40.67239000000000004320099833421409130096435546875,-73.7804900000000003501554601825773715972900390625,Private room,65,1
A private room in brooklyn heights,6724578,Brooklyn,Cobble Hill,40.69006999999999862893673707731068134307861328125,-73.99434999999999718056642450392246246337890625,Private room,110,1
"Staypineapple New York, Celebrity King",270122518,Manhattan,Hell's Kitchen,40.75435999999999836518327356316149234771728515625,-73.993909999999999627107172273099422454833984375,Private room,165,1
"The Condor Hotel, Plush Room King Bed",261016212,Brooklyn,Bedford-Stuyvesant,40.69724000000000074805939220823347568511962890625,-73.9601200000000034151526051573455333709716796875,Private room,154,1
"Staypineapple New York, Fashionista w/Comm.",270122518,Manhattan,Hell's Kitchen,40.75435999999999836518327356316149234771728515625,-73.993909999999999627107172273099422454833984375,Private room,131,1
"Staypineapple New York, Glamour King",270122518,Manhattan,Hell's Kitchen,40.75435999999999836518327356316149234771728515625,-73.993909999999999627107172273099422454833984375,Private room,199,1
Private room for any type of stay,474967067,Brooklyn,Crown Heights,40.672629999999998062776285223662853240966796875,-73.917159999999995534381014294922351837158203125,Private room,65,1
Lovely private room in New York,475127789,Manhattan,Harlem,40.801704975224453164628357626497745513916015625,-73.9590687264319370797238661907613277435302734375,Private room,77,1
Room at cool flat at the coolest place Brooklyn,3247267,Brooklyn,Greenpoint,40.73592000000000012960299500264227390289306640625,-73.95422999999999547071638517081737518310546875,Private room,80,1
Room #2A,424334449,Queens,Jamaica,40.67428000000000309910319629125297069549560546875,-73.7944499999999976580511429347097873687744140625,Private room,54,1
"Amazing NYC Stay! 3 Modern Units, Rooftop Terrace!",468877942,Manhattan,Midtown,40.753130516847562603288679383695125579833984375,-73.986406358404764205261017195880413055419921875,Private room,1498,1
No-frills space in Bushwick (BR w/ private bath),45909314,Brooklyn,Bushwick,40.69789999999999707824827055446803569793701171875,-73.9355699999999984584064804948866367340087890625,Private room,30,1
Full size private bedroom!,474967067,Brooklyn,Crown Heights,40.6741099999999988767740433104336261749267578125,-73.916799999999994952304405160248279571533203125,Private room,59,1
Beautiful bedroom in the heart of Sunnyside,12191795,Queens,Sunnyside,40.7418664451352157129804254509508609771728515625,-73.9186789376598056833245209418237209320068359375,Private room,101,1
"Amazing, Comfortable room, great location on UES",477167118,Manhattan,Upper East Side,40.7808921999999967056282912380993366241455078125,-73.948542000000003326931619085371494293212890625,Private room,96,1
*New* Cozy Room for travellers in NYC,429454632,Brooklyn,Prospect-Lefferts Gardens,40.6617600000000010140865924768149852752685546875,-73.94101000000000567524693906307220458984375,Private room,58,1
Room in Sunny Brooklyn Apartment,27186037,Brooklyn,Greenpoint,40.721530000000001336957211606204509735107421875,-73.9480400000000059890226111747324466705322265625,Private room,80,1
Recording Studio - Vacation @ Rebellstudio,37424221,Brooklyn,Downtown Brooklyn,40.6968600000000009231371222995221614837646484375,-73.9836600000000004229150363244116306304931640625,Private room,65,1
Geraldine's  1 BR APT 5 min from JFK,259207391,Queens,Jamaica,40.67573999999999756482793600298464298248291015625,-73.7967000000000012960299500264227390289306640625,Private room,60,1
🍃 Extra Large bedroom w/ Park View,71375159,Bronx,Fordham,40.86339000000000254431142820976674556732177734375,-73.8962499999999948840923025272786617279052734375,Private room,95,1
"Lovely room in Queens, king size bed AC Tv",339122855,Queens,Rego Park,40.7248021999999991749064065515995025634765625,-73.8568384000000008882125257514417171478271484375,Private room,47,1
Amazing Room,476583892,Brooklyn,Bushwick,40.69013000000000346290107700042426586151123046875,-73.9107599999999962392394081689417362213134765625,Private room,76,1
"Shoreham Hotel, Standard Queen",270008247,Manhattan,Midtown,40.76144000000000033878677641041576862335205078125,-73.9774000000000029331204132176935672760009765625,Private room,1000,1
"Sunny, Large, Comfy, Private Room",269375490,Brooklyn,Canarsie,40.644080000000002428350853733718395233154296875,-73.8915099999999966939867590554058551788330078125,Private room,56,1
Boutique Hotel Experience in heart of NYC,49108760,Manhattan,Midtown,40.759669999999999845385900698602199554443359375,-73.96814000000000532963895238935947418212890625,Private room,270,1
"Comfortable Single Room Near LGA, Citi Field",129743937,Queens,East Elmhurst,40.757530000000002701199264265596866607666015625,-73.869789999999994734025676734745502471923828125,Private room,53,1
Lovely 1 Private Bedroom with Dedicated Work PC,96377729,Brooklyn,Bushwick,40.69877000000000322188498103059828281402587890625,-73.921840000000003101376933045685291290283203125,Private room,85,1
Lou's Palace & Retreat 5- so much for so little,228415932,Queens,Rosedale,40.6555000000000035242919693700969219207763671875,-73.741389999999995552570908330380916595458984375,Private room,56,1
Elegant Spacious UES private room,53686964,Manhattan,Upper East Side,40.77597999999999700548869441263377666473388671875,-73.9539299999999997226041159592568874359130859375,Private room,90,1
Your home in Manhattan - Midtown West,476216594,Manhattan,Hell's Kitchen,40.76771000000000100271790870465338230133056640625,-73.99007000000000289219315163791179656982421875,Private room,600,1
"Nolitan Hotel, Neighborhood Room",268362077,Manhattan,Little Italy,40.7196500000000014551915228366851806640625,-73.9964400000000068757799454033374786376953125,Private room,244,1
Crown 1 -Single Traveler’s Suite,11757212,Brooklyn,Crown Heights,40.66687999999999902911440585739910602569580078125,-73.9352999999999980218490236438810825347900390625,Private room,50,1
Beautiful Rm near JFK/close to LGA   Free Parking,266645207,Queens,Springfield Gardens,40.66261999999999687815943616442382335662841796875,-73.7488000000000027966962079517543315887451171875,Private room,60,1
Lou's Palace & Retreat 6-so much for so little,228415932,Queens,Rosedale,40.654009999999999536157702095806598663330078125,-73.741860000000002628439688123762607574462890625,Private room,56,1
"Large Bedroom in Lively, Safe and Walking distance",221839786,Manhattan,Hell's Kitchen,40.76219999999999998863131622783839702606201171875,-73.9933800000000019281287677586078643798828125,Private room,177,1
Beautiful 2 Bedroom with Balcony and stunning view,462775492,Bronx,Co-op City,40.8739800000000030877345125190913677215576171875,-73.826470000000000482032191939651966094970703125,Private room,40,1
Excelente Habitación cama King Size,381602499,Staten Island,Graniteville,40.624110000000001718944986350834369659423828125,-74.1656200000000040972736314870417118072509765625,Private room,99,1
Corner New York,261761196,Manhattan,Midtown,40.765389999999996462065610103309154510498046875,-73.9822099999999949204720905981957912445068359375,Private room,344,1
Botanical Home,266360944,Queens,Springfield Gardens,40.66170000000000328554961015470325946807861328125,-73.762609999999995125108398497104644775390625,Private room,75,1
"Paper Factory, Superior Queen Room",266989293,Queens,Long Island City,40.75265999999999877445588936097919940948486328125,-73.9265999999999934289007796905934810638427734375,Private room,160,1
Nice Room for 2 in Times square,449715737,Manhattan,Theater District,40.759125699999998460043570958077907562255859375,-73.98376669999998966886778362095355987548828125,Private room,198,1
Lovely bedroom in the heart of Williamsburg,195802909,Brooklyn,Williamsburg,40.71153000000000332647687173448503017425537109375,-73.9609999999999985220711096189916133880615234375,Private room,145,1
Studio type space.near 37 avenue. Close to all,268537798,Queens,Jackson Heights,40.751879999999999881765688769519329071044921875,-73.8798699999999968213160173036158084869384765625,Private room,164,1
Large private room in Manhattan with queen bed,475812927,Manhattan,Harlem,40.8242800000000016780177247710525989532470703125,-73.9397000000000019781509763561189174652099609375,Private room,62,1
Peaceful Private Bedroom,476583892,Brooklyn,Bushwick,40.69207999999999714191289967857301235198974609375,-73.9106699999999960937202558852732181549072265625,Private room,80,1
"4 Spacious Units, Pet-Friendly, Restaurant!",468877942,Manhattan,Midtown,40.7533754278114912494856980629265308380126953125,-73.9860421790848903356163646094501018524169921875,Private room,1997,1
Private Entrance bedroom and bathroom in Brooklyn,477257195,Brooklyn,Bedford-Stuyvesant,40.67672999999999916553861112333834171295166015625,-73.9152500000000003410605131648480892181396484375,Private room,99,1
Cozy room in East Harlem,476228262,Manhattan,East Harlem,40.7906317741852717517758719623088836669921875,-73.9415174840972753145251772366464138031005859375,Private room,76,1
"SoHo ""Room Selected at Check-in"" in Hotel Comfort",470859718,Manhattan,SoHo,40.71994000000000113459464046172797679901123046875,-74.000979999999998426574165932834148406982421875,Private room,115,1
Lovely Room In Bushwick,476583892,Brooklyn,Bushwick,40.69004000000000331738192471675574779510498046875,-73.9120300000000014506440493278205394744873046875,Private room,76,1
"Private Room Williamsburg, BK - 420 Friendly Vibes",4907227,Brooklyn,Williamsburg,40.70915000000000105728759081102907657623291015625,-73.93882999999999583451426587998867034912109375,Private room,75,1
Dream Room In Bushwick,476583892,Brooklyn,Bushwick,40.6903199999999998226485331542789936065673828125,-73.912090000000006284608389250934123992919921875,Private room,76,1
Lovely Guest Room in Bushwick,476583892,Brooklyn,Bushwick,40.69006999999999862893673707731068134307861328125,-73.91190000000000281943357549607753753662109375,Private room,76,1
Cozy Room in Bushwick,476583892,Brooklyn,Bushwick,40.69149999999999778310666442848742008209228515625,-73.9123000000000018872015061788260936737060546875,Private room,76,1
The Art Gallery Room,77580973,Queens,Ditmars Steinway,40.77981849002797076764181838370859622955322265625,-73.9171152406904212739391368813812732696533203125,Private room,85,1
Cozy Brooklyn home 2,25537142,Brooklyn,Cypress Hills,40.68896000000000157115209731273353099822998046875,-73.8706499999999977035258780233561992645263671875,Private room,44,1
Lovely shared room in harlem,197351392,Manhattan,Washington Heights,40.83420000000000271711542154662311077117919921875,-73.93533999999999650754034519195556640625,Private room,138,1
Peaceful,476553901,Brooklyn,Crown Heights,40.6660313000000002148226485587656497955322265625,-73.951640400000002273372956551611423492431640625,Private room,101,1
Private room in shared apartment in the City,475812927,Manhattan,Harlem,40.8233900000000033969627111218869686126708984375,-73.9412899999999950750861898995935916900634765625,Private room,64,1
Central Park Premiere 2 Bed Room,261761196,Manhattan,Midtown,40.763599999999996725819073617458343505859375,-73.980490000000003192326403222978115081787109375,Private room,317,1
"4 Family-Friendly Units, Pets Allowed, Restaurant!",468877942,Manhattan,Midtown,40.7511300000000034060576581396162509918212890625,-73.9865199999999987312548910267651081085205078125,Private room,1997,1
2 Beds close to Central Park,261761196,Manhattan,Midtown,40.76552000000000219870344153605401515960693359375,-73.9819600000000008321876521222293376922607421875,Private room,272,1
Dog-friendly spot near Prospect Park & Franklin Av,8343772,Brooklyn,Crown Heights,40.67248000000000018872015061788260936737060546875,-73.9620699999999970941644278354942798614501953125,Private room,150,1
Pauline's Place 1 BR APT 5 Min from JFK,259207391,Queens,Jamaica,40.67540000000000333102434524334967136383056640625,-73.7978700000000031877789297141134738922119140625,Private room,60,1
Cozy Williamsburg Apartment - 1 stop to the city!,275527991,Brooklyn,Williamsburg,40.71155999999999863803168409503996372222900390625,-73.95274000000000569343683309853076934814453125,Private room,88,1
Elegance in NYC! On-site Restaurant and Bar!,468877942,Manhattan,Midtown,40.75309656987661099947217735461890697479248046875,-73.984682755753823357736109755933284759521484375,Private room,416,1
Hidden Gem! Big Apple Views from Rooftop Terrace!,468877942,Manhattan,Midtown,40.75339861815525210886335116811096668243408203125,-73.9862310322273089013833669014275074005126953125,Private room,416,1
"Group Vacation! Parking, Restaurant, and Bar!",468877942,Manhattan,Midtown,40.7512601410035273374887765385210514068603515625,-73.986528755415974956122227013111114501953125,Private room,473,1
Onsite Restaurant and Rooftop Bar! Pets Allowed!,468877942,Manhattan,Midtown,40.75340638033542717266755062155425548553466796875,-73.985587687824221347909769974648952484130859375,Private room,508,1
"Dream NYC Stay! Pet Friendly Property, Parking!",468877942,Manhattan,Midtown,40.75338639229452297740863286890089511871337890625,-73.9862216897687261507599032483994960784912109375,Private room,508,1
Walk to Empire State Building and Time Square!,468877942,Manhattan,Midtown,40.75295570374920117728834156878292560577392578125,-73.9844946627974167085994849912822246551513671875,Private room,508,1
"Amazing Location! Parking, Pets Allowed!",468877942,Manhattan,Midtown,40.7513684391092425585156888701021671295166015625,-73.984282114403555397075251676142215728759765625,Private room,647,1
"Dream NYC Stay! Pet Friendly, Near Times Square!",468877942,Manhattan,Midtown,40.75296947234159716799695161171257495880126953125,-73.9863620154813048657160834409296512603759765625,Private room,647,1
"Adventure Awaits! Luxury Amenities, Restaurant!",468877942,Manhattan,Midtown,40.7531800000000004047251422889530658721923828125,-73.984329999999999927240423858165740966796875,Private room,736,1
Cozy South Williamsburg Room- Best Location in BK,9843389,Brooklyn,Williamsburg,40.7094799999999992223820299841463565826416015625,-73.9565499999999929059413261711597442626953125,Private room,50,1
Just chill 302,471922429,Brooklyn,Flatbush,40.628950000000003228706191293895244598388671875,-73.9639800000000064983396441675722599029541015625,Private room,161,1
Airy room on top floor 2 bedroom,413981013,Queens,Ridgewood,40.7041100000000000136424205265939235687255859375,-73.910629999999997608028934337198734283447265625,Private room,87,1
Room #2B,424334449,Queens,Jamaica,40.6756400000000013505996321327984333038330078125,-73.794659999999993260644259862601757049560546875,Private room,51,1
Penthouse large BR + office,22733486,Manhattan,Upper East Side,40.78222000000000235786501434631645679473876953125,-73.954239999999998644852894358336925506591796875,Private room,329,1
"Staypineapple New York, Cosmo Suite",270122518,Manhattan,Hell's Kitchen,40.75435999999999836518327356316149234771728515625,-73.993909999999999627107172273099422454833984375,Private room,328,1
"Big Room, kitchen bathroom & Patio Brooklyn NY",63866600,Brooklyn,Bay Ridge,40.63119999999999976125764078460633754730224609375,-74.0311899999999951660356600768864154815673828125,Private room,60,1
Lovely studio unit with Jacuzzi,29472753,Queens,Arverne,40.59709000000000145291778608225286006927490234375,-73.799260000000003856257535517215728759765625,Private room,109,1
Lovely 1 Bedroom Penthouse W/ Fireplace & Balcony.,459534804,Manhattan,Harlem,40.80904000000000309000824927352368831634521484375,-73.9526699999999976853359839878976345062255859375,Private room,136,1
Private Room In Penthouse W/ Balcony & City View,459534804,Manhattan,Harlem,40.80904000000000309000824927352368831634521484375,-73.954599999999999226929503493010997772216796875,Private room,134,1
Room in a 3-bedroom apartment with amenities!,48685956,Brooklyn,Williamsburg,40.71001729999999696474333177320659160614013671875,-73.947308999999989964635460637509822845458984375,Private room,80,1
Private Room in Manhattan 15 min. from Midtown!,265424495,Manhattan,Harlem,40.80534999999999712372300564311444759368896484375,-73.9466100000000068348526838235557079315185546875,Private room,91,1
Cozy Brooklyn home 1,25537142,Brooklyn,Cypress Hills,40.6890599999999977853804011829197406768798828125,-73.87220999999999548890627920627593994140625,Private room,44,1
Master#2,424334449,Queens,Jamaica,40.67629000000000161207935889251530170440673828125,-73.795060000000006539266905747354030609130859375,Private room,52,1
Cozy & Serene Apartment in the Heart of Canarsie.,262578,Brooklyn,Canarsie,40.64683000000000134832589537836611270904541015625,-73.899820000000005393303581513464450836181640625,Private room,275,1
Single Room Rental in Cobble Hill!,220422636,Brooklyn,Boerum Hill,40.687860000000000582076609134674072265625,-73.989519999999998844941728748381137847900390625,Private room,122,1
"15Min to Manhattan, Amazing location, Nice Design",469081668,Queens,Astoria,40.7696600000000017871570889838039875030517578125,-73.9153199999999941383066470734775066375732421875,Private room,58,1
"Nesva Hotel, King Standard",263720409,Queens,Long Island City,40.75330999999999903593561612069606781005859375,-73.935010000000005447873263619840145111083984375,Private room,141,1
Furnished lovely room,463027921,Manhattan,East Harlem,40.78893000000000057525539887137711048126220703125,-73.9508699999999947749529383145272731781005859375,Private room,90,1
Cozy Brooklyn Home,462877490,Brooklyn,Cypress Hills,40.68883000000000293994162348099052906036376953125,-73.8722800000000034970071283169090747833251953125,Private room,51,1
Suzy ville,244116720,Bronx,Throgs Neck,40.8259800000000012687451089732348918914794921875,-73.8193500000000000227373675443232059478759765625,Private room,60,1
Welcome 1-bedroom B nB with free-offsite parking,181876326,Brooklyn,Flatbush,40.64226000000000027512214728631079196929931640625,-73.955659999999994624886312521994113922119140625,Private room,148,1
Roomy Stay 203,471922429,Brooklyn,Flatbush,40.629829999999998335624695755541324615478515625,-73.9637599999999935107553028501570224761962890625,Private room,225,1
Private Luxury BR in Ridgewood Queens 2FL-BR4,467996701,Queens,Ridgewood,40.71189912273617750315679586492478847503662109375,-73.908960523115410978789441287517547607421875,Private room,85,1
The Jungle Room at The Resort,1568517,Queens,Long Island City,40.74705000000000154614099301397800445556640625,-73.9469399999999978945197653956711292266845703125,Private room,105,1
Beautiful comfortable private Room in Queens NY,394849063,Queens,Richmond Hill,40.69525677751517633851108257658779621124267578125,-73.814134933054447174072265625,Private room,70,1
"NU Hotel, Standard Queen",262224408,Brooklyn,Downtown Brooklyn,40.6998200000000025511326384730637073516845703125,-73.9869699999999994588506524451076984405517578125,Private room,544,1
Adorable Private 1RM,167563640,Brooklyn,East New York,40.669849999999996725819073617458343505859375,-73.87509000000000014551915228366851806640625,Private room,70,1
"NU Hotel, Standard King",262224408,Brooklyn,Downtown Brooklyn,40.69868000000000307636582874692976474761962890625,-73.985939999999999372448655776679515838623046875,Private room,617,1
"NU Hotel, Bunk Bed Suite",262224408,Brooklyn,Downtown Brooklyn,40.69778000000000162117430591024458408355712890625,-73.985309999999998353814589790999889373779296875,Private room,822,1
"NU Hotel, Urban Suite",262224408,Brooklyn,Downtown Brooklyn,40.6976700000000022328094928525388240814208984375,-73.9869599999999962847141432575881481170654296875,Private room,772,1
Peaceful Room in Lively Crown Heights,417707380,Brooklyn,Crown Heights,40.67099999999999937472239253111183643341064453125,-73.9517100000000056070348364301025867462158203125,Private room,65,1
Private bedroom in Crown Heights,135722057,Brooklyn,Crown Heights,40.66602999999999923375071375630795955657958984375,-73.9288600000000002410160959698259830474853515625,Private room,65,1
[Manhattan Heart] 800m to Time Square/Broadway,248133997,Manhattan,Midtown,40.76129180000000218342393054626882076263427734375,-73.9723819999999960828063194639980792999267578125,Private room,104,1
Midtown 45 Resort - Studio,475558129,Manhattan,Midtown,40.7526680451804992344477795995771884918212890625,-73.9724844231958940099502797238528728485107421875,Private room,593,1
Midtown 45 Resort - Hotel,475558129,Manhattan,Midtown,40.7526680451804992344477795995771884918212890625,-73.9724844231958940099502797238528728485107421875,Private room,593,1
"2 Units Minutes Away From Central Park, Parking!",468877942,Manhattan,Midtown,40.75256999999999862893673707731068134307861328125,-73.9842900000000014415491023100912570953369140625,Private room,998,1
Midtown 45 Resort - 1 Bedroom Suite,475558129,Manhattan,Midtown,40.7526680451804992344477795995771884918212890625,-73.9724844231958940099502797238528728485107421875,Private room,742,1
Cozy WFH Bedroom in Historic Crown Heights,417707380,Brooklyn,Crown Heights,40.671030000000001791704562492668628692626953125,-73.9497099999999960573404678143560886383056640625,Private room,94,1
Cafe Tropical - Lovely 1Bedroom rental with Patio,2300134,Manhattan,Harlem,40.8060600000000022191670723259449005126953125,-73.954340000000001964508555829524993896484375,Private room,85,1
Best room in Queens,411757269,Queens,Elmhurst,40.7328600000000022873791749589145183563232421875,-73.8717099999999931014826870523393154144287109375,Private room,70,1
"Private Luxury BR in Ridgewood Queens, 2FL-BR1",467996701,Queens,Ridgewood,40.7113194999999876699803280644118785858154296875,-73.90820139999999582869349978864192962646484375,Private room,85,1
"420 friendly 1 bedroom, full bath, full kitchen",479291997,Brooklyn,Kensington,40.64361999999999852661858312785625457763671875,-73.97226000000000567524693906307220458984375,Private room,65,1
Dreamy Bedroom with Private Bath in Williamsburg,25549229,Brooklyn,Williamsburg,40.714190000000002100932761095464229583740234375,-73.9586900000000042609826778061687946319580078125,Private room,153,1
Cute private bedroom in the Heart of Astoria,174504698,Queens,Ditmars Steinway,40.76834999999999809006112627685070037841796875,-73.9013700000000000045474735088646411895751953125,Private room,80,1
Dream Bedroom with working area and TV,438777361,Brooklyn,Bushwick,40.699759999999997717168298549950122833251953125,-73.931389999999993278834153898060321807861328125,Private room,96,1
Cheerful one bedroom with kitchenette,110157122,Queens,Laurelton,40.67701000000000277623257716186344623565673828125,-73.747669999999999390638549812138080596923828125,Private room,71,1
Cheerful studio separate entrance. Use of backyard,110157122,Queens,Laurelton,40.677968800000002147498889826238155364990234375,-73.74880849999999554711394011974334716796875,Private room,82,1
Private Room and private bathroom impeccable.,83132880,Queens,Woodside,40.7406399999999990768628777004778385162353515625,-73.8949099999999958754415274597704410552978515625,Private room,68,1
"Aliz Hotel Times Square, Standard Double Guest Rm",260987211,Manhattan,Hell's Kitchen,40.7548000000000030240698833949863910675048828125,-73.99407999999999674400896765291690826416015625,Private room,268,1
Heavenly place,274452385,Bronx,Belmont,40.85475999999999885403667576611042022705078125,-73.88898000000000365616870112717151641845703125,Private room,76,1
Heavenly Place II,274452385,Bronx,Belmont,40.85311999999999699184627388603985309600830078125,-73.8889199999999988222043612040579319000244140625,Private room,67,1
"Hotel 48 Lex, Master Suite",262985820,Manhattan,Midtown,40.7519800000000032014213502407073974609375,-73.9697800000000000864019966684281826019287109375,Private room,519,1
Lovely Georgian Studio in the Heart of Chelsea,266533448,Manhattan,Chelsea,40.73967999999999989313437254168093204498291015625,-73.9949399999999997135091689415276050567626953125,Private room,151,1
Lovely Quiet Room  Near Metro Manhattan NYC,25414207,Brooklyn,Bushwick,40.69774000000000313548298436217010021209716796875,-73.908310000000000172803993336856365203857421875,Private room,50,1
Beautiful Georgian Studio in the Heart of Chelsea,266533448,Manhattan,Chelsea,40.7377699999999975943865138106048107147216796875,-73.9939200000000028012436814606189727783203125,Private room,170,1
Double Georgian Studio in the Heart of Chelsea,266533448,Manhattan,Chelsea,40.7384100000000017871570889838039875030517578125,-73.9935300000000069076122599653899669647216796875,Private room,193,1
"Location, Location,  Cozy, Stylish 2bedroom walkup",89162637,Manhattan,Harlem,40.81671999999999655983629054389894008636474609375,-73.9428500000000070713213062845170497894287109375,Private room,149,1
Private Bedroom/Bathroom Near Yankee Stadium,132134034,Bronx,Longwood,40.825839999999999463398125953972339630126953125,-73.9067600000000055615601013414561748504638671875,Private room,80,1
Master bedroom w/huge closet and on-site laundry,358735760,Bronx,Wakefield,40.89771999999999962938090902753174304962158203125,-73.8446699999999935926098260097205638885498046875,Private room,40,1
Lovely 1-bedroom a quick walk to Domino Park,433207104,Brooklyn,Williamsburg,40.71097590000000110421751742251217365264892578125,-73.96201769999998987259459681808948516845703125,Private room,150,1
Peaceful Retreat in Bay Ridge,95280862,Brooklyn,Bay Ridge,40.623697838606148025064612738788127899169921875,-74.026343746002652324023074470460414886474609375,Private room,79,1
Pet Friendly Property w/ On-site Restaurant & Bar!,468877942,Manhattan,Midtown,40.75193252552809752842222223989665508270263671875,-73.9843595165841207972334814257919788360595703125,Private room,499,1
Hidden Luxury In The City That Never Sleeps!,468877942,Manhattan,Midtown,40.7513799999999974943420966155827045440673828125,-73.984499999999997044142219237983226776123046875,Private room,499,1
"Your Perfect NY Trip! On-site Dining, Parking!",468877942,Manhattan,Midtown,40.75108999999999781493897899053990840911865234375,-73.9856300000000004501998773775994777679443359375,Private room,526,1
Enjoy NYC Views from the Rooftop Terrace!,468877942,Manhattan,Midtown,40.75104999999999932924765744246542453765869140625,-73.9848999999999961119101499207317829132080078125,Private room,462,1
Delight In The Culture Of NYC! Restaurants & Bar!,468877942,Manhattan,Midtown,40.7514807187022967127632000483572483062744140625,-73.9846883442415474974040989764034748077392578125,Private room,462,1
"NYC Elegance! 2 Luxury Units, Rooftop Terrace!",468877942,Manhattan,Midtown,40.7527511309113066317877382971346378326416015625,-73.9844509121219999769891728647053241729736328125,Private room,998,1
"The Parc Hotel, Queen Room",263916265,Queens,Flushing,40.75845000000000339923644787631928920745849609375,-73.8346999999999979991116560995578765869140625,Private room,148,1
Private Room in New York,189982367,Queens,Springfield Gardens,40.66512999999999777855919091962277889251708984375,-73.7772599999999982856024871580302715301513671875,Private room,80,1
Georgian Studio in the Heart of Chelsea,266533448,Manhattan,Chelsea,40.73931999999999931105776340700685977935791015625,-73.9954500000000052750692702829837799072265625,Private room,151,1
Midtown 45 Resort - 1 Bedroom Suite,475558129,Manhattan,Midtown,40.7526680451804992344477795995771884918212890625,-73.9724844231958940099502797238528728485107421875,Private room,742,1
10 mins/Airports JFK/LGA/Hosp/malls bus/train#4,126247863,Queens,Richmond Hill,40.6971800000000030195224098861217498779296875,-73.815079999999994697645888663828372955322265625,Private room,60,1
Adorable 1-Bedroom Suite with Patio!,446617811,Brooklyn,Gerritsen Beach,40.5913800000000009049472282640635967254638671875,-73.9254600000000010595613275654613971710205078125,Private room,79,1
Casa Luna LGA Airport,265420923,Queens,East Elmhurst,40.76707999999999998408384271897375583648681640625,-73.8729699999999951387508190236985683441162109375,Private room,54,1
Brooklyn: Cozy room,365845844,Brooklyn,Flatbush,40.6521907353275508967271889559924602508544921875,-73.959894357856938995610107667744159698486328125,Private room,63,1
"Within A mile, Fordham/BotGarden",109671307,Bronx,Norwood,40.8722599999999971487341099418699741363525390625,-73.8758499999999997953636921010911464691162109375,Private room,96,1
1 bedroom in a 2 bedrooms apartment,104403379,Manhattan,Harlem,40.82500999999999891088009462691843509674072265625,-73.951899999999994861354934982955455780029296875,Private room,90,1
"Very private,Comfortable and cozy",478717835,Staten Island,Mariners Harbor,40.63474999999999681676854379475116729736328125,-74.1662900000000036015990190207958221435546875,Private room,75,1
Private room separate entrance.,137658925,Queens,Ridgewood,40.7074288000000024112523533403873443603515625,-73.9132499999999907913661445491015911102294921875,Private room,71,1
Private cozy room in heart of Bay Ridge,346772364,Brooklyn,Bay Ridge,40.63676000000000243517206399701535701751708984375,-74.0247399999999942110662232153117656707763671875,Private room,55,1
Luxury City Suites Steps from Central Park,231281049,Manhattan,Midtown,40.764870000000001937223714776337146759033203125,-73.981189999999998008206603117287158966064453125,Private room,314,1
My place of comfort and rest,478717835,Staten Island,Mariners Harbor,40.63289999999999935198502498678863048553466796875,-74.165629999999993060555425472557544708251953125,Private room,75,1
Lovely Room in a 2 bedroom Harlem Apt,147941732,Manhattan,Harlem,40.8183999999999969077180139720439910888671875,-73.9432699999999982765075401403009891510009765625,Private room,86,1
Spacious and private room in a beach bungalow,100277101,Queens,Far Rockaway,40.59896379603876681585461483336985111236572265625,-73.7481015392261696206332999281585216522216796875,Private room,196,1
Private Parking and best location,87629139,Bronx,Mott Haven,40.80828999999999950887286104261875152587890625,-73.9186299999999931742422631941735744476318359375,Private room,145,1
Two Bathroom Suite steps from Central Park,231281049,Manhattan,Midtown,40.764870000000001937223714776337146759033203125,-73.981189999999998008206603117287158966064453125,Private room,337,1
Private Comfortable BR in Ridgewood Queens 2FL-BR3,467996701,Queens,Ridgewood,40.7113194999999876699803280644118785858154296875,-73.90820139999999582869349978864192962646484375,Private room,75,1
Bonito cuarto privado en Flushing NY first floor,194196062,Queens,Flushing,40.760480000000001155058271251618862152099609375,-73.804969999999997298800735734403133392333984375,Private room,95,1
Hermoso apartamento nuevo,233360418,Brooklyn,Bensonhurst,40.60934999999999917008608463220298290252685546875,-74.0022799999999989495336194522678852081298828125,Private room,60,1
A cheerful 1-bedroom home in elmont,270130811,Queens,Cambria Heights,40.68936000000000063892002799548208713531494140625,-73.72660999999999376086634583771228790283203125,Private room,50,1
1-Bedroom Private Room with Queen Size Bed,475699129,Brooklyn,Sheepshead Bay,40.58404999999999773763192933984100818634033203125,-73.957999999999998408384271897375583648681640625,Private room,65,1
1-Bedroom Private Room with Queen Size Bed,475699129,Brooklyn,Brighton Beach,40.58261999999999858346200198866426944732666015625,-73.9576899999999994861354934982955455780029296875,Private room,65,1
1-Bedroom Private Room with Queen Size Bed,475699129,Brooklyn,Brighton Beach,40.58263000000000175759851117618381977081298828125,-73.9580299999999937199390842579305171966552734375,Private room,65,1
Private Bathroom in spacious room,35032837,Brooklyn,Williamsburg,40.70980999999999738747646915726363658905029296875,-73.9488400000000041245584725402295589447021484375,Private room,121,1
Hostal Home - Welcome Home,261854722,Queens,Jamaica,40.70208000000000225782059715129435062408447265625,-73.8121900000000010777512216009199619293212890625,Private room,90,1
🌿Moonlight Suite🌾 green shared yogi palace apt🦎,4765305,Manhattan,East Village,40.72118999999999999772626324556767940521240234375,-73.982830000000006975824362598359584808349609375,Private room,129,1
"Welcome to The Tower, a spacious 2 bedroom rental.",458058844,Brooklyn,Bedford-Stuyvesant,40.6837000000000017507773009128868579864501953125,-73.9171500000000065710992203094065189361572265625,Private room,140,1
"3 Beautiful Units, Onsite Dining, Near Shopping!",468877942,Manhattan,Midtown,40.75268765015177763189058168791234493255615234375,-73.984255342238810726485098712146282196044921875,Private room,1498,1
Take The Family On A Trip To NYC! 3 Awesome Units!,468877942,Manhattan,Midtown,40.7510103683616051739591057412326335906982421875,-73.9860627576313589770506951026618480682373046875,Private room,1498,1
Glam House of dreams,349624917,Manhattan,Harlem,40.82476799999999883539203437976539134979248046875,-73.94117099999999709325493313372135162353515625,Private room,100,1
"Staypineapple New York, Cosmo Connectors",270122518,Manhattan,Hell's Kitchen,40.75435999999999836518327356316149234771728515625,-73.993909999999999627107172273099422454833984375,Private room,287,1
"Staypineapple New York, Cosmo King",270122518,Manhattan,Hell's Kitchen,40.75435999999999836518327356316149234771728515625,-73.993909999999999627107172273099422454833984375,Private room,131,1
Spacious 1-Bedroom Private Room w/ King Size Bed,475699129,Brooklyn,Brighton Beach,40.5825200000000023692336981184780597686767578125,-73.9597299999999933106664684601128101348876953125,Private room,78,1
[Manhattan Heart] 0.5 mile to Time Square/Broadway,248133997,Manhattan,Midtown,40.7612917305246611476832185871899127960205078125,-73.972381912171840667724609375,Private room,129,1
It is a very delicate and safe.,478712063,Bronx,Belmont,40.84913000000000238287611864507198333740234375,-73.8862262999999899193426244892179965972900390625,Private room,63,1
Cosy Living/Bedroom in MANHATTAN 🙏 READ🏠MANUAL,257839699,Manhattan,Washington Heights,40.85235999999999734200173406861722469329833984375,-73.9337000000000017507773009128868579864501953125,Private room,69,1
The Quin by Hilton - Studio,475709628,Manhattan,Midtown,40.76473560591699651922681368887424468994140625,-73.9773830117432993347392766736447811126708984375,Private room,1337,1
"NU Hotel, Accessible Queen w/ Roll In Shower",262224408,Brooklyn,Downtown Brooklyn,40.6978500000000025238477974198758602142333984375,-73.98673999999999750798451714217662811279296875,Private room,544,1
"NU Hotel, NU Perspective Room with Mural",262224408,Brooklyn,Boerum Hill,40.6880799999999993588062352500855922698974609375,-73.987660000000005311449058353900909423828125,Private room,657,1
Lovely Room in the Heart of Brooklyn,417707380,Brooklyn,Crown Heights,40.67108999999999952024154481478035449981689453125,-73.9516899999999992587618180550634860992431640625,Private room,75,1
West 57th Street by Hilton - Studio Plus,475752211,Manhattan,Midtown,40.7645120386824970637462683953344821929931640625,-73.97791174336549602230661548674106597900390625,Private room,367,1
Midtown 45 Resort - 1 Bedroom Suite,475558129,Manhattan,Midtown,40.7526680451804992344477795995771884918212890625,-73.9724844231958940099502797238528728485107421875,Private room,742,1
Midtown 45 Resort - Studio,475558129,Manhattan,Midtown,40.7526680451804992344477795995771884918212890625,-73.9724844231958940099502797238528728485107421875,Private room,593,1
Midtown 45 Resort - Hotel,475558129,Manhattan,Midtown,40.7526680451804992344477795995771884918212890625,-73.9724844231958940099502797238528728485107421875,Private room,593,1
Midtown 45 Resort - 1 Bedroom Suite,475558129,Manhattan,Midtown,40.7526680451804992344477795995771884918212890625,-73.9724844231958940099502797238528728485107421875,Private room,742,1
Midtown 45 Resort - 1 Bedroom Suite,475558129,Manhattan,Midtown,40.7526680451804992344477795995771884918212890625,-73.9724844231958940099502797238528728485107421875,Private room,742,1
Midtown 45 Resort - 1 Bedroom Suite,475558129,Manhattan,Midtown,40.7526680451804992344477795995771884918212890625,-73.9724844231958940099502797238528728485107421875,Private room,742,1
Midtown 45 Resort - Hotel,475558129,Manhattan,Midtown,40.7526680451804992344477795995771884918212890625,-73.9724844231958940099502797238528728485107421875,Private room,593,1
Midtown 45 Resort - Hotel,475558129,Manhattan,Midtown,40.7526680451804992344477795995771884918212890625,-73.9724844231958940099502797238528728485107421875,Private room,593,1
Midtown 45 Resort - Hotel,475558129,Manhattan,Midtown,40.7526680451804992344477795995771884918212890625,-73.9724844231958940099502797238528728485107421875,Private room,593,1
Private Queen bed Jamaica Kew Garden Richmond Hill,200047329,Queens,Richmond Hill,40.703090000000003101376933045685291290283203125,-73.829849999999993315213941968977451324462890625,Private room,70,1
201#Flushing downtown luxury suite,228879817,Queens,Flushing,40.74584999999999723740984336473047733306884765625,-73.832729999999997971826815046370029449462890625,Private room,72,1
Midtown 45 Resort - Hotel,475558129,Manhattan,Midtown,40.7526680451804992344477795995771884918212890625,-73.9724844231958940099502797238528728485107421875,Private room,593,1
Midtown 45 Resort - Hotel,475558129,Manhattan,Midtown,40.7526680451804992344477795995771884918212890625,-73.9724844231958940099502797238528728485107421875,Private room,593,1
The Quin by Hilton - Studio,475709628,Manhattan,Midtown,40.76473560591699651922681368887424468994140625,-73.9773830117432993347392766736447811126708984375,Private room,1337,1
The Quin by Hilton - Studio Plus,475709628,Manhattan,Midtown,40.76473560591699651922681368887424468994140625,-73.9773830117432993347392766736447811126708984375,Private room,1337,1
The Quin by Hilton - Studio Premier,475709628,Manhattan,Midtown,40.76473560591699651922681368887424468994140625,-73.9773830117432993347392766736447811126708984375,Private room,1337,1
The Quin by Hilton - Studio Premier Plus,475709628,Manhattan,Midtown,40.76473560591699651922681368887424468994140625,-73.9773830117432993347392766736447811126708984375,Private room,1337,1
Amanecer espectacular con terraza privada,163421878,Queens,Sunnyside,40.74466000000000320824256050400435924530029296875,-73.9131699999999938199835014529526233673095703125,Private room,55,1
The Crown On Crown,263755555,Brooklyn,Crown Heights,40.6655999999999977490006131120026111602783203125,-73.9557300000000026329871616326272487640380859375,Private room,125,1
"Nice 2-Room near La Guardia Airport,Citi Field",242322561,Queens,East Elmhurst,40.76382000000000260797605733387172222137451171875,-73.8686000000000007048583938740193843841552734375,Private room,60,1
Large Room w pvt bathroom in heart of Williamsburg,47048567,Brooklyn,Williamsburg,40.7112800000000021327650756575167179107666015625,-73.9535000000000053432813729159533977508544921875,Private room,220,1
The Shunammite Room - 2 Kings 4:10,259776956,Brooklyn,Canarsie,40.6306900000000013051248970441520214080810546875,-73.8958999999999974761522025801241397857666015625,Private room,70,1
Studio - Steps from Central Park and Times Square,231281049,Manhattan,Midtown,40.764870000000001937223714776337146759033203125,-73.981189999999998008206603117287158966064453125,Private room,292,1
A place to feel at home,478717835,Staten Island,Mariners Harbor,40.63452000000000197132976609282195568084716796875,-74.16581999999999652573023922741413116455078125,Private room,75,1
Affordable Suite Steps from Central Park,231281049,Manhattan,Midtown,40.764870000000001937223714776337146759033203125,-73.981189999999998008206603117287158966064453125,Private room,269,1
Large private bedroom in 2-bdrm flat/shared  bath,14895284,Brooklyn,Bedford-Stuyvesant,40.68881999999999976580511429347097873687744140625,-73.9507200000000040063241613097488880157470703125,Private room,111,1
Midtown 45 Resort - Hotel,475558129,Manhattan,Midtown,40.7526680451804992344477795995771884918212890625,-73.9724844231958940099502797238528728485107421875,Private room,593,1
Quiet private bedroom with garden balcony,153494,Manhattan,Lower East Side,40.719459999999997990016709081828594207763671875,-73.9863399999999984402165864594280719757080078125,Private room,100,1
Cozy Room Near JFK!!!,417186426,Queens,South Ozone Park,40.6751799999999974488673615269362926483154296875,-73.8165999999999939973349682986736297607421875,Private room,68,1
Jasmine,484906252,Queens,Springfield Gardens,40.6685599999999993769961292855441570281982421875,-73.7599799999999987676346790976822376251220703125,Private room,85,1
Beautiful Private Room in Manhattan Apartment,99991907,Manhattan,Harlem,40.820819999999997662598616443574428558349609375,-73.947550000000006775735528208315372467041015625,Private room,99,1
Your own Private BATHROOM*Nice cozy private room,363403952,Bronx,Baychester,40.87324000000000268073563347570598125457763671875,-73.841579999999993333403836004436016082763671875,Private room,63,1
Spacious room near Columbia University,159142440,Manhattan,Upper West Side,40.80217999999999989313437254168093204498291015625,-73.966509999999999536157702095806598663330078125,Private room,70,1
Lovely 1 bedroom with patio,365166797,Queens,Astoria,40.76252000000000208501660381443798542022705078125,-73.9081900000000047157300286926329135894775390625,Private room,150,1
Green Room,68570119,Manhattan,Washington Heights,40.83158999999999849706000532023608684539794921875,-73.9409399999999976671460899524390697479248046875,Private room,159,1
Beautiful and Comfortable Studio!Apartment,476281829,Bronx,Morris Heights,40.85181180034239645237903459928929805755615234375,-73.91957961022853851318359375,Private room,95,1
City Getaway! Minutes to Rockefeller Center,25138314,Manhattan,Midtown,40.748422305783861929739941842854022979736328125,-73.987452543646071490002213977277278900146484375,Private room,271,1
"Cheerful three bedroom home 
Modern rooms
New",486827448,Brooklyn,Kensington,40.641921400000001085572876036167144775390625,-73.9715817000000015468685887753963470458984375,Private room,150,1
Cozy Brooklyn Art Apartment,21182556,Brooklyn,Bushwick,40.700299999999998590283212251961231231689453125,-73.920029999999997016857378184795379638671875,Private room,140,1
Comfy One Bedroom,486824757,Brooklyn,Canarsie,40.6332900000000023510438040830194950103759765625,-73.9187199999999933197614154778420925140380859375,Private room,60,1
Cozy room-near LGA &Citi Field,242322561,Queens,East Elmhurst,40.763249999999999317878973670303821563720703125,-73.8618900000000024874680093489587306976318359375,Private room,60,1
5 mins from subway 20 mins to Manhattan 420,26090217,Brooklyn,Bushwick,40.6907599999999973761077853851020336151123046875,-73.90408999999999650754034519195556640625,Private room,64,1
private bedroom in a 2BR Unit in Central Harlem,10933956,Manhattan,Harlem,40.80787000000000119825926958583295345306396484375,-73.9448000000000007503331289626657962799072265625,Private room,120,1
Best Manhattan location & room for the price!,7883985,Manhattan,Upper East Side,40.77194999999999680539986002258956432342529296875,-73.9572600000000051068127504549920558929443359375,Private room,99,1
Room and office on waterfront across from midtown.,127203228,Queens,Long Island City,40.74298651160729178855035570450127124786376953125,-73.9553944766521453857421875,Private room,150,1
"Ready Now, prize drop Large private nice room",363403952,Bronx,Baychester,40.8753999999999990677679306827485561370849609375,-73.8417500000000046611603465862572193145751953125,Private room,55,1
Walk to New World Mall. #7 Subway Main St.Flushing,110058188,Queens,Flushing,40.763339999999999463398125953972339630126953125,-73.8251599999999967849362292326986789703369140625,Private room,59,1
1 bedroom in newly renovated apartment,67054959,Manhattan,Harlem,40.8236500000000006593836587853729724884033203125,-73.9424499999999937926986603997647762298583984375,Private room,70,1
Cozy and charming room in Queens,140599227,Queens,Forest Hills,40.7325000000000017053025658242404460906982421875,-73.8524100000000061072569224052131175994873046875,Private room,79,1
Bedroom bk Minimalist,266577166,Brooklyn,Bushwick,40.69877000000000322188498103059828281402587890625,-73.9154199999999974579623085446655750274658203125,Private room,45,1
Cozy Room in DT Near Subway St -5 Min Walk,444681334,Manhattan,Two Bridges,40.71157000000000181216819328255951404571533203125,-73.99380999999999630745151080191135406494140625,Private room,87,1
Cozy Room in Downtown Near Subway St -5 Min Walk,444681334,Manhattan,Two Bridges,40.71271999999999735564415459521114826202392578125,-73.9955599999999975580067257396876811981201171875,Private room,91,1
Lou's Palace & Retreat 1-so much for so little,228415932,Queens,Rosedale,40.6560199999999980491338646970689296722412109375,-73.74245999999999412466422654688358306884765625,Private room,56,1
Comfortable Nights Stay Near Yankee Stadium,31805306,Bronx,Highbridge,40.83496000000000236695996136404573917388916015625,-73.9284099999999995134203345514833927154541015625,Private room,39,1
JFK COMFY RM FOR TRAVEL Room 6,232251881,Queens,Springfield Gardens,40.6664200000000022328094928525388240814208984375,-73.784279999999995425241650082170963287353515625,Private room,63,1
"Artsy one bedroom (Subway, JFK, and LGA) 1",483205753,Queens,Richmond Hill,40.7052800000000019053914002142846584320068359375,-73.8178400000000038971847970969974994659423828125,Private room,57,1
"Artsy one bedroom (Subway, JFK, and LGA) 2",483205753,Queens,Kew Gardens,40.70506999999999919737092568539083003997802734375,-73.8199800000000010413714335300028324127197265625,Private room,57,1
"Eclectic room with AC, laundry, gym & rooftop",179017459,Brooklyn,Williamsburg,40.7107799999999997453414835035800933837890625,-73.9390700000000009595169103704392910003662109375,Private room,99,1
1-Bedroom Shared Apt East Harlem(Female Only),352501846,Manhattan,East Harlem,40.79013070899963366855445201508700847625732421875,-73.9402215600094905312289483845233917236328125,Private room,79,1
A true NYC experience  ( shabby chic ),10529251,Manhattan,Upper East Side,40.77680000000000148929757415316998958587646484375,-73.9612800000000021327650756575167179107666015625,Private room,118,1
Contemporary room nearby NYC major airports,356966392,Queens,Jamaica,40.68147309999999805540937813930213451385498046875,-73.7920826000000005251422408036887645721435546875,Private room,42,1
Entire Studio Apartment with Patio in Prime Locale,313661879,Manhattan,East Village,40.72288999999999958845364744774997234344482421875,-73.9845499999999987039700499735772609710693359375,Private room,145,1
Lovely Sunset Park Zen Large Room,48636660,Brooklyn,Sunset Park,40.646580000000000154614099301397800445556640625,-74.0172400000000010322764865122735500335693359375,Private room,86,1
Judgement Free Zone 1Room. Creative Space,424608315,Brooklyn,Brownsville,40.66633999999999815599949215538799762725830078125,-73.903580000000005156834959052503108978271484375,Private room,90,1
Great! Private NYC Room in Sunnyside,58234433,Queens,Sunnyside,40.7349999999999994315658113919198513031005859375,-73.9198899999999952115103951655328273773193359375,Private room,43,1
A Very Cozy Bedroom with a Desk,488282340,Brooklyn,Dyker Heights,40.6297799999999966757968650199472904205322265625,-74.00983999999999696228769607841968536376953125,Private room,44,1
Charming Private Room 25 mins to Manhattan,215488365,Brooklyn,Crown Heights,40.67627999999999843794284970499575138092041015625,-73.9291999999999944748196867294609546661376953125,Private room,59,1
"Look No Further! 4 Comfortable Units, Pets Allowed",25138314,Manhattan,Midtown,40.7475299999999975852915667928755283355712890625,-73.985410000000001673470251262187957763671875,Private room,1097,1
Private cozy room w/ TV,293491218,Queens,Flushing,40.76100999999999885403667576611042022705078125,-73.7981999999999942474460112862288951873779296875,Private room,40,1
A Unique Gem in the Heart of New York City!,174792040,Manhattan,Murray Hill,40.7490499999999968849806464277207851409912109375,-73.977810000000005175024853087961673736572265625,Private room,286,1
Catch A Show On Broadway! 4 Relaxing Units,25138314,Manhattan,Midtown,40.74665999999999854708221391774713993072509765625,-73.987300000000004729372449219226837158203125,Private room,1124,1
Oldie but goodie,488323459,Brooklyn,Boerum Hill,40.68662570000000044956323108635842800140380859375,-73.989637299999998276689439080655574798583984375,Private room,102,1
"Habitación privada en Queens, JH",485492389,Queens,Jackson Heights,40.7531699999999972305886331014335155487060546875,-73.89262999999999692590790800750255584716796875,Private room,71,1
Relax and Unwind! Steps to Chrysler Building!,174792040,Manhattan,Murray Hill,40.7508600000000029695002012886106967926025390625,-73.978239999999999554347596131265163421630859375,Private room,286,1
Relax and Recharge! 4 Pet-friendly Units,25138314,Manhattan,Midtown,40.74714999999999776036929688416421413421630859375,-73.98754999999999881765688769519329071044921875,Private room,1086,1
"Small, Cozy room in Central Harlem neighborhood",67395042,Manhattan,Harlem,40.82269000000000147565515362657606601715087890625,-73.9414199999999937062966637313365936279296875,Private room,66,1
Prime Location! 4 Units Near Top of the Rock!,25138314,Manhattan,Midtown,40.74864000000000174850356415845453739166259765625,-73.985860000000002401066012680530548095703125,Private room,1086,1
Cozy Private Room in Chelsea,159355723,Manhattan,Chelsea,40.74566999999999694637153879739344120025634765625,-74.00060999999999467036104761064052581787109375,Private room,141,1
Luxe Queen Room | 5 Mins Away From Time Square,480637402,Manhattan,Theater District,40.7568600000000031968738767318427562713623046875,-73.9830299999999994042809703387320041656494140625,Private room,282,1
Spacious Luxury King Bed Room,261761196,Manhattan,Midtown,40.76462000000000074351191869936883449554443359375,-73.9831899999999933470462565310299396514892578125,Private room,227,1
Stylish Private 1 Bedroom rental nearby MTA buses,334611519,Queens,Flushing,40.7556299999999964711605571210384368896484375,-73.8050400000000053069015848450362682342529296875,Private room,55,1
Nice Studio in Astoria 10 minutes from Manhattan,278991522,Queens,Long Island City,40.7597999999999984765963745303452014923095703125,-73.9322800000000057707438827492296695709228515625,Private room,69,1
"One master bedroom near Q10,Q24 BUS STOP, A train",179951095,Queens,Richmond Hill,40.69003000000000014324541552923619747161865234375,-73.8213200000000000500222085975110530853271484375,Private room,120,1
Brand new Queen Bed in master room near Columbia,68967630,Manhattan,Upper West Side,40.8037599999999969213604344986379146575927734375,-73.9658500000000032059688237495720386505126953125,Private room,102,1
Lovely Private Bedroom in Brooklyn,77153524,Brooklyn,Sheepshead Bay,40.6083899999999999863575794734060764312744140625,-73.9561499999999938381733954884111881256103515625,Private room,77,1
"Quiet, Safe, Clean Room",258461766,Queens,Flushing,40.749020000000001573425834067165851593017578125,-73.82161999999999579813447780907154083251953125,Private room,75,1
HARLEM CLEAN & COMFY SPACE,227021565,Manhattan,Harlem,40.82690000000000196678229258395731449127197265625,-73.9390800000000041336534195579588413238525390625,Private room,35,1
"Private room Lovely in Queens, NYC",343192493,Queens,East Elmhurst,40.75715000000000287627699435688555240631103515625,-73.89479000000000041836756281554698944091796875,Private room,55,1
Affordable room close to the bronx zoo.,481108277,Bronx,Wakefield,40.8982400000000012596501619555056095123291015625,-73.858710000000002082742867060005664825439453125,Private room,89,1
Brand New Luxury Apartment by Prospect Park,6080024,Brooklyn,Flatbush,40.654189999999999827196006663143634796142578125,-73.9575399999999945066520012915134429931640625,Private room,75,1
Beautiful private room in Brooklyn,22283291,Brooklyn,Bedford-Stuyvesant,40.68760999999999938836481305770576000213623046875,-73.921009999999995443431544117629528045654296875,Private room,51,1
SoBro high rise luxury rental with a view,50207115,Bronx,Mott Haven,40.809359999999998080966179259121417999267578125,-73.9295000000000044337866711430251598358154296875,Private room,600,1
Private room in Queen NY,474215514,Queens,Forest Hills,40.7330299999999994042809703387320041656494140625,-73.8487300000000033151081879623234272003173828125,Private room,64,1
Exclusive Private Room 820 | Shared Bathroom Only,401202937,Manhattan,Midtown,40.747759999999999536157702095806598663330078125,-73.9866099999999988767740433104336261749267578125,Private room,59,1
Nice king room in Manhattan.,380511537,Manhattan,Harlem,40.8265243999999967172698234207928180694580078125,-73.94982360000000198851921595633029937744140625,Private room,53,1
Room#1A,424334449,Queens,Jamaica,40.6754499999999978854248183779418468475341796875,-73.794569999999993115125107578933238983154296875,Private room,54,1
cozy room on Brighton Beach,250263013,Brooklyn,Brighton Beach,40.5788500000000027512214728631079196929931640625,-73.96526000000000067302607931196689605712890625,Private room,84,1
Cozy  Brooklyn home 0,25537142,Brooklyn,Cypress Hills,40.68721000000000032059688237495720386505126953125,-73.8722700000000003228706191293895244598388671875,Private room,28,1
Rustic chic garden bedroom w private bathroom,191552674,Queens,Long Island City,40.76118000000000307636582874692976474761962890625,-73.9300400000000053069015848450362682342529296875,Private room,119,1
Apartamento cerca a La Guardia Airport,99665421,Queens,East Elmhurst,40.757080000000001973603502847254276275634765625,-73.894800000000003592504072003066539764404296875,Private room,65,1
"Convenient Stay, Superb Location! 3 Classy Units",25138314,Manhattan,Midtown,40.7471699999999970032149576582014560699462890625,-73.985510000000004993125912733376026153564453125,Private room,815,1
家庭式旅馆獨立衛生間套房K,225889604,Queens,Flushing,40.76337000000000188038029591552913188934326171875,-73.829440000000005284164217300713062286376953125,Private room,95,1
Super cozy apartment minutes away from Downtown BK,318811385,Brooklyn,Crown Heights,40.67358999999999724650479038245975971221923828125,-73.9108499999999963847585604526102542877197265625,Private room,120,1
Big Apple Getaway! Steps to Empire State Bldg.!,25138314,Manhattan,Midtown,40.7489800000000030877345125190913677215576171875,-73.98745999999999867213773541152477264404296875,Private room,213,1
Pet-friendly Property Close to Rockefeller Center!,25138314,Manhattan,Midtown,40.746278013454912070301361382007598876953125,-73.9870229000260763996266177855432033538818359375,Private room,366,1
Comfort and Convenience! Walk to Bryant Park!,174792040,Manhattan,Murray Hill,40.7491399999999970304997987113893032073974609375,-73.9778199999999941383066470734775066375732421875,Private room,286,1
Lovely 1 Snug bdrm- inside 3bed Apt. Washer/Dryer!,79326114,Manhattan,Upper East Side,40.78096000000000032059688237495720386505126953125,-73.945750000000003865352482534945011138916015625,Private room,84,1
Cozy queen bed with high speed internet,393076353,Brooklyn,East Flatbush,40.65285999999999688725438318215310573577880859375,-73.913870000000002846718416549265384674072265625,Private room,67,1
Cozy bedroom in Manhattan,92523302,Manhattan,East Harlem,40.79207000000000249428921961225569248199462890625,-73.946879999999993060555425472557544708251953125,Private room,120,1
The Residences by Hilton - Studio,475766934,Manhattan,Midtown,40.76225551428940008236168068833649158477783203125,-73.979074156966504460797295905649662017822265625,Private room,504,1
Room available with Twin bed,213652721,Brooklyn,Fort Hamilton,40.621795800000001008811523206532001495361328125,-74.032008300000001099760993383824825286865234375,Private room,52,1
Private Bedroom in Newly Renovated Apartment,25697284,Brooklyn,Flatbush,40.6425100000000014688339433632791042327880859375,-73.96035000000000536601874046027660369873046875,Private room,79,1
"Knockout townhouse, large bedroom and backyard",486957891,Bronx,Fordham,40.86070399999999835927155800163745880126953125,-73.9016769999999922902134130708873271942138671875,Private room,49,1
Lovely private room in the Bronx,446026882,Bronx,Belmont,40.85150569999999703441062592901289463043212890625,-73.8952110999999973728336044587194919586181640625,Private room,120,1
West 57th Street by Hilton - Studio,475752211,Manhattan,Midtown,40.7645120386824970637462683953344821929931640625,-73.97791174336549602230661548674106597900390625,Private room,367,1
Home away from home lodging #1  (1  Full bed),225790094,Brooklyn,East Flatbush,40.6499400000000008503775461576879024505615234375,-73.92874000000000478394213132560253143310546875,Private room,48,1
1 Bedroom 3 beds for 4 in House,440957041,Brooklyn,Canarsie,40.638880000000000336513039655983448028564453125,-73.89897999999999456122168339788913726806640625,Private room,264,1
Bright and spacious townhouse room,461769511,Bronx,Fordham,40.85555000000000092086338554508984088897705078125,-73.8997200000000020736479200422763824462890625,Private room,59,1
Cozy and affordable townhouse,461769511,Bronx,Fordham,40.8553399999999982128429110161960124969482421875,-73.898719999999997298800735734403133392333984375,Private room,49,1
Large Private room w/ TV and walk in closet,293491218,Queens,Flushing,40.76093999999999795136318425647914409637451171875,-73.7978399999999936653694021515548229217529296875,Private room,53,1
One bedroom apt,65785703,Brooklyn,Bushwick,40.699129999999996698534232564270496368408203125,-73.932649999999995316102285869419574737548828125,Private room,90,1
"Ranch House, Three Bedrooms with Living Basement",487186006,Queens,Jamaica,40.68184000000000111185727291740477085113525390625,-73.7762699999999966848918120376765727996826171875,Private room,60,1
Gorgeous Room & shared Bathroom,485014634,Bronx,Morris Heights,40.8477716000000015128534869290888309478759765625,-73.92104630000000042855390347540378570556640625,Private room,46,1
Your Home Away From Home! 3 Comfortable Units,25138314,Manhattan,Midtown,40.748919999999998253770172595977783203125,-73.9875100000000003319655661471188068389892578125,Private room,843,1
Zenful and artistic apartment home,227385012,Brooklyn,Bedford-Stuyvesant,40.68695000000000305817593471147119998931884765625,-73.9516799999999960846253088675439357757568359375,Private room,51,1
The Bronx Gem,108960673,Bronx,Fieldston,40.88790999999999797864802530966699123382568359375,-73.906959999999997990016709081828594207763671875,Private room,85,1
Sean Cozy Room In Brooklyn On A Dead End Block,31039254,Brooklyn,East Flatbush,40.6490399999999993951860233210027217864990234375,-73.935169999999999390638549812138080596923828125,Private room,80,1
Queen Size Stay at Boutique Hotel Times SQ.,394817730,Manhattan,Theater District,40.76151999999999731016941950656473636627197265625,-73.98547999999999547071638517081737518310546875,Private room,196,1
Spacious Suite in Manhattan,224976669,Manhattan,Midtown,40.75553000000000025693225325085222721099853515625,-73.970969999999994115569279529154300689697265625,Private room,400,1
"Modern, cozy townhouse",486957891,Bronx,Fordham,40.86070399999999835927155800163745880126953125,-73.9016769999999922902134130708873271942138671875,Private room,48,1
LG King bed PrivateRoom Central Astoria close city,191552674,Queens,Long Island City,40.7592700000000007776179700158536434173583984375,-73.9286299999999982901499606668949127197265625,Private room,129,1
Experience Serernity~Hamilton Heights,178473107,Manhattan,Harlem,40.8305399999999991678123478777706623077392578125,-73.946920000000005757101462222635746002197265625,Private room,165,1
Hendrix Upstairs Oasis Rm #4,105878573,Brooklyn,East New York,40.6657500000000027284841053187847137451171875,-73.889049999999997453414835035800933837890625,Private room,50,1
The BedStuy Artist Haven,124985291,Brooklyn,Bedford-Stuyvesant,40.67781000000000091176843852736055850982666015625,-73.92495999999999867213773541152477264404296875,Private room,85,1
Safe&lively!Many restaurants. Close Time Square,221839786,Manhattan,Hell's Kitchen,40.76238000000000027966962079517543315887451171875,-73.99407999999999674400896765291690826416015625,Private room,137,1
Short Drive to Metropolitan Museum of Art!,25138314,Manhattan,Midtown,40.74610318299810529651949764229357242584228515625,-73.9866418232233939988873316906392574310302734375,Private room,273,1
"Catch A Show On Broadway, Just Minutes Away!",25138314,Manhattan,Midtown,40.74773402412311185116777778603136539459228515625,-73.9854737714101275969369453378021717071533203125,Private room,273,1
Cozy Private Room Walking distance to Times Square,434325396,Manhattan,Hell's Kitchen,40.765025199999996630140230990946292877197265625,-73.9937773999999990337528288364410400390625,Private room,100,1
Hendrix Upstairs Oasis Rm #3,105878573,Brooklyn,East New York,40.66698999999999841747921891510486602783203125,-73.889150000000000773070496506989002227783203125,Private room,50,1
Private Room In Brooklyn! Fit for travelers!,426952784,Brooklyn,Crown Heights,40.6732099999999974215825204737484455108642578125,-73.9215999999999979763742885552346706390380859375,Private room,65,1
Convenience to JFK,249757880,Queens,Laurelton,40.675960000000003446984919719398021697998046875,-73.7476400000000040790837374515831470489501953125,Private room,45,1
Hendrix Upstairs Oasis Rm #2,105878573,Brooklyn,East New York,40.66543999999999670080796931870281696319580078125,-73.888790000000000190993887372314929962158203125,Private room,50,1
A neat bedroom in a cozy 3-bedroom apartment,227179489,Manhattan,Roosevelt Island,40.7633000000000009777068044058978557586669921875,-73.9499200000000058707882999442517757415771484375,Private room,98,1
"Pleasant Stay, Convenient Location! 3 Classy Units",25138314,Manhattan,Midtown,40.7469899999999967121766530908644199371337890625,-73.9868900000000024874680093489587306976318359375,Private room,823,1
Private room near McCarren Park.,1136724,Brooklyn,Greenpoint,40.7270497272137816935355658642947673797607421875,-73.9474965837850533034725231118500232696533203125,Private room,88,1
Nice Cozy Bedroom in Greenpoint,381884891,Brooklyn,Greenpoint,40.72957999999999856299837119877338409423828125,-73.956850000000002864908310584723949432373046875,Private room,160,1
"Relax and Recharge! 3 Relaxing Units, Pets Allowed",25138314,Manhattan,Midtown,40.74839999999999662350091966800391674041748046875,-73.9854500000000001591615728102624416351318359375,Private room,843,1
Comfy Oasis In Exceptionally Convenient Area,41217631,Manhattan,Chinatown,40.71462999999999965439201332628726959228515625,-73.998729999999994788595358841121196746826171875,Private room,65,1
Hudson Yard - Bright Double Double  Room,224414117,Manhattan,Hell's Kitchen,40.756540000000001100488589145243167877197265625,-73.9969999999999998863131622783839702606201171875,Private room,240,1
Great Relaxing Stay! Three Pet-friendly Units!,25138314,Manhattan,Midtown,40.7470100000000030604496714659035205841064453125,-73.9875200000000035061020753346383571624755859375,Private room,815,1
"Prime Location! 3 Relaxing Units, Pets Allowed",25138314,Manhattan,Midtown,40.7486999999999994770405464805662631988525390625,-73.985510000000004993125912733376026153564453125,Private room,815,1
NYC Astoria LaGuardia #2 Wide PrivateRoom King Bed,431507708,Queens,Ditmars Steinway,40.7786377999999984922396834008395671844482421875,-73.90726829999999836218194104731082916259765625,Private room,85,1
NYC Astoria LaGuardia #3 Wide PrivateRoom King Bed,431507708,Queens,Ditmars Steinway,40.77969999999999828332875040359795093536376953125,-73.90793999999999641659087501466274261474609375,Private room,85,1
NYC Astoria LaGuardia #4 Very Tiny Room Single Bed,431507708,Queens,Ditmars Steinway,40.77770000000000294448909698985517024993896484375,-73.90760000000000218278728425502777099609375,Private room,65,1
NYC Astoria LaGuardia #5 Small PrivateRoom KingBed,431507708,Queens,Ditmars Steinway,40.7795899999999988949639373458921909332275390625,-73.9084399999999988040144671685993671417236328125,Private room,85,1
Lovely room in the heart of Greenpoint,112871914,Brooklyn,Greenpoint,40.7341503089475196475177654065191745758056640625,-73.956638875608433636443805880844593048095703125,Private room,100,1
Beatiful private room - Brooklyn,455397819,Brooklyn,Bay Ridge,40.635210000000000718500814400613307952880859375,-74.02415999999999485225998796522617340087890625,Private room,105,1
Exclusive Private Room 628 | Shared Bathroom Only,401202937,Manhattan,Midtown,40.74615000000000009094947017729282379150390625,-73.9888799999999946521711535751819610595703125,Private room,57,1
家庭式單間雙人床K,225889604,Queens,Flushing,40.76489000000000118006937555037438869476318359375,-73.8295399999999943929651635698974132537841796875,Private room,66,1
"Near LGA and JFK airport 
Small Cozy Room",194377255,Queens,East Elmhurst,40.76163999999999987267074175179004669189453125,-73.882689999999996643964550457894802093505859375,Private room,55,1
1 Private Bedroom Rental In Queens near MTA Bus,334611519,Queens,Flushing,40.75592999999999932470018393360078334808349609375,-73.80504999999999427018337883055210113525390625,Private room,55,1
Lovely private bedroom with city views,487604591,Queens,Long Island City,40.76344000000000278305378742516040802001953125,-73.94155000000000654836185276508331298828125,Private room,95,1
Cozy Private Room in Chelsea,159355723,Manhattan,Chelsea,40.7438599999999979672793415375053882598876953125,-73.99954999999999927240423858165740966796875,Private room,183,1
Ranch House - Basement Studio,487186006,Queens,Jamaica,40.68295590000000316877049044705927371978759765625,-73.7778981000000015910700312815606594085693359375,Private room,60,1
"Sunny, Spacious Private BR in East Village!",21430239,Manhattan,East Village,40.72999999999999687361196265555918216705322265625,-73.9876100000000036516212276183068752288818359375,Private room,99,1
Explore the City! Minutes to Statue of Liberty!,174792040,Manhattan,Murray Hill,40.75045999999999679630491300486028194427490234375,-73.976439999999996643964550457894802093505859375,Private room,284,1
Comfy Private room in Luxury home backyard patio,428733045,Bronx,Pelham Gardens,40.8625200000000035061020753346383571624755859375,-73.834599999999994679455994628369808197021484375,Private room,45,1
Private Room in The Heart of NYC,216339550,Manhattan,Hell's Kitchen,40.75656000000000034333424991928040981292724609375,-73.9914299999999940382622298784554004669189453125,Private room,93,1
*PRIVATE* Big Bedroom 20 minutes from Manhattan,65671256,Queens,Jackson Heights,40.7556799999999981309883878566324710845947265625,-73.8579299999999960846253088675439357757568359375,Private room,68,1
Midtown 45 Resort - 2 Bed,475558129,Manhattan,Midtown,40.7526680451804992344477795995771884918212890625,-73.9724844231958940099502797238528728485107421875,Private room,889,1
"San Carlos Hotel Deluxe Rm - 2 Queen Bds, up to 4.",173685298,Manhattan,Midtown,40.755910000000000081854523159563541412353515625,-73.9715699999999998226485331542789936065673828125,Private room,369,1
The Escapade,483770088,Brooklyn,Flatlands,40.62391459999999909769030637107789516448974609375,-73.929122599999999465580913238227367401123046875,Private room,80,1
High ceiling East Village private room,20170845,Manhattan,East Village,40.72274999999999778310666442848742008209228515625,-73.9797200000000003683453542180359363555908203125,Private room,105,1
Look No Further! Pet-friendly Unit in New York!,174792040,Manhattan,Theater District,40.7559499999999985675458447076380252838134765625,-73.9851599999999933743310975842177867889404296875,Private room,507,1
Ericsson 1-room near LGA,242322561,Queens,East Elmhurst,40.76324819999999959918568492867052555084228515625,-73.86462560000001076332409866154193878173828125,Private room,55,1
Just What You Were Looking For! Pets Allowed,174792040,Manhattan,Theater District,40.75534999999999996589394868351519107818603515625,-73.9853700000000031877789297141134738922119140625,Private room,515,1
Bushwick Brooklyn Grand Bedroom,131476075,Brooklyn,Bushwick,40.68554000000000314685166813433170318603515625,-73.9136199999999945475792628712952136993408203125,Private room,64,1
UES private bedroom in shared apartment,17272284,Manhattan,Upper East Side,40.7653600000000011505107977427542209625244140625,-73.9585100000000039699443732388317584991455078125,Private room,98,1
Convenient Stay in New York! Pet-Friendly Property,174792040,Manhattan,Theater District,40.7557699999999982765075401403009891510009765625,-73.983689999999995734469848684966564178466796875,Private room,507,1
BestMove new cozy 1 BDRM near JFK & Casino NYC LGA,220129825,Queens,Jamaica,40.67264999999999730562194599770009517669677734375,-73.7808500000000009322320693172514438629150390625,Private room,88,1
Ericsson 2-room near LGAirport,242322561,Queens,East Elmhurst,40.7623099999999993769961292855441570281982421875,-73.8639699999999947976903058588504791259765625,Private room,60,1
Charming one bedroom in boutique hotel,145957100,Manhattan,Midtown,40.76552000000000219870344153605401515960693359375,-73.982249999999993406163412146270275115966796875,Private room,479,1
Private Room 723|Shared Bathroom,401202937,Manhattan,Midtown,40.74824000000000268073563347570598125457763671875,-73.9885199999999940700945444405078887939453125,Private room,46,1
Ericsson 3-room near LGAirport,242322561,Queens,East Elmhurst,40.76238000000000027966962079517543315887451171875,-73.8643200000000064164851210080087184906005859375,Private room,55,1
"Sunny Artist Loft w/ Plants in Bushwick, Brooklyn",5792120,Brooklyn,Bushwick,40.70761999999999858346200198866426944732666015625,-73.922280000000000654836185276508331298828125,Private room,88,1
Cozy Private bedroom in a Luxury Home - NYC,369602375,Brooklyn,Bushwick,40.6914900000000017143975128419697284698486328125,-73.9166500000000041836756281554698944091796875,Private room,52,1
"Cozy, Sunny Bedroom near Times Square/hk",67186748,Manhattan,Hell's Kitchen,40.75919999999999987494447850622236728668212890625,-73.994089999999999918145476840436458587646484375,Private room,195,1
Perfect - Beautiful Bed Stuy Apartment,488255635,Brooklyn,Bedford-Stuyvesant,40.6926073999999999841747921891510486602783203125,-73.94147409999999354113242588937282562255859375,Private room,150,1
East Elmhurst  Rear Walk-in Masterbedroom,219333557,Queens,East Elmhurst,40.7608800000000002228262019343674182891845703125,-73.8688599999999979672793415375053882598876953125,Private room,51,1
JAD Hosts Sunburst Room,488242825,Brooklyn,Crown Heights,40.6683799999999990859578247182071208953857421875,-73.94968000000000074578565545380115509033203125,Private room,97,1
Amplia habitación en el Bronx.,487896351,Bronx,Fordham,40.852480100000008178540156222879886627197265625,-73.9025003999999938741893856786191463470458984375,Private room,44,1
"Pleasant Stay! 3 Relaxing Units, Near Bryant Park",25138314,Manhattan,Midtown,40.7469200000000029149305191822350025177001953125,-73.985600000000005138645065017044544219970703125,Private room,852,1
The BedStuy Artist Haven 2,124985291,Brooklyn,Crown Heights,40.676839999999998553903424181044101715087890625,-73.9245800000000059526428231038153171539306640625,Private room,85,1
The Cozy Room,481150531,Brooklyn,Canarsie,40.6496700000000004138200893066823482513427734375,-73.8981899999999995998223312199115753173828125,Private room,100,1
Your Home Away From Home! 3 Convenient Units!,25138314,Manhattan,Midtown,40.7489800000000030877345125190913677215576171875,-73.9869000000000056616045185364782810211181640625,Private room,872,1
Nice and clean building and apartment,481431538,Brooklyn,Gravesend,40.58524440000000055306372814811766147613525390625,-73.968907099999995580219547264277935028076171875,Private room,175,1
Modern Spacious Room in Loft with Rooftop,2930482,Queens,Ridgewood,40.699939999999998008206603117287158966064453125,-73.89861999999999397914507426321506500244140625,Private room,60,1
Convenient room,195086252,Brooklyn,Cypress Hills,40.6767899999999968940755934454500675201416015625,-73.8931400000000024874680093489587306976318359375,Private room,65,1
Habitacion amplia y muy acogedora.,481048164,Queens,Maspeth,40.73637000000000085719875642098486423492431640625,-73.8973500000000029785951483063399791717529296875,Private room,130,1
Big Apple Getaway! 4 Units Near Times Square!,174792040,Manhattan,Theater District,40.7572899999999975761966197751462459564208984375,-73.98529999999999517967808060348033905029296875,Private room,2057,1
Private Bedroom in Manhattan,53725579,Manhattan,Washington Heights,40.84322999999999836973074707202613353729248046875,-73.9388699999999943202055874280631542205810546875,Private room,57,1
Apartamento acogedor y bien conectado,277690245,Queens,Richmond Hill,40.6801999999999992496668710373342037200927734375,-73.820210000000002992237568832933902740478515625,Private room,60,1
Bedroom with private bathroom in Ridgewood loft,24438122,Queens,Ridgewood,40.70763000000000175759851117618381977081298828125,-73.9116599999999976944309310056269168853759765625,Private room,80,1
Private room with private bath in New York,13794148,Queens,Long Island City,40.74956999999999851524989935569465160369873046875,-73.9402000000000043655745685100555419921875,Private room,276,1
Private Room1 in a Beautiful Neighborhood closeJFK,330196322,Queens,Richmond Hill,40.6865600000000000591171556152403354644775390625,-73.81439000000000305590219795703887939453125,Private room,76,1
Spacious 1BR Suite UWS Near Subways Columbia Uni,146116263,Manhattan,Morningside Heights,40.80360999999999904730429989285767078399658203125,-73.9648300000000062937033362686634063720703125,Private room,131,1
"Nice private, quiet bedroom to spend a good time",484962232,Bronx,Wakefield,40.8959100000000006502887117676436901092529296875,-73.8542800000000028148861019872128963470458984375,Private room,145,1
Amazing 1 bedroom in a 4 bedroom apartment.,480391007,Brooklyn,Bushwick,40.69382999999999839246811461634933948516845703125,-73.92279999999999517967808060348033905029296875,Private room,200,1
"Nice 1-Room near LGA, Citi Field, Manhattan",242322561,Queens,East Elmhurst,40.76554999999999751025825389660894870758056640625,-73.8675300000000021327650756575167179107666015625,Private room,60,1
Lovely one bedroom space in Brooklyn,308334258,Brooklyn,Crown Heights,40.6763499999999993406163412146270275115966796875,-73.9599299999999999499777914024889469146728515625,Private room,63,1
"Entire 1 b-R apartment in bk,35 mins From 42 st",483327588,Brooklyn,Crown Heights,40.66705999999999932015271042473614215850830078125,-73.9527700000000010049916454590857028961181640625,Private room,105,1
San Carlos Hotel Executive Junior Suite- up to 4,173685298,Manhattan,Midtown,40.75534999999999996589394868351519107818603515625,-73.9723699999999979581843945197761058807373046875,Private room,399,1
Luxury Private room + Bath 15mins to Times Square,34431283,Queens,Long Island City,40.75216000000000349245965480804443359375,-73.93975000000000363797880709171295166015625,Private room,201,1
Private Room1 near JFK airport,477160462,Queens,South Ozone Park,40.6689999999999969304553815163671970367431640625,-73.8013299999999929923433228395879268646240234375,Private room,65,1
PS4 Queen Tv Bed 420 Fridge Wifi Bus JFK Train,141645843,Queens,Jamaica,40.682040000000000645741238258779048919677734375,-73.79680999999999357896740548312664031982421875,Private room,64,1
Lily of the Nile,484906252,Queens,Springfield Gardens,40.66700999999999766032487968914210796356201171875,-73.7616100000000045611159293912351131439208984375,Private room,100,1
Manhattan Getaway,243509504,Manhattan,Upper West Side,40.7814300000000002910383045673370361328125,-73.9799799999999976307663018815219402313232421875,Private room,2100,1
Stunning Deluxe King,212484716,Manhattan,Tribeca,40.71641000000000332192939822562038898468017578125,-74.0096800000000030195224098861217498779296875,Private room,299,1
A#Flushing luxury suite in basement with window,228879817,Queens,Flushing,40.74380000000000023874235921539366245269775390625,-73.8335100000000039699443732388317584991455078125,Private room,75,1
MALE or COUPLE can ride free ferry manhattan&back!,244544373,Staten Island,St. George,40.6379400000000003956301952712237834930419921875,-74.0827100000000058344085118733346462249755859375,Private room,70,1
Private room in Astoria near LGA,242737046,Queens,Astoria,40.77227260000000086392901721410453319549560546875,-73.924302299999993692836142145097255706787109375,Private room,75,1
Bird of paradise,484906252,Queens,Springfield Gardens,40.66821999999999803776518092490732669830322265625,-73.7611700000000070076566771604120731353759765625,Private room,115,1
Comfort home in the Bronx,374604891,Bronx,Morrisania,40.82951349999999735018718638457357883453369140625,-73.902754899999990811920724809169769287109375,Private room,125,1
Cozy Brooklyn Home 2A,25537142,Brooklyn,Cypress Hills,40.687669999999997116901795379817485809326171875,-73.870440000000002100932761095464229583740234375,Private room,41,1
bedroom with a shared bath in Queens College Point,480054909,Queens,College Point,40.78746000000000293539414997212588787078857421875,-73.841309999999992896846379153430461883544921875,Private room,80,1
"By JFK airport, cozy, private bathroom & entrance",240203470,Queens,Jamaica,40.67831000000000329919203068129718303680419921875,-73.7999899999999939836925477720797061920166015625,Private room,49,1
"Artsy one bedroom  (Subway, JFK, and LGA) 3",22730283,Queens,Richmond Hill,40.70448970000000343816282111220061779022216796875,-73.8189627000000001544322003610432147979736328125,Private room,59,1
"XL clean room in Manhattan, 1 block from subway!",36323224,Manhattan,Washington Heights,40.8464799999999996771293808706104755401611328125,-73.9397100000000051522874855436384677886962890625,Private room,96,1
"Minutes from JFK, Cosy room with full size bed",434292556,Queens,Springfield Gardens,40.6871799999999979036147124134004116058349609375,-73.758049999999997226041159592568874359130859375,Private room,89,1
"Beautiful unit, great location.",61408134,Manhattan,Upper East Side,40.77266999999999796955307829193770885467529296875,-73.9488199999999977762854541651904582977294921875,Private room,166,1
Napoleon Bdr Queen Tv-Wifi Fridg JFK Train 420Deli,141645843,Queens,Jamaica,40.68203700000000111458575702272355556488037109375,-73.7968139999999976907929521985352039337158203125,Private room,64,1
Unique Penthouse inside a 3-story Art Townhouse,127201714,Manhattan,Harlem,40.83174000000000347654349752701818943023681640625,-73.9472099999999983310772222466766834259033203125,Private room,550,1
Experience NYC Like Never Before! 3 Classy Units,25138314,Manhattan,Midtown,40.74692999999999898363967076875269412994384765625,-73.985500000000001818989403545856475830078125,Private room,991,1
Lovely bedroom w/ private bathroom and city views,487604591,Queens,Long Island City,40.76391939746948622769195935688912868499755859375,-73.941791433602617189535521902143955230712890625,Private room,110,1
"""The Cabin"" —Private Queen Bedroom in Jungly Apt.",41704832,Brooklyn,Bushwick,40.69691999999999865167410462163388729095458984375,-73.911799999999999499777914024889469146728515625,Private room,96,1
Lovely rental unit in BKLN,488653607,Brooklyn,Crown Heights,40.6711600000000004229150363244116306304931640625,-73.9214999999999946567186270840466022491455078125,Private room,60,1
Located in Lively Location! 4 Relaxing Units,25138314,Manhattan,Midtown,40.7469999999999998863131622783839702606201171875,-73.985939999999999372448655776679515838623046875,Private room,1135,1
Bright with a sunshine atmosphere,480762641,Manhattan,Harlem,40.81228409999999939827830530703067779541015625,-73.9439462999999932435457594692707061767578125,Private room,90,1
"Relax and Recharge! Four Units, Pets Allowed!",25138314,Manhattan,Midtown,40.74705000000000154614099301397800445556640625,-73.985510000000004993125912733376026153564453125,Private room,1162,1
Cozy Bright Warm Room in Uptown,488556209,Manhattan,Harlem,40.82025999999999754663804196752607822418212890625,-73.94198000000000092768459580838680267333984375,Private room,60,1
Cozy Room With Big Comfortable Bed!,216375039,Manhattan,East Harlem,40.79346000000000316276782541535794734954833984375,-73.9343999999999965666575008071959018707275390625,Private room,74,1
Family connecting Room A - Yotel Times Square,401277068,Manhattan,Hell's Kitchen,40.75977999999999923375071375630795955657958984375,-73.9947499999999962483343551866710186004638671875,Private room,273,1
Family Connected Room B - Yotel Times Square,401277068,Manhattan,Hell's Kitchen,40.75867000000000217596607399173080921173095703125,-73.994699999999994588506524451076984405517578125,Private room,273,1
Family Connecting Room C - Yotel Times Square,401277068,Manhattan,Hell's Kitchen,40.76028999999999768988345749676227569580078125,-73.995239999999995461621438153088092803955078125,Private room,273,1
The Sunshine Room.,481150531,Brooklyn,Canarsie,40.6481500000000011141310096718370914459228515625,-73.8983300000000014051693142391741275787353515625,Private room,100,1
"Jfk5min , layover, queens,shared apartment selfchk",170810121,Queens,Jamaica,40.6804800000000028603608370758593082427978515625,-73.793049999999993815436027944087982177734375,Private room,90,1
Steps from NYC Attractions! Pets are Welcome!,25138314,Manhattan,Midtown,40.74849999999999994315658113919198513031005859375,-73.9875300000000066802385845221579074859619140625,Private room,213,1
Central Park Cute Private Room,214135354,Manhattan,Upper East Side,40.77512999999999721012500231154263019561767578125,-73.953990000000004556568455882370471954345703125,Private room,96,1
LOVE MANHATTAN 3,143052745,Bronx,Mott Haven,40.80964000000000169166014529764652252197265625,-73.921739999999999781721271574497222900390625,Private room,55,1
Art House for the discrete traveler,5468026,Brooklyn,Bedford-Stuyvesant,40.677082899999987830597092397511005401611328125,-73.917628199999995786129147745668888092041015625,Private room,91,1
Medical Professional Housing,9130040,Brooklyn,East Flatbush,40.66140999999999650071913492865860462188720703125,-73.9342999999999932470018393360078334808349609375,Private room,159,1
纽约单一家庭住宅,156064588,Brooklyn,Crown Heights,40.6748199999999968667907523922622203826904296875,-73.9113899999999972578734741546213626861572265625,Private room,41,1
Great home stay in bklyn,94214493,Brooklyn,East Flatbush,40.65489999999999781721271574497222900390625,-73.9171000000000049112713895738124847412109375,Private room,90,1
Comfortable bedroom private Home,488144253,Queens,Queens Village,40.70863510000000218269633478485047817230224609375,-73.7330261999999976296749082393944263458251953125,Private room,110,1
"Joseph & Julia Master Bedroom Near JFK, LGA & UBA",217621677,Queens,Jamaica,40.68706999999999851524989935569465160369873046875,-73.7754900000000048976289690472185611724853515625,Private room,100,1
420 bklyn favorite spot near train 30 min manhatan,94214493,Brooklyn,East Flatbush,40.65447000000000343788997270166873931884765625,-73.9168300000000044747139327228069305419921875,Private room,80,1
Wonderful Stay! Minutes from East River Esplanade!,174792040,Manhattan,Murray Hill,40.74900999999999839928932487964630126953125,-73.97858999999999696228769607841968536376953125,Private room,286,1
Joseph & Julia Guest Room #2,217621677,Queens,Jamaica,40.68706999999999851524989935569465160369873046875,-73.7754900000000048976289690472185611724853515625,Private room,65,1
NYC Dreams At Reach! Minutes to Empire State Bldg!,174792040,Manhattan,Murray Hill,40.75050999999999845613274374045431613922119140625,-73.978489999999993642632034607231616973876953125,Private room,286,1
Best Place to Stay in NYC! 3 Convenient Units,25138314,Manhattan,Midtown,40.74826999999999799229044583626091480255126953125,-73.987480000000005020410753786563873291015625,Private room,991,1
Private room in a quiet and cozy apartment,236563461,Queens,Woodside,40.7506889753576615476049482822418212890625,-73.900525867938995361328125,Private room,100,1
Relax and Unwind! 3 Units Close to Times Square!,25138314,Manhattan,Midtown,40.74864000000000174850356415845453739166259765625,-73.9872600000000062436811276711523532867431640625,Private room,999,1
Cheerful 3 beds walking distance to Dyker lights,22858432,Brooklyn,Dyker Heights,40.62134999999999962483343551866710186004638671875,-74.016840000000001964508555829524993896484375,Private room,134,1
laidlow hide out.,244505851,Queens,Jamaica,40.6839740637310427473494200967252254486083984375,-73.778115212917327880859375,Private room,48,1
Rockefeller Xmas Tree Lighting,202829797,Manhattan,Murray Hill,40.74942659999999960973582346923649311065673828125,-73.9719651999999996405676938593387603759765625,Private room,730,1
One Private Room Rental near Bus,355770584,Queens,Flushing,40.75583000000000311047188006341457366943359375,-73.802809999999993806341080926358699798583984375,Private room,60,1
Confy private room in Brooklyn NYC,369602375,Brooklyn,Bushwick,40.6889800000000008139977580867707729339599609375,-73.919759999999996580299921333789825439453125,Private room,71,1
"You Found it! 4 Units, Minutes from The High Line!",25138314,Manhattan,Midtown,40.748199999999997089616954326629638671875,-73.9856400000000036243363865651190280914306640625,Private room,1086,1
Private Room and Bath in BKLN,488653607,Brooklyn,Crown Heights,40.67121999999999815145201864652335643768310546875,-73.9234699999999946840034681372344493865966796875,Private room,71,1
Bright private room full of good energy,481263266,Queens,Astoria,40.75956000000000045702108764089643955230712890625,-73.9113899999999972578734741546213626861572265625,Private room,99,1
East Village Luxury Retreat,3783926,Manhattan,East Village,40.7280700000000024374458007514476776123046875,-73.980819999999994251993484795093536376953125,Private room,450,1
Amazing private Room in Luxury Home,369602375,Brooklyn,Bushwick,40.6895099999999985129761626012623310089111328125,-73.9173799999999943111106404103338718414306640625,Private room,107,1
Habitación acogedora en Queens.,485492389,Queens,Jackson Heights,40.75343000000000159843693836592137813568115234375,-73.892640000000000100044417195022106170654296875,Private room,156,1
NYC Astoria LaGuardia #1 Tiny Private Room FullBed,431507708,Queens,Ditmars Steinway,40.7786377999999984922396834008395671844482421875,-73.90726829999999836218194104731082916259765625,Private room,85,1
Beautiful bedroom/private bath,50864989,Manhattan,Inwood,40.86764000000000152112988871522247791290283203125,-73.9275899999999950296114548109471797943115234375,Private room,149,1
Cheap Private room With Full size bed,481108277,Bronx,Wakefield,40.8982400000000012596501619555056095123291015625,-73.8570500000000009777068044058978557586669921875,Private room,69,1
Cheap Room near the casino,481108277,Bronx,Wakefield,40.8989100000000007639755494892597198486328125,-73.8588299999999975398168317042291164398193359375,Private room,76,1
"Near LaGuardia Airport, Clean Private Luxury Suite",78339088,Queens,Corona,40.75128000000000128011379274539649486541748046875,-73.8535600000000016507328837178647518157958984375,Private room,135,1
Spacious/Modern BR near LGA Airp,137405826,Queens,Jackson Heights,40.7541599999999988312993082217872142791748046875,-73.8832400000000006912159733474254608154296875,Private room,90,1
Ultimate Grand Suite in Times Square,261750091,Manhattan,Theater District,40.76156999999999896999725024215877056121826171875,-73.9825699999999955025486997328698635101318359375,Private room,489,1
Warm and Cozy Welcome,340586364,Brooklyn,Brownsville,40.66996999999999928832039586268365383148193359375,-73.9099499999999949295670376159250736236572265625,Private room,160,1
Second floor private room #1,481018020,Queens,Jamaica,40.69294049999999884903445490635931491851806640625,-73.8024228999999962752553983591496944427490234375,Private room,70,1
Private Room In Beautiful Harlem,52054118,Manhattan,Harlem,40.8185719849967227901288424618542194366455078125,-73.94125336358030153860454447567462921142578125,Private room,76,1
Brooklyn House,208610094,Brooklyn,Flatlands,40.62975999999999743295120424591004848480224609375,-73.924270000000007030394044704735279083251953125,Private room,45,1
San Carlos Hotel Executive Junior Suite - up to 4.,173685298,Manhattan,Midtown,40.755910000000000081854523159563541412353515625,-73.9715699999999998226485331542789936065673828125,Private room,399,1
La posada de Maya,144839232,Bronx,Mott Haven,40.81170999999999793317329022102057933807373046875,-73.919700000000005957190296612679958343505859375,Private room,57,1
Cozy room at 25m from Manhattan,488049608,Queens,Elmhurst,40.73986339999999728433976997621357440948486328125,-73.8716084999999935689629637636244297027587890625,Private room,63,1
Comfortable space in sunnyside.,488168010,Queens,Sunnyside,40.74533999999999878127709962427616119384765625,-73.92086000000000467480276711285114288330078125,Private room,80,1
Room/Living Room suite in the heart of Brooklyn.,465479887,Brooklyn,East Flatbush,40.65043539999999921974449534900486469268798828125,-73.934856999999993831806932576000690460205078125,Private room,119,1
Lovely one bedroom rental unit in queens NY,220415923,Queens,Hollis,40.71741999999999706005837651900947093963623046875,-73.761259999999992942321114242076873779296875,Private room,150,1
Sunflower Room,481150531,Brooklyn,Canarsie,40.6482799999999997453414835035800933837890625,-73.8965299999999984947862685658037662506103515625,Private room,100,1
Lovely Private Room in Bushwick- NYC,369602375,Brooklyn,Bushwick,40.690280000000001336957211606204509735107421875,-73.917509999999992942321114242076873779296875,Private room,89,1
Sunny and Cozy Private Room,303380387,Manhattan,East Village,40.72388000000000118916432256810367107391357421875,-73.9766599999999954206941765733063220977783203125,Private room,150,1
Joseph & Julia Guest Room #3,217621677,Queens,Jamaica,40.68706999999999851524989935569465160369873046875,-73.7754900000000048976289690472185611724853515625,Private room,60,1
Spacious one bedroom in a ranch house!,250566250,Bronx,Clason Point,40.81085999999999813780959811992943286895751953125,-73.8509800000000069530869950540363788604736328125,Private room,150,1
Heart of NYC 1 bed in 2 bedroom in Luxury building,213149621,Manhattan,Midtown,40.750010000000003174136509187519550323486328125,-73.986310000000003128661774098873138427734375,Private room,130,1
Central Park Cozy Private Room w Rooftop Patio,214135354,Manhattan,Upper East Side,40.77703000000000344016370945610105991363525390625,-73.9510599999999982401277520693838596343994140625,Private room,89,1
Modern & Sunny Room near Museum Mile,4128972,Manhattan,East Harlem,40.7932100000000019690560293383896350860595703125,-73.9463700000000017098500393331050872802734375,Private room,90,1
Peaches Cozy Corner,214171931,Queens,St. Albans,40.69742000000000103909769677557051181793212890625,-73.7768899999999945293893688358366489410400390625,Private room,50,1
La posada de Karla,143052745,Bronx,Mott Haven,40.80984000000000122554411063902080059051513671875,-73.92189999999999372448655776679515838623046875,Private room,85,1
Cozy Room in Northern Manhattan,7003397,Manhattan,Washington Heights,40.8319699999999983219822752289474010467529296875,-73.9428599999999960346031002700328826904296875,Private room,78,1
1 Beautiful bedroom in LES,495796281,Manhattan,Lower East Side,40.71832550782527704313906724564731121063232421875,-73.9907314349891720439700293354690074920654296875,Private room,101,1
The Heart Of Brownsville,461285892,Brooklyn,Brownsville,40.67007114000360701311365119181573390960693359375,-73.913049633698818752236547879874706268310546875,Private room,50,1
2 Spacious Units! Close to Empire State Building!,496944100,Manhattan,Little Italy,40.71869427278198116937346640042960643768310546875,-73.9988992687962081618024967610836029052734375,Private room,943,1
3 Pet-friendly Units! Near Statue of Liberty!,496944100,Manhattan,SoHo,40.72034635891905196558582247234880924224853515625,-73.9991361166701011597979231737554073333740234375,Private room,1511,1
"Rare Gem! 3 Spacious Units, Pets Allowed",496944100,Manhattan,SoHo,40.72047805768118422520274179987609386444091796875,-73.9991309463126896162066259421408176422119140625,Private room,1511,1
"3 Pleasant Units! Parking, Pets Allowed!",496944100,Manhattan,Chinatown,40.71886298998804676330109941773116588592529296875,-74.0012338512224090436575352214276790618896484375,Private room,1511,1
(1)Comfy Home Away From Home/Multiple rooms!!,88043058,Brooklyn,Bedford-Stuyvesant,40.689560000000000172803993336856365203857421875,-73.9553499999999957026375341229140758514404296875,Private room,89,1
Sid's Victorian Oasis,92720308,Brooklyn,Flatbush,40.6392000000000024328983272425830364227294921875,-73.96255999999999630745151080191135406494140625,Private room,69,1
"Kew Gardens, Queens, NYC",88685097,Queens,Richmond Hill,40.70389999999999730562194599770009517669677734375,-73.8231200000000029604052542708814144134521484375,Private room,77,1
quiet and neat room,389706319,Staten Island,Woodrow,40.5456939284512856147557613439857959747314453125,-74.1909514514247661054469062946736812591552734375,Private room,65,1
Artsy 1 bedroom 4,483205753,Queens,Richmond Hill,40.7051799999999985857357387430965900421142578125,-73.819649999999995770849636755883693695068359375,Private room,57,1
Clean New Room. Clinton-Stuy. Walk to 22 eateries,408016532,Brooklyn,Bedford-Stuyvesant,40.689379999999999881765688769519329071044921875,-73.953540000000003828972694464027881622314453125,Private room,75,1
Latisha luxury place room 6,143127602,Brooklyn,Cypress Hills,40.68340789999999884685166762210428714752197265625,-73.883858800000012934106052853167057037353515625,Private room,95,1
Best accommodation N price /NYC professional room.,55948559,Bronx,Pelham Gardens,40.86473000000000155296220327727496623992919921875,-73.84077999999999519786797463893890380859375,Private room,43,1
Seven Evergreens,100896520,Brooklyn,Crown Heights,40.66642999999999830151864443905651569366455078125,-73.952269999999998617568053305149078369140625,Private room,200,1
(3)Comfy Home Away From Home/Multiple Rooms,88043058,Brooklyn,Bedford-Stuyvesant,40.6899700000000024147084332071244716644287109375,-73.954700000000002546585164964199066162109375,Private room,50,1
"Rare Find! 2 Relaxing Units! Parking, Pets Allowed",496944100,Manhattan,SoHo,40.7204899999999980764187057502567768096923828125,-74.0008700000000061436367104761302471160888671875,Private room,941,1
"Habitación elegante, privada NYC",485492389,Queens,Jackson Heights,40.7544299999999992678567650727927684783935546875,-73.892730000000000245563569478690624237060546875,Private room,76,1
Private bedroom in modern apartment,1761578,Queens,Corona,40.737200000000001409716787748038768768310546875,-73.8592100000000044701664592139422893524169921875,Private room,130,1
"Private Bath, Cozy Sunset Terrace Room",36234811,Queens,Arverne,40.59205999999999647798176738433539867401123046875,-73.7925800000000009504219633527100086212158203125,Private room,77,1
⚜️the little royal⚜️(private) room,1354727,Queens,Astoria,40.7743899999999968031261232681572437286376953125,-73.93560999999999694409780204296112060546875,Private room,61,1
Room by park · 3 stops to Manhattan by D/N express,29314677,Brooklyn,Sunset Park,40.64851999999999776491677039302885532379150390625,-73.999719999999996389306033961474895477294921875,Private room,67,1
Clean New Room. Clinton-Stuy. Walk to 22 eateries,408016532,Brooklyn,Bedford-Stuyvesant,40.68889999999999673718775738961994647979736328125,-73.9551799999999985857357387430965900421142578125,Private room,75,1
Extremely Private Room Near Yankee Stadium,31805306,Bronx,Highbridge,40.8331697058888067886073258705437183380126953125,-73.9304477956935812699157395400106906890869140625,Private room,48,1
Stylish Room Next to Time Square/ Central Park,102537337,Manhattan,Hell's Kitchen,40.76748424021803884897963143885135650634765625,-73.986608749757351688458584249019622802734375,Private room,155,1
Quiet room near beach in residential area.,6051934,Staten Island,Midland Beach,40.5708699999999993224264471791684627532958984375,-74.0964100000000058798832469619810581207275390625,Private room,80,1
"Classic Brownstone, a Private Studio Apartment",8715723,Manhattan,Harlem,40.8081600000000008776623872108757495880126953125,-73.954869999999999663486960344016551971435546875,Private room,150,1
"Luxury Apartment, High Floor, River Views",96996010,Manhattan,Murray Hill,40.74638999999999811052475706674158573150634765625,-73.9717399999999969395503285340964794158935546875,Private room,205,1
LovelyRentalUnitCloseToManhathan,497952874,Queens,Sunnyside,40.74493675937019787625104072503745555877685546875,-73.9148974478031135504352278076112270355224609375,Private room,80,1
Beautiful space and location,112316568,Manhattan,Harlem,40.812191963352091761407791636884212493896484375,-73.9506050702910755489938310347497463226318359375,Private room,100,1
纽约之家（SunnyHome3),27673980,Queens,Flushing,40.74537000000000119825926958583295345306396484375,-73.8325200000000023692336981184780597686767578125,Private room,58,1
Cozy Room near Casino and Metro,94707512,Queens,Ozone Park,40.67224999999999823785401531495153903961181640625,-73.83773999999999659848981536924839019775390625,Private room,92,1
Private room 20 mins to New York City,82878914,Queens,Ditmars Steinway,40.7731399999999979399945004843175411224365234375,-73.9152399999999971669240039773285388946533203125,Private room,40,1
Sid's Victorian Peaceful Haven,92720308,Brooklyn,Flatbush,40.63920999999999850160747882910072803497314453125,-73.9628500000000030922819860279560089111328125,Private room,65,1
"Prime Location! 2 Convenient Units, Pets Allowed!",496944100,Manhattan,SoHo,40.71899304151808252072441973723471164703369140625,-74.0005829550049014642354450188577175140380859375,Private room,1042,1
3 Luxe Balcony Suites with Panoramic Views of NYC!,496944100,Manhattan,SoHo,40.72026924003284875652752816677093505859375,-73.999008181492399671697057783603668212890625,Private room,1649,1
Lovely spacious 1 bd with city views,15318459,Manhattan,Upper West Side,40.78810435720314586660606437362730503082275390625,-73.974961152457041180241503752768039703369140625,Private room,250,1
Luminous Lair | 2mins LGA | 13mins NYC,491695460,Queens,East Elmhurst,40.7689400000000006230038707144558429718017578125,-73.871039999999993597157299518585205078125,Private room,65,1
Victorian room in the Bronx 15 min to Manhattan,492149141,Bronx,Morris Heights,40.85164809999999846468199393711984157562255859375,-73.9207176000000032445313991047441959381103515625,Private room,41,1
Generous,275135522,Brooklyn,Bedford-Stuyvesant,40.67992784944368622745969332754611968994140625,-73.91382060394397512936848215758800506591796875,Private room,36,1
"You Found It!  FREE Parking, Pets Allowed!",496944100,Manhattan,SoHo,40.71942253681891088490374386310577392578125,-73.9991587884469339542192756198346614837646484375,Private room,427,1
Pet-friendly Suite Near Statue of Liberty! Parking,496944100,Manhattan,SoHo,40.72099695020572340808939770795404911041259765625,-74.000583742265376940849819220602512359619140625,Private room,421,1
Potala house 2,498068370,Queens,Woodside,40.75694399999999717465470894239842891693115234375,-73.9038460000000014815668691881000995635986328125,Private room,72,1
3 Luxe Balcony Suites with Panoramic Views of NYC!,496944100,Manhattan,SoHo,40.72053087100908186357628437690436840057373046875,-73.99904017265288302951375953853130340576171875,Private room,3488,1
"Family Getaway! 3 Relaxing Units, Pets Allowed!",496944100,Manhattan,SoHo,40.71944231866267926989166880957782268524169921875,-74.0009688750598257911406108178198337554931640625,Private room,3610,1
3 Modern Suites w/ Living Room & Terrace! Parking!,496944100,Manhattan,SoHo,40.720411979271602831431664526462554931640625,-73.9988729552044475212824181653559207916259765625,Private room,3610,1
Habitacion privada para 1 persona,89852528,Queens,Ridgewood,40.7077799999999996316546457819640636444091796875,-73.9071200000000061436367104761302471160888671875,Private room,45,1
3 Pet-Friendly Units! Near Washington Square Park,496944100,Manhattan,SoHo,40.71872588325692277066991664469242095947265625,-74.00063886515823696754523552954196929931640625,Private room,1563,1
"3 Convenient Units,! Parking, Pets Allowed!",496944100,Manhattan,SoHo,40.72055349000180513030500151216983795166015625,-74.000763988538977855569100938737392425537109375,Private room,1509,1
Rare Find! 3 Classy Units! Near Statue of Liberty!,496944100,Manhattan,SoHo,40.72003692411104935899857082404196262359619140625,-73.998868841283950814613490365445613861083984375,Private room,1411,1
Potala house 1,498068370,Queens,Astoria,40.75760027014266739797676564194262027740478515625,-73.9030691979532292634758050553500652313232421875,Private room,83,1
Cozy & Clean #5,23533897,Brooklyn,Crown Heights,40.6760900000000020781953935511410236358642578125,-73.952799999999996316546457819640636444091796875,Private room,130,1
Neat room for single or couple,88685097,Queens,Richmond Hill,40.70403555164717346315228496678173542022705078125,-73.822446189850296605072799138724803924560546875,Private room,66,1
"Sweet home 15 minutes from Manhattan, Astoria",492457,Queens,Ditmars Steinway,40.77996999999999871988620725460350513458251953125,-73.907880000000005793481250293552875518798828125,Private room,85,1
Large Private Bedroom in an Amazing Apartment!,30007302,Manhattan,Washington Heights,40.83480999999999738747646915726363658905029296875,-73.9397100000000051522874855436384677886962890625,Private room,58,1
Private Large Studio-size Room,43585545,Brooklyn,Bedford-Stuyvesant,40.68827999999999889269020059145987033843994140625,-73.9497199999999992314769770018756389617919921875,Private room,52,1
"3 Pleasant Units! With Living Room, Pets Allowed!",496944100,Manhattan,SoHo,40.71943240916277062524386565200984477996826171875,-73.99902033884831098475842736661434173583984375,Private room,1416,1
"Master room, 17mins to midtown by EFMR7 trains",40711894,Queens,Elmhurst,40.740059999999999718056642450392246246337890625,-73.8876499999999936107997200451791286468505859375,Private room,71,1
"Family Getaway! 3 Classy Units, Pets Allowed",496944100,Manhattan,SoHo,40.71960398972289141283908975310623645782470703125,-74.0009396515367114943728665821254253387451171875,Private room,1509,1
Private Rom in Building By Jose,37682130,Bronx,Longwood,40.81842569039910273431814857758581638336181640625,-73.909380251370777159536373801529407501220703125,Private room,62,1
"2 Comfortable Units! FREE Parking, Pets Allowed",496944100,Manhattan,SoHo,40.72098979135912344418102293275296688079833984375,-73.9991843360445074040399049408733844757080078125,Private room,1100,1
2 Pet-friendly Units! Close to Statue of Liberty!,496944100,Manhattan,SoHo,40.72096206546137864279444329440593719482421875,-73.999442581377252281527034938335418701171875,Private room,1006,1
"2 Convenient Units, FREE Parking, Pets Allowed!",496944100,Manhattan,SoHo,40.7203269467228068378972238861024379730224609375,-73.9992054415733235828156466595828533172607421875,Private room,1006,1
2 Relaxing Units Near Statue of Liberty!,496944100,Manhattan,SoHo,40.71869885812260037027954240329563617706298828125,-73.9996479967072673389338888227939605712890625,Private room,2325,1
"Pleasant Stay! 2 Spacious Units, Pets Allowed",496944100,Manhattan,SoHo,40.72097000000000122099663713015615940093994140625,-74.00029000000000678483047522604465484619140625,Private room,2407,1
2 Pet-friendly Suite Near Statue of Liberty!,496944100,Manhattan,Chinatown,40.71868350067480690768206841312348842620849609375,-74.001089093030458343491773121058940887451171875,Private room,2407,1
"Location near Kissena Blvd. & Holly Ave., Flushing",71663192,Queens,Flushing,40.74945000000000305817593471147119998931884765625,-73.820099999999996498445398174226284027099609375,Private room,70,1
Quaint Room 10mins away from LaGuardia Airport!,233436789,Queens,East Elmhurst,40.7685352909391127695926115848124027252197265625,-73.8749196328053585602901875972747802734375,Private room,55,1
Bright bedroom in Astoria,5740022,Queens,Long Island City,40.75782641299813491286840871907770633697509765625,-73.9311193507940203062389628030359745025634765625,Private room,96,1
Cozy Space w/ Separate Entrance,93441980,Staten Island,South Beach,40.5927300000000030877345125190913677215576171875,-74.088310000000006994014256633818149566650390625,Private room,95,1
Rare Gem! Pet-Friendly Unit Near Brooklyn Bridge,496944100,Manhattan,SoHo,40.72074772653189000948259490542113780975341796875,-74.0007135819968198120477609336376190185546875,Private room,503,1
Ideal Mix of Comfort and Value! FREE Parking!,496944100,Manhattan,SoHo,40.72082999999999941564965411089360713958740234375,-73.998909999999995079633663408458232879638671875,Private room,303,1
"Look No Further! FREE Parking, Pets Allowed!",496944100,Manhattan,SoHo,40.7209894047955316409570514224469661712646484375,-74.0011753108674383838661015033721923828125,Private room,550,1
"Relax and Unwind! Onsite Parking, Pets Allowed!",496944100,Manhattan,SoHo,40.720913825869359925491153262555599212646484375,-73.999452973264538968578563071787357330322265625,Private room,280,1
Relaxing Stay! Close to Madison Square Garden,496944100,Manhattan,Chinatown,40.71871391353550251324122655205428600311279296875,-74.001174096137816604823456145823001861572265625,Private room,504,1
"For The Whole Family! FREE Parking, Pets Allowed",496944100,Manhattan,Little Italy,40.71877577928110980565179488621652126312255859375,-73.9989242482185574090181034989655017852783203125,Private room,504,1
Classic Suite Close to Central Park! Pets Allowed!,496944100,Manhattan,SoHo,40.72045543273264200934136169962584972381591796875,-74.00085362095609298194176517426967620849609375,Private room,319,1
Pet-friendly Suite Near Statue of Liberty! Parking,496944100,Manhattan,SoHo,40.71898999999999801957528688944876194000244140625,-74.0010199999999969122654874809086322784423828125,Private room,282,1
"Comfortable Stay! FREE Parking, Pets Allowed!",496944100,Manhattan,SoHo,40.71916999999999831061359145678579807281494140625,-74.0007399999999933015715214423835277557373046875,Private room,304,1
Convenient Stay! Minutes to Washington Square Park,496944100,Manhattan,SoHo,40.7195907467894500086913467384874820709228515625,-74.0011153277438467057436355389654636383056640625,Private room,504,1
Private Room for two guests in Cozy apartment,68139551,Queens,Maspeth,40.72075000000000244426701101474463939666748046875,-73.8949999999999960209606797434389591217041015625,Private room,61,1
Private Room for Pair in the Cozy Apartament,68139551,Queens,Maspeth,40.72070999999999685314833186566829681396484375,-73.8944800000000014961187844164669513702392578125,Private room,61,1
Luxury Penthouse Suite near Central Park w/Bfst,231281049,Manhattan,Midtown,40.7641193835889907859382219612598419189453125,-73.982120295468888571122079156339168548583984375,Private room,469,1
"Sunny, cozy room in Brooklyn.",19483885,Brooklyn,Clinton Hill,40.69601999999999719648258178494870662689208984375,-73.9618200000000030058799893595278263092041015625,Private room,66,1
For The Whole Family! FREE Parking Pets Allowed!,496944100,Manhattan,Little Italy,40.7189036846090033350265002809464931488037109375,-73.9988971543056237578639411367475986480712890625,Private room,503,1
纽约之家（Sunny Home4),27673980,Queens,Flushing,40.74537000000000119825926958583295345306396484375,-73.8325200000000023692336981184780597686767578125,Private room,58,1
"You Found It!  FREE Parking, Pets Allowed!",496944100,Manhattan,SoHo,40.72075384355914451361968531273305416107177734375,-73.9997296223574636542252846993505954742431640625,Private room,521,1
Look No Further! Near Elizabeth Street Garden!,496944100,Manhattan,Little Italy,40.71912760774512207717634737491607666015625,-73.9989267705418427567565231584012508392333984375,Private room,521,1
Affordable room near of LGA airport in Queens.,46712160,Queens,Maspeth,40.73928000000000082536644185893237590789794921875,-73.891829999999998790372046642005443572998046875,Private room,60,1
"Bright, Spacious Room Near Beach & Subway",36234811,Queens,Arverne,40.59049999999999869260136620141565799713134765625,-73.791100000000000136424205265939235687255859375,Private room,77,1
Pet-friendly Suite Near Statue of Liberty! Parking,496944100,Manhattan,SoHo,40.72024236155203880116459913551807403564453125,-73.9990430908162153400553506799042224884033203125,Private room,521,1
Dormitorio grande y cómodo,462389696,Queens,Maspeth,40.7182396825035510801171767525374889373779296875,-73.9033517948527816088244435377418994903564453125,Private room,66,1
Homely Apartment in Queens NYC,447604359,Queens,Corona,40.73898510000000072750481194816529750823974609375,-73.858859899999998788189259357750415802001953125,Private room,68,1
Astoria-Private Mini Studio!,162374141,Queens,Ditmars Steinway,40.7712318941867266630652011372148990631103515625,-73.9083837156264422674212255515158176422119140625,Private room,135,1
Big bedroom 3 stops/10 mins from Manhattan!,5581683,Brooklyn,Cobble Hill,40.68775000000000119371179607696831226348876953125,-73.99407999999999674400896765291690826416015625,Private room,60,1
Luxury Apt on Wall St - Amazing Views,87312106,Manhattan,Financial District,40.7064299999999974488673615269362926483154296875,-74.009690000000006193658919073641300201416015625,Private room,159,1
contemp. 1 BDRM in Trendy 2 BDRM Cyp. Hill,85669769,Brooklyn,East New York,40.6749200000000001864464138634502887725830078125,-73.868729999999999336068867705762386322021484375,Private room,100,1
Warm and cozy in Brooklyn,1805238,Brooklyn,Flatbush,40.65399000000000029331204132176935672760009765625,-73.956199999999995498001226224005222320556640625,Private room,69,1
"Your Home Away From Home! Parking, Pets Allowed!",496944100,Manhattan,SoHo,40.718958489950665580181521363556385040283203125,-74.0003291512058467560564167797565460205078125,Private room,353,1
Cosy Private Room Close to Central Park/TimeSquare,35736676,Manhattan,Hell's Kitchen,40.7673199999999980036591296084225177764892578125,-73.9883899999999954388840706087648868560791015625,Private room,109,1
Bright Room In Spacious Bright Apartment,4942658,Manhattan,Harlem,40.8262500000000017053025658242404460906982421875,-73.9409699999999929787009023129940032958984375,Private room,71,1
Private room for 1 or 2 in Chelsea. Prime location,2764786,Manhattan,Chelsea,40.74795999999999907004166743718087673187255859375,-73.9951400000000063528204918839037418365478515625,Private room,120,1
Pet-friendly Suite Near Statue of Liberty! Parking,496944100,Manhattan,SoHo,40.71927733915445202228511334396898746490478515625,-73.9990905623586030515070888213813304901123046875,Private room,1163,1
"Relax and Recharge! Onsite Parking, Pets Allowed!",496944100,Manhattan,SoHo,40.72099232332066520712032797746360301971435546875,-74.0003894087939215751248411834239959716796875,Private room,1163,1
Beautiful Sunny Small Room,93743081,Brooklyn,Bedford-Stuyvesant,40.68451999999999912915882305242121219635009765625,-73.95377999999999474312062375247478485107421875,Private room,53,1
Sid's Victorian Quiet Hideaway,92720308,Brooklyn,Flatbush,40.6388299999999986766852089203894138336181640625,-73.962299999999999045030563138425350189208984375,Private room,62,1
Cozy Room Right Next to Central Park,93839620,Manhattan,Hell's Kitchen,40.7674999999999982946974341757595539093017578125,-73.985410000000001673470251262187957763671875,Private room,103,1
BEAUTIFUL BEDROOM IN COZY APARTMENT,22534244,Queens,Woodside,40.74746999999999985675458447076380252838134765625,-73.8958400000000068530425778590142726898193359375,Private room,93,1
Private Guestroom in Landmark Bklyn Brownstone,24155326,Brooklyn,Crown Heights,40.6776399999999966894392855465412139892578125,-73.9480300000000028148861019872128963470458984375,Private room,86,1
In a Chelsea loft:  A PERFECT private room & bath,79289737,Manhattan,Chelsea,40.7445000000000021600499167107045650482177734375,-73.9939700000000044610715121962130069732666015625,Private room,247,1
"Private bedroom suite in Greenpoint, Brooklyn",1103252,Brooklyn,Greenpoint,40.732471466064453125,-73.953155517578125,Private room,199,1
"Private room Bushwick, BK!",21544501,Brooklyn,Bushwick,40.68936000000000063892002799548208713531494140625,-73.905609999999995807229424826800823211669921875,Private room,62,1
"Relax and Unwind! Onsite Parking, Pets Allowed!",496944100,Manhattan,SoHo,40.7209524431697218460612930357456207275390625,-73.9995322823909447151891072280704975128173828125,Private room,360,1
"Pleasant Stay! 2 Spacious Units, Pets Allowed",496944100,Manhattan,SoHo,40.71961642822552818188341916538774967193603515625,-73.998990837706770662407507188618183135986328125,Private room,1007,1
"2 Relaxing Units! FREE Parking, Pets Allowed",496944100,Manhattan,SoHo,40.7205457593408510774679598398506641387939453125,-74.0008199400267443479606299661099910736083984375,Private room,1007,1
Lovely one bedroom in a lower level apartment,80917634,Queens,Richmond Hill,40.69238293238313275423934101127088069915771484375,-73.836399872657722198709961958229541778564453125,Private room,45,1
Private br- 30min to Midtown Manhattan- Near Metro,333057838,Brooklyn,Flatbush,40.64782618070447739455630653537809848785400390625,-73.9621054881643971157245687209069728851318359375,Private room,633,1
The Best Experience Room in NY,411757269,Queens,Elmhurst,40.73236194565374290732506779022514820098876953125,-73.874249247549641950172372162342071533203125,Private room,70,1
"Comfortable Stay! FREE Parking, Pets Allowed!",496944100,Manhattan,Chinatown,40.718681128230201693440903909504413604736328125,-74.00110629705528708655037917196750640869140625,Private room,1163,1
Dark knight of bushwick,408360819,Brooklyn,Bushwick,40.689344110212942950965953059494495391845703125,-73.9108179349238838540259166620671749114990234375,Private room,144,1
Amazing spacious and modern serviced apartment.,483378389,Bronx,Norwood,40.87579096212407847588110598735511302947998046875,-73.88312080304132223318447358906269073486328125,Private room,40,1
It is a very cozy private bedroom.,29057249,Manhattan,Harlem,40.81296999999999997044142219237983226776123046875,-73.943299999999993588062352500855922698974609375,Private room,70,1
Cuarto muy confortable. 2 personas. Cerca de todo.,67261284,Queens,Jackson Heights,40.7508600000000029695002012886106967926025390625,-73.87993000000000165528035722672939300537109375,Private room,50,1
Cozy Private Bedroom By Columbia University,28836096,Manhattan,Morningside Heights,40.81445999999999685314833186566829681396484375,-73.9595199999999977080733515322208404541015625,Private room,93,1
Spacious Penthouse Bedroom,68729548,Manhattan,Greenwich Village,40.72993999999999914507498033344745635986328125,-73.9945500000000038198777474462985992431640625,Private room,100,1
Charming and spacious Brooklyn apt,29959914,Brooklyn,Bushwick,40.688119999999997844497556798160076141357421875,-73.9140900000000016234480426646769046783447265625,Private room,33,1
THE BLUE ROOM - CLEAN COZY & CLOSE TO MANHATTAN,21091779,Brooklyn,Bedford-Stuyvesant,40.68527000000000271029421128332614898681640625,-73.923090000000001964508555829524993896484375,Private room,59,1
Harlem House,100758295,Manhattan,Harlem,40.80682999999999793772076372988522052764892578125,-73.9538500000000027512214728631079196929931640625,Private room,127,1
"Lovely room in Astoria, New York",163094301,Queens,Ditmars Steinway,40.77588056360087875873432494699954986572265625,-73.9130011552316545930807478725910186767578125,Private room,110,1
Priv. room Jackson Heights close SUBWAY LGA USOPEN,67261284,Queens,Jackson Heights,40.7512600000000020372681319713592529296875,-73.8811699999999973442754708230495452880859375,Private room,50,1
Cozy Room in the Big Apple,33622924,Manhattan,Harlem,40.8313399999999973033482092432677745819091796875,-73.947010000000005902620614506304264068603515625,Private room,69,1
Cozy bedroom in bushwick,338738466,Brooklyn,Bushwick,40.6931624198479227061397978104650974273681640625,-73.9202501966023390878035570494830608367919921875,Private room,106,1
Convenient Stay! Minutes to Washington Square Park,496944100,Manhattan,SoHo,40.7200641113485772848434862680733203887939453125,-73.9989011643468614920493564568459987640380859375,Private room,344,1
Ideal Mix of Comfort and Value! FREE Parking!,496944100,Manhattan,SoHo,40.72083279382460574424840160645544528961181640625,-74.0007260208109727273040334694087505340576171875,Private room,421,1
Lovely Brooklyn bushwick,408360819,Brooklyn,Bushwick,40.68804959913538965565749094821512699127197265625,-73.9120658970681603250341140665113925933837890625,Private room,134,1
"St Regis Hotel, NYC Luxury Hotel Rooms by Owners",51772392,Manhattan,Midtown,40.76252000000000208501660381443798542022705078125,-73.9755200000000030513547244481742382049560546875,Private room,785,1
Escape the City & Unwind in a Comfy Twin XL Bed!,499074026,Queens,Ditmars Steinway,40.76930950660608488078651134856045246124267578125,-73.9076491074113022250458016060292720794677734375,Private room,37,1
"Rest and Relaxation in the City Queen bed, Window!",499074026,Queens,Astoria,40.76909716269574346370063722133636474609375,-73.9092632211702920130846905522048473358154296875,Private room,40,1
Cozy nice private room. I,281700813,Brooklyn,Flatlands,40.62488277841098494036486954428255558013916015625,-73.9253484565307843467962811700999736785888671875,Private room,40,1
"Private Queen Bed room in Soho,",211549023,Manhattan,SoHo,40.71911131515175696904407232068479061126708984375,-74.0013053468036190452039591036736965179443359375,Private room,130,1
The Sage Oasis | 2mins LGA | 13mins NYC,491695460,Queens,East Elmhurst,40.767049164291137230975436978042125701904296875,-73.86955990001644067888264544308185577392578125,Private room,95,1
"Comfy King Bedroom & 69"" TV - Ideal comfort stay!",499074026,Queens,Ditmars Steinway,40.76912676071857077886306797154247760772705078125,-73.9078084886859727475894032977521419525146484375,Private room,41,1
Cozy Apartment in East New York,238945127,Brooklyn,East New York,40.66751162055552271112901507876813411712646484375,-73.885489204076208125115954317152500152587890625,Private room,68,1
Great! Private Room in Sunnyside,58234433,Queens,Sunnyside,40.7365199999999987312548910267651081085205078125,-73.9199200000000047339199227280914783477783203125,Private room,95,1
Individual Cubicle Room in NYC/Boys Floor,16677326,Manhattan,Chelsea,40.74864999999999781721271574497222900390625,-73.9956499999999977035258780233561992645263671875,Private room,69,1
Relax and Recharge! Near One World Observatory!,496944100,Manhattan,SoHo,40.7195185391276055497655761428177356719970703125,-74.00092582395387807991937734186649322509765625,Private room,353,1
Ideal Mix of Comfort and Value! FREE Parking!,496944100,Manhattan,SoHo,40.72092557618422148379977443255484104156494140625,-74.000814110606796702995779924094676971435546875,Private room,402,1
"Look No Further! Parking, Pets Allowed",496944100,Manhattan,SoHo,40.71931365494857146813956205733120441436767578125,-73.9991569221174785297989728860557079315185546875,Private room,427,1
Golden Blooms | 2min LGA | 13min NYC,491695460,Queens,East Elmhurst,40.76711503107956247049514786340296268463134765625,-73.8717856535100736437016166746616363525390625,Private room,85,1
"Private room, 5 minute walk to train stop",499068203,Brooklyn,Flatbush,40.6451096278449739429561304859817028045654296875,-73.9691493302667737452793517149984836578369140625,Private room,65,1
Apt in Heart of Hell's Kichen,988788,Manhattan,Hell's Kitchen,40.76227999999999696001395932398736476898193359375,-73.9900099999999980582288117147982120513916015625,Private room,80,1
"Cozy, Modern, Private Room in the Heart of Harlem",45694734,Manhattan,East Harlem,40.810620000000000118234311230480670928955078125,-73.9388200000000068712324718944728374481201171875,Private room,48,1
cute room & bath Harlem apt,498379429,Manhattan,Harlem,40.81773520798113707996890298090875148773193359375,-73.9387518444537050754661322571337223052978515625,Private room,148,1
Double Bed in Manhattan,53725579,Manhattan,Upper West Side,40.7998910000000023501343093812465667724609375,-73.96199649999999792271410115063190460205078125,Private room,71,1
Comfortable cozy private room. II,281700813,Brooklyn,Flatlands,40.62688430195432687241918756626546382904052734375,-73.9256734902495367123265168629586696624755859375,Private room,40,1
"Cinque Terre Room.  Superfast Wi-Fi, clean, quiet.",2787,Brooklyn,Gravesend,40.60782999999999987039700499735772609710693359375,-73.9758700000000004592948243953287601470947265625,Private room,126,1
A Peaceful 1 Bedroom Getaway,349262538,Brooklyn,Brownsville,40.66231153649414409301243722438812255859375,-73.9143783329366073076016618870198726654052734375,Private room,69,1
New Modern Industrial Studio Apt,53209258,Brooklyn,Bushwick,40.696989999999999554347596131265163421630859375,-73.930530000000004520188667811453342437744140625,Private room,105,1
1br Large furnished bedroom in cool Bushwick,54242258,Brooklyn,Bushwick,40.7021500000000031604940886609256267547607421875,-73.928889999999995552570908330380916595458984375,Private room,50,1
Rest well room Near Public Transport and shopping,55948559,Bronx,Pelham Gardens,40.866770000000002482920535840094089508056640625,-73.8405599999999964211383485235273838043212890625,Private room,40,1
Spacious Priv. Room w-Firescape,36143506,Manhattan,Morningside Heights,40.80284000000000332875060848891735076904296875,-73.9593100000000021054802346043288707733154296875,Private room,112,1
Comfortable and Cozy.,339192135,Manhattan,Morningside Heights,40.81369410435610944887230289168655872344970703125,-73.9598916036461702105953008867800235748291015625,Private room,149,1
1718 love homes,119692067,Brooklyn,Sunset Park,40.6445283999999986690454534254968166351318359375,-74.00144480000000157815520651638507843017578125,Private room,58,1
Comfortable and Cozy,339192135,Manhattan,Morningside Heights,40.811852470577747453717165626585483551025390625,-73.960509751229210451128892600536346435546875,Private room,149,1
"Lovely room with private bathroom, near Manhattan",58234433,Queens,Sunnyside,40.73669000000000295358404400758445262908935546875,-73.9205999999999932015271042473614215850830078125,Private room,63,1
Quarto Inteiro Upper East Side,479823248,Manhattan,Upper East Side,40.78186537428786806458447244949638843536376953125,-73.947523199021816253662109375,Private room,89,1
Cozy Europa,57122538,Manhattan,Harlem,40.8269599999999996953192749060690402984619140625,-73.939740000000000463842297904193401336669921875,Private room,60,1
Peace as you wish,495337073,Bronx,Fordham,40.8704699999999974124875734560191631317138671875,-73.8861399999999974852471495978534221649169921875,Private room,41,1
Sunny & Spacious Washington Sq Park Apt,384235573,Manhattan,Greenwich Village,40.7296695242102799738859175704419612884521484375,-74.001039247229726925070281140506267547607421875,Private room,157,1
纽约之家(PrivateBathroom5),27673980,Queens,Flushing,40.74537000000000119825926958583295345306396484375,-73.8325200000000023692336981184780597686767578125,Private room,68,1
Charming 1BD in NYC Upper East Side,6735659,Manhattan,Upper East Side,40.77013000000000175759851117618381977081298828125,-73.9551699999999954115992295555770397186279296875,Private room,99,1
"JFK/LGA/UBS/Free Parking, king size bed C1",162927656,Queens,Jamaica,40.691861119201831797909107990562915802001953125,-73.8068330002665931033334345556795597076416015625,Private room,399,1
"Inspiring, stunning view",344891745,Manhattan,Harlem,40.82032963006101766723077162168920040130615234375,-73.95639291534422454788000322878360748291015625,Private room,60,1
纽约之家 (Sunny Home2),27673980,Queens,Flushing,40.74537000000000119825926958583295345306396484375,-73.8325200000000023692336981184780597686767578125,Private room,58,1
Cozy Corner (Room 1),215837608,Brooklyn,Canarsie,40.6553088628849081942462362349033355712890625,-73.8987395837082914340498973615467548370361328125,Private room,49,1
纽约之家（Sunny Home1),27673980,Queens,Flushing,40.74537000000000119825926958583295345306396484375,-73.8325200000000023692336981184780597686767578125,Private room,58,1
Cute charming 1 bedroom,86422842,Brooklyn,Bushwick,40.69340432683869579477686784230172634124755859375,-73.9250742865931869118867325596511363983154296875,Private room,100,1
Kenric’s and Rhonda’s Construction Clients ONLY,296716302,Brooklyn,Canarsie,40.632988946784649897381314076483249664306640625,-73.897395322775309978169389069080352783203125,Private room,112,1
A Cheerful 1 bedroom in elmont,270130811,Queens,Cambria Heights,40.69074576907193119268413283862173557281494140625,-73.7264766212799855793491587974131107330322265625,Private room,50,1
Big Bedroom in Manhattan!,53725579,Manhattan,Upper West Side,40.7998910000000023501343093812465667724609375,-73.96199649999999792271410115063190460205078125,Private room,67,1
Torre del Lago Rm.  Superfast Wi-Fi clean & quiet,2787,Brooklyn,Gravesend,40.6081300000000027239366318099200725555419921875,-73.9737999999999971123543218709528446197509765625,Private room,199,1
Cool Room in a Chill Place,499313046,Queens,Astoria,40.7677164210976599179048207588493824005126953125,-73.9167680752988189851748757064342498779296875,Private room,65,1
Quiet home free ferry to Manhattan,53627900,Staten Island,New Brighton,40.64365000000000094360075308941304683685302734375,-74.0911300000000068166627897880971431732177734375,Private room,55,1
JFK/ LGA/UBS arena/Citi Field E2,162927656,Queens,Bellerose,40.73398905855579954504719353280961513519287109375,-73.7369335136335593006151611916720867156982421875,Private room,153,1
Cozy and private apartment,499363064,Bronx,Throgs Neck,40.829442605781224528982420451939105987548828125,-73.8323211237781293903026380576193332672119140625,Private room,39,1
Private Bedroom in Lower East S,495796281,Manhattan,Lower East Side,40.7195772748171265220662462525069713592529296875,-73.992771466864041940425522625446319580078125,Private room,87,1
Lovely and comfy motel-style room rental available,358933697,Brooklyn,East New York,40.67379578067306766797628370113670825958251953125,-73.8784536243194764892905368469655513763427734375,Private room,47,1
East Williamsburg Private Room by L train,8515724,Brooklyn,Williamsburg,40.70756999999999692363417125307023525238037109375,-73.9405699999999939109329716302454471588134765625,Private room,50,1
Sun-kissed & Colorful BK Oasis!,178521104,Brooklyn,Bushwick,40.688668841225108963044476695358753204345703125,-73.9118126852309131891161086969077587127685546875,Private room,72,1
Super bright spacious cozy room. IV,281700813,Brooklyn,Flatlands,40.625349999999997407940099947154521942138671875,-73.925690000000003010427462868392467498779296875,Private room,45,1
"Sunny Room, Huge Yard, Best of Brooklyn",820010,Brooklyn,Bedford-Stuyvesant,40.69078999999999979308995534665882587432861328125,-73.9423900000000031695890356786549091339111328125,Private room,55,1
Second floor private room #2,481018020,Queens,Jamaica,40.6929429999999996425685822032392024993896484375,-73.8024429999999966867108014412224292755126953125,Private room,70,1
1 Bedroom in LES,495796281,Manhattan,Lower East Side,40.71829072350755041043157689273357391357421875,-73.991758363514549046158208511769771575927734375,Private room,88,1
Very Bright Private Room. III,281700813,Brooklyn,Flatlands,40.62602831155805205298747750930488109588623046875,-73.9259668786499020143310190178453922271728515625,Private room,50,1
Cozy Bedroom in lower east side,495796281,Manhattan,Chinatown,40.71658000000000043883119360543787479400634765625,-73.9900899999999950296114548109471797943115234375,Private room,81,1
Artist Escape With Private Terrace,4878363,Brooklyn,Bedford-Stuyvesant,40.68623000000000189402271644212305545806884765625,-73.9453199999999952751750242896378040313720703125,Private room,55,1
Cozy home with great backyard. For cats lovers.,50865592,Brooklyn,Park Slope,40.6754499999999978854248183779418468475341796875,-73.9766699999999985948306857608258724212646484375,Private room,87,1
Sunny Cozy Private Room in East Williamsburg,8515724,Brooklyn,Williamsburg,40.7090400000000016689227777533233165740966796875,-73.9414699999999953661244944669306278228759765625,Private room,50,1
Cozy APT w/ Convenient Location,444686670,Brooklyn,Coney Island,40.579560653987158502786769531667232513427734375,-73.984111512683483624641667120158672332763671875,Private room,72,1
Comfy stay near the High Line,6853414,Manhattan,Chelsea,40.74517999999999773308445583097636699676513671875,-73.9992500000000035242919693700969219207763671875,Private room,120,1
Awesome Host Shared Space,341331305,Bronx,Mott Haven,40.812420000000003028617356903851032257080078125,-73.9080900000000013960743672214448451995849609375,Private room,35,1
JFK/ LGA/UBS arena/Citi Field E1,162927656,Queens,Bellerose,40.7327321604492311735157272778451442718505859375,-73.7375619483454585179060813970863819122314453125,Private room,153,1
E Williamsburg Artist apt,37568440,Brooklyn,Williamsburg,40.71247621524836546313963481225073337554931640625,-73.9351309426191818374718423001468181610107421875,Private room,49,1
Lovely Clean NYC Private bed + bathroom,498926245,Manhattan,Hell's Kitchen,40.76132606338777719656718545593321323394775390625,-73.9874422860954297220814623869955539703369140625,Private room,175,1
No Sleep 'Till B’klyn! 5 Star Remodel,37401126,Brooklyn,East Flatbush,40.6411511646171987877096398733556270599365234375,-73.939086905027352258912287652492523193359375,Private room,50,1
South facing bright private room. V,281700813,Brooklyn,Flatlands,40.62656567515036698523545055650174617767333984375,-73.92371978910369989534956403076648712158203125,Private room,50,1
"Sunny bedroom with balcony, Queens",46979077,Queens,Elmhurst,40.74083999999999861074684304185211658477783203125,-73.889949999999998908606357872486114501953125,Private room,75,1
Spacious room with Private Bath,524733,Brooklyn,Bedford-Stuyvesant,40.6897923482960095498128794133663177490234375,-73.932795769163703880622051656246185302734375,Private room,150,1
beautiful room with private entrance,500236217,Bronx,Tremont,40.8446500000000014551915228366851806640625,-73.887010000000003628883860073983669281005859375,Private room,56,1
Latisha luxury place room 2,143127602,Brooklyn,Cypress Hills,40.68229999999999790816218592226505279541015625,-73.882869999999996935002855025231838226318359375,Private room,72,1
Second floor private room #3,481018020,Queens,Jamaica,40.69294049999999884903445490635931491851806640625,-73.8024228999999962752553983591496944427490234375,Private room,55,1
Private metro NorthBronx room NY,444457278,Bronx,Williamsbridge,40.87347663631835104069978115148842334747314453125,-73.8656403167493778028074302710592746734619140625,Private room,42,1
Suite Oasis - Luxurious & Cozy Apt,49831860,Brooklyn,Canarsie,40.6416200000000031877789297141134738922119140625,-73.9130099999999998772182152606546878814697265625,Private room,113,1
Cozy Room in 3 floor Bedstuy Townhouse,524733,Brooklyn,Bedford-Stuyvesant,40.69131862508434238634436042048037052154541015625,-73.9310438190468772745589376427233219146728515625,Private room,60,1
A Quiet Room in the West Village,4173415,Manhattan,West Village,40.73832999999999771034708828665316104888916015625,-74.004199999999997316990629769861698150634765625,Private room,96,1
Latisha luxury place room 3,143127602,Brooklyn,Cypress Hills,40.6834029999999984283931553363800048828125,-73.883836000000002286469680257141590118408203125,Private room,95,1
Latisha luxury place room 1,143127602,Brooklyn,Cypress Hills,40.6840822345401278425924829207360744476318359375,-73.8832275821830677386969910003244876861572265625,Private room,72,1
"2 Bedrooms - Spacious, Sunny Central Park North",402215343,Manhattan,Harlem,40.79966300000000245518094743601977825164794921875,-73.9545679999999947540345601737499237060546875,Private room,140,1
Cozy Room in Hell's Kitchen,49964890,Manhattan,Hell's Kitchen,40.766840000000001964508555829524993896484375,-73.987660000000005311449058353900909423828125,Private room,60,1
Short shine apt,490259984,Bronx,Kingsbridge,40.86987796852820764570424216799437999725341796875,-73.902215836111025737409363500773906707763671875,Private room,74,1
2 bedrooms in the heart of Astoria,44106439,Queens,Astoria,40.76695000000000135287336888723075389862060546875,-73.9109799999999950159690342843532562255859375,Private room,129,1
"Room near NYU Langone, 5min Subway, 10min Ferry",264569855,Brooklyn,Sunset Park,40.6446600000000017871570889838039875030517578125,-74.01870999999999867213773541152477264404296875,Private room,40,1
"Large Private Room, Breathtaking City Views",241378877,Queens,Long Island City,40.747748425529408677903120405972003936767578125,-73.9386343788700486356901819817721843719482421875,Private room,138,1
Private Room by Barclays Center!,1800512,Brooklyn,Prospect Heights,40.6814886449575823235136340372264385223388671875,-73.97471282593772912150598131120204925537109375,Private room,81,1
THE GRAY ROOM - CLEAN COMFORTABLE & CLOSE TO CITY,21091779,Brooklyn,Bedford-Stuyvesant,40.68643999999999749661583337001502513885498046875,-73.921300000000002228262019343674182891845703125,Private room,55,1
Ease and Rejuvinate in the City - Comfy Bunk Beds!,499074026,Queens,Astoria,40.769011838525642588137998245656490325927734375,-73.909056061659839542699046432971954345703125,Private room,39,1
Great Space..  Central Park Area!,527811,Manhattan,East Harlem,40.797020000000003392415237613022327423095703125,-73.949489999999997280610841698944568634033203125,Private room,74,1
Big private bed/bath in penthouse!,46096478,Brooklyn,Prospect Heights,40.6790299999999973579178913496434688568115234375,-73.9686899999999951660356600768864154815673828125,Private room,90,1
17183loves home,119692067,Brooklyn,Borough Park,40.64336383418135056899700430221855640411376953125,-74.00064796689963486642227508127689361572265625,Private room,62,1
Lodgings On The Horizon-Lovely Voluminous Room,87241639,Brooklyn,Flatlands,40.62616129999999969868440530262887477874755859375,-73.9313092999999952326106722466647624969482421875,Private room,90,1
Treehouse Loft in Bushwick!,377244856,Brooklyn,Williamsburg,40.7097832900913232379025430418550968170166015625,-73.921897774639404588015167973935604095458984375,Private room,71,1
Private Room Near Major Transportation,43887166,Brooklyn,Crown Heights,40.6693599999999975125319906510412693023681640625,-73.95711000000000012732925824820995330810546875,Private room,60,1
Cozy private room in flushing 1,475832490,Queens,Flushing,40.754105851979403496443410404026508331298828125,-73.8164248419615915963731822557747364044189453125,Private room,59,1
Loved by NYLocals Private Room SoHo,2695451,Manhattan,SoHo,40.7255706787109375,-74.00360870361328125,Private room,95,1
Ease & recharge - TwinXL Bunk Bed for 2!,499074026,Queens,Astoria,40.7679912554535093249796773307025432586669921875,-73.907518966618653166733565740287303924560546875,Private room,37,1
Spacious Private Room with Window. Perfect space!,499074026,Queens,Astoria,40.7676371092745313262639683671295642852783203125,-73.909033306465374835170223377645015716552734375,Private room,39,1
Living in the Manhattan,50594702,Manhattan,Washington Heights,40.83153999999999683723217458464205265045166015625,-73.9425399999999939382178126834332942962646484375,Private room,50,1
"Comfortable Stay! Parking, Pets Allowed",496944100,Manhattan,SoHo,40.72002638996284673567060963250696659088134765625,-73.9989118035603468115368741564452648162841796875,Private room,427,1
Private bedroom and bathroom,45754257,Bronx,Kingsbridge,40.8854853520282830459109391085803508758544921875,-73.90598122643831402456271462142467498779296875,Private room,92,1
LOVELY Clean&Safe 2 BR NYC Suburban,43637999,Staten Island,Great Kills,40.5461499999999972487785271368920803070068359375,-74.1465400000000016689227777533233165740966796875,Private room,109,1
Private room in hell's kitchen,499897372,Manhattan,Hell's Kitchen,40.765542752176060048441286198794841766357421875,-73.9937829114198137858693371526896953582763671875,Private room,105,1
Beautiful room up to 5 people,27648573,Queens,Rego Park,40.72606999999999999317878973670303821563720703125,-73.8603499999999968395059113390743732452392578125,Private room,70,1
Comfortable private room!,489955848,Manhattan,Upper West Side,40.7976948000000021465893951244652271270751953125,-73.9628230000000002064552973024547100067138671875,Private room,95,1
纽约之家(PrivateBathroom4),45600001,Queens,Flushing,40.74582000000000192585503100417554378509521484375,-73.8315300000000007685230229981243610382080078125,Private room,68,1
Lucky house room 2,500586832,Brooklyn,Cypress Hills,40.67942000000000035697667044587433338165283203125,-73.89596000000000231011654250323772430419921875,Private room,30,1
Attic private room #5,481018020,Queens,Jamaica,40.69411765202024611198794445954263210296630859375,-73.8030743697598126118464278988540172576904296875,Private room,35,1
NYC suite private Bath+Balcony 8 min Times Square,10164435,Queens,Astoria,40.75739999999999696456143283285200595855712890625,-73.92613000000000056388671509921550750732421875,Private room,73,1
The JFK spot,147202249,Queens,Far Rockaway,40.598304415958949675768963061273097991943359375,-73.7529226305262994856093428097665309906005859375,Private room,47,1
Private bedroom & bath in Red Hook Bklyn for solo,45694156,Brooklyn,Red Hook,40.6768900000000002137312549166381359100341796875,-74.014589999999998326529748737812042236328125,Private room,60,1
Cozy private room with balcony 2,475832490,Queens,Flushing,40.7543131926226323002993012778460979461669921875,-73.8150074907690623149392195045948028564453125,Private room,69,1
Room in the heart of Manhattan,413542489,Manhattan,Washington Heights,40.84562497485767806892908993177115917205810546875,-73.94343405974319693996221758425235748291015625,Private room,51,1
纽约之家(SunnyHome2),45600001,Queens,Flushing,40.744270000000000209183781407773494720458984375,-73.831919999999996662154444493353366851806640625,Private room,58,1
Cozy private room with balcony 3,475832490,Queens,Flushing,40.75609954497910081272493698634207248687744140625,-73.8162270282459331838254001922905445098876953125,Private room,69,1
Habitacion Grande con cama.,473454112,Queens,College Point,40.7883199999999987994669936597347259521484375,-73.84332000000000562067725695669651031494140625,Private room,44,1
Room in private Victorian house,22420999,Queens,Richmond Hill,40.69565999999999661440597265027463436126708984375,-73.832480000000003883542376570403575897216796875,Private room,56,1
Have an unforgettable experience,500533959,Bronx,Baychester,40.875979999999998426574165932834148406982421875,-73.84260000000000445652403868734836578369140625,Private room,56,1
Beautiful modern room with private bathroom,27240092,Manhattan,Gramercy,40.735579999999998790372046642005443572998046875,-73.981809999999995852704159915447235107421875,Private room,132,1
Nice room up 2 p. next to all,27648573,Queens,Rego Park,40.72606999999999999317878973670303821563720703125,-73.8603499999999968395059113390743732452392578125,Private room,58,1
Sunny Private Room- Shared Apt,333057838,Brooklyn,Flatbush,40.6472533298039735427664709277451038360595703125,-73.9638144919977804647714947350323200225830078125,Private room,85,1
Most stylish sup huge cozy room,270554496,Brooklyn,Bedford-Stuyvesant,40.69315999999999888814272708259522914886474609375,-73.933549999999996771293808706104755401611328125,Private room,75,1
Brand new Queen bed in master room near Columbia,68967630,Manhattan,Morningside Heights,40.8037798505673521276548854075372219085693359375,-73.96435689308219707527314312756061553955078125,Private room,103,1
Beautiful NYC Oasis - Huge Apartment with Yard,143506701,Queens,Astoria,40.77040250612224525639248895458877086639404296875,-73.9270883386230508449443732388317584991455078125,Private room,65,1
Cozy Private Room in W. Heights (Females Only),390730096,Manhattan,Washington Heights,40.834991529447989933032658882439136505126953125,-73.94122945393354484622250311076641082763671875,Private room,55,1
Hip 1 bedroom in Downtown NY,224976669,Manhattan,SoHo,40.7194300000000026784618967212736606597900390625,-74.00150999999999612555257044732570648193359375,Private room,304,1
Astoria Gem 20 min from Midtown,24122579,Queens,Astoria,40.75819678328431194813674665056169033050537109375,-73.923833719014311327555333264172077178955078125,Private room,96,1
"Full Bedroom Avaliable, Astoria",1411399,Queens,Astoria,40.76675999999999788769855513237416744232177734375,-73.9127600000000057889337767846882343292236328125,Private room,66,1
1 Bedroom/1 Bathroom in Riverdale (close to HIR),10024006,Bronx,Riverdale,40.88635000000000019326762412674725055694580078125,-73.90973999999999932697392068803310394287109375,Private room,65,1
Renovated Private Room in Artist's Loft Building,23510890,Bronx,Port Morris,40.810018341422079402036615647375583648681640625,-73.9316308302954183773181284777820110321044921875,Private room,71,1
LaGuardia Room(2) with Private Entrance,31851704,Queens,East Elmhurst,40.75921000000000304908098769374191761016845703125,-73.875799999999998135535861365497112274169921875,Private room,45,1
bk house,75431126,Brooklyn,Bedford-Stuyvesant,40.6904832529427693543766508810222148895263671875,-73.954668242525457344527239911258220672607421875,Private room,179,1
Room in colorful Bushwick SUPER close to subways!,1423123,Brooklyn,Williamsburg,40.70058000000000220097717829048633575439453125,-73.94405000000000427462509833276271820068359375,Private room,35,1
3 bedrooms 2 bath/luxury condos/pectacular view,476223618,Manhattan,Harlem,40.8093199999999995952748577110469341278076171875,-73.9440699999999964120434015057981014251708984375,Private room,190,1
Tranquil Oasis in the fast pace of NYC-Expanded,229695499,Manhattan,Lower East Side,40.7185300000000012232703738845884799957275390625,-73.9839999999999946567186270840466022491455078125,Private room,270,1
Lovely and peaceful room close to LaGuardia,398970490,Queens,East Elmhurst,40.7654399999999981218934408389031887054443359375,-73.8796999999999997044142219237983226776123046875,Private room,52,1
Cozy Private Bedroom in Large Apartment,41339282,Queens,Elmhurst,40.746160000000003265085979364812374114990234375,-73.874830000000002883098204620182514190673828125,Private room,59,1
Malcolm 4 - Beautiful New Private Bedroom,463464923,Brooklyn,Bedford-Stuyvesant,40.6902199999999965029928716830909252166748046875,-73.931950000000000500222085975110530853271484375,Private room,49,1
Modern Luxury Queen Room Near Central Park,261761719,Manhattan,Midtown,40.764510000000001355147105641663074493408203125,-73.983599999999995588950696401298046112060546875,Private room,274,1
Private 1 Bedroom Rental with Desk,334611519,Queens,Flushing,40.7559899999999970532371662557125091552734375,-73.8029099999999971259967423975467681884765625,Private room,55,1
You Found It! Minutes to Verizon Plaza,25138314,Manhattan,Midtown,40.7486099999999993315213941968977451324462890625,-73.9859799999999978581399773247539997100830078125,Private room,213,1
Modern Two Queen Near Central Park,261761719,Manhattan,Midtown,40.764510000000001355147105641663074493408203125,-73.983599999999995588950696401298046112060546875,Private room,350,1
Cozy room/Private bath. in the room. Mid Flushing,205745676,Queens,Flushing,40.75930000000000319460013997741043567657470703125,-73.8199000000000040699887904338538646697998046875,Private room,91,1
Sunlit Bedroom & Private Bathroom (Females only),62133767,Manhattan,East Harlem,40.7958799999999968122210702858865261077880859375,-73.947530000000000427462509833276271820068359375,Private room,78,1
Stunning bright apt/Fast Wifi/Very central,483477192,Queens,Long Island City,40.75540075822824093165763770230114459991455078125,-73.9415247738361358642578125,Private room,189,1
Private room in Greenpoint,224362055,Brooklyn,Greenpoint,40.72988000000000141653799801133573055267333984375,-73.9596356999999926529199001379311084747314453125,Private room,179,1
Modern Private King Room Near Central Park,261761719,Manhattan,Midtown,40.764510000000001355147105641663074493408203125,-73.983599999999995588950696401298046112060546875,Private room,291,1
Spacious LGBTQ+ Brooklyn Master King Bedroom,398191111,Brooklyn,Brownsville,40.6555000000000035242919693700969219207763671875,-73.9064800000000019508661353029310703277587890625,Private room,295,1
Cozy cute room in Harlem,160927474,Manhattan,Harlem,40.81331000000000130967237055301666259765625,-73.9500699999999966394170769490301609039306640625,Private room,100,1
1 Bedroom Rental in Flushing near MTA,334611519,Queens,Flushing,40.75625000000000142108547152020037174224853515625,-73.8048299999999954934537527151405811309814453125,Private room,55,1
Private 1-bedroom in Gramercy/Union Square,48539240,Manhattan,Gramercy,40.735590000000001964508555829524993896484375,-73.9847199999999958208718453533947467803955078125,Private room,120,1
Large Private Skylit Bedroom with Desk,113892395,Brooklyn,East New York,40.67148999999999858800947549752891063690185546875,-73.8913199999999932288119453005492687225341796875,Private room,62,1
1-Bedroom Private Room with King Size Bed,475699129,Brooklyn,Sheepshead Bay,40.58406000000000091176843852736055850982666015625,-73.9599199999999967758412822149693965911865234375,Private room,89,1
Private Room in Midtown at Royalton Hotel,261632622,Manhattan,Theater District,40.75547000000000252839527092874050140380859375,-73.9845700000000050522430683486163616180419921875,Private room,199,1
Spacious one bedroom in Bronx NY,91902742,Bronx,Mount Hope,40.8487300000000033151081879623234272003173828125,-73.9036100000000004683897714130580425262451171875,Private room,85,1
Cozy bedroom Clinton Hill near Navy Yard,60128641,Brooklyn,Clinton Hill,40.69615999999999900182956480421125888824462890625,-73.9646500000000060026650317013263702392578125,Private room,128,1
come and expireance the best of bklyn,94214493,Brooklyn,East Flatbush,40.65543999999999869032762944698333740234375,-73.9165600000000040381564758718013763427734375,Private room,68,1
La posada de Pablo,144839232,Bronx,Mott Haven,40.81006000000000000227373675443232059478759765625,-73.9201800000000019963408703915774822235107421875,Private room,55,1
Moderno Dpto de Ambiente Tranquilo y Amigable.,354181313,Brooklyn,Crown Heights,40.67350239999999672591002308763563632965087890625,-73.9211454000000003361492417752742767333984375,Private room,65,1
Modern Room & Private Bathroom!,489660544,Queens,Woodside,40.74226791631055988318621530197560787200927734375,-73.90788063197743440468912012875080108642578125,Private room,72,1
Cosy private room in our Townhouse,10580254,Bronx,Mount Hope,40.84725999999999856981958146207034587860107421875,-73.905180000000001427906681783497333526611328125,Private room,40,1
Modern King Bed roll-in shower Near Central Park,261761719,Manhattan,Midtown,40.764510000000001355147105641663074493408203125,-73.983599999999995588950696401298046112060546875,Private room,291,1
Lovely sunlit bedroom in bedstuy/clinton hill Bk,26081002,Brooklyn,Bedford-Stuyvesant,40.68184999999999718056642450392246246337890625,-73.952619999999996025508153252303600311279296875,Private room,116,1
Private room. With bathroom inside. Mid-Flushing,205745676,Queens,Flushing,40.7587400000000030786395655013620853424072265625,-73.8213099999999968758856994099915027618408203125,Private room,98,1
1-Bedroom Private Room with Queen Size Bed,475699129,Brooklyn,Sheepshead Bay,40.58433000000000134832589537836611270904541015625,-73.959080000000000154614099301397800445556640625,Private room,79,1
Gem In JFK Airport,249757880,Queens,Laurelton,40.67573999999999756482793600298464298248291015625,-73.747849999999999681676854379475116729736328125,Private room,64,1
Boutique Hotel experience in NYC One Queen Bed,482784187,Manhattan,Midtown,40.7588700000000017098500393331050872802734375,-73.9681700000000006411937647499144077301025390625,Private room,217,1
1 Bedroom Rental close to MTA Bus Stops,355770584,Queens,Flushing,40.75627999999999673264028388075530529022216796875,-73.8043499999999994543031789362430572509765625,Private room,60,1
Spacious apt in heart of Downtown!,13412408,Manhattan,SoHo,40.7267700000000019144863472320139408111572265625,-74.000259999999997262420947663486003875732421875,Private room,120,1
Small and cozy but loving vibes,304437303,Brooklyn,Williamsburg,40.7142199999999974124875734560191631317138671875,-73.9620100000000064710548031143844127655029296875,Private room,120,1
"Prime Location! Pets Allowed, Walk to Bryant Park!",174792040,Manhattan,Theater District,40.75571000000000054797055781818926334381103515625,-73.9835000000000064801497501321136951446533203125,Private room,467,1
The Green Room,418726582,Brooklyn,East Flatbush,40.65708000000000055251803132705390453338623046875,-73.9335899999999952569851302541792392730712890625,Private room,75,1
Large size private bedroom in shared apartment,475812927,Manhattan,East Harlem,40.79608999999999952024154481478035449981689453125,-73.9389400000000023283064365386962890625,Private room,62,1
Orange Room,68570119,Manhattan,Harlem,40.83012999999999692590790800750255584716796875,-73.94101000000000567524693906307220458984375,Private room,159,1
Hotel like vybz,454700211,Brooklyn,Bedford-Stuyvesant,40.6780899999999974170350469648838043212890625,-73.9397100000000051522874855436384677886962890625,Private room,150,1
"Rare Gem! 2 Convenient Units, Pets Allowed",25138314,Manhattan,Midtown,40.74739000000000288537194137461483478546142578125,-73.985500000000001818989403545856475830078125,Private room,548,1
"You Found it! Pets Allowed, Near Verizon Plaza",174792040,Manhattan,Theater District,40.7555899999999979854692355729639530181884765625,-73.9848300000000023146640160121023654937744140625,Private room,467,1
Indulge in Home Like Comfort! Pet-friendly,174792040,Manhattan,Theater District,40.755639999999999645297066308557987213134765625,-73.983599999999995588950696401298046112060546875,Private room,448,1
A Place You'll Surely Enjoy! Pets Allowed,174792040,Manhattan,Theater District,40.75562000000000040245140553452074527740478515625,-73.9836700000000035970515455119311809539794921875,Private room,448,1
"Prime Location! Pets Allowed, Near Verizon Plaza",174792040,Manhattan,Midtown,40.75576000000000220779838855378329753875732421875,-73.983260000000001355147105641663074493408203125,Private room,440,1
Private Room 428|Shared Bathroom,401202937,Manhattan,Midtown,40.74640000000000128466126625426113605499267578125,-73.98718999999999823558027856051921844482421875,Private room,60,1
Happy days,234234513,Manhattan,East Harlem,40.7919499999999999317878973670303821563720703125,-73.9394400000000047157300286926329135894775390625,Private room,180,1
Private full bathroom/tub in lovely cosmos bedroom,473963067,Brooklyn,Bedford-Stuyvesant,40.6941699999999997316990629769861698150634765625,-73.9346900000000033514879760332405567169189453125,Private room,100,1
Prime Location! 2 Units Near Rockefeller Center!,25138314,Manhattan,Midtown,40.74844999999999828332875040359795093536376953125,-73.9858200000000039153746911324560642242431640625,Private room,562,1
Cozy Room in Three Bedroom Apartment,393076353,Brooklyn,Crown Heights,40.67596669999999647870936314575374126434326171875,-73.9147339000000016540070646442472934722900390625,Private room,50,1
Big Apple Getaway! Steps from Chrysler Building!,25138314,Manhattan,Murray Hill,40.74962000000000017507773009128868579864501953125,-73.97678999999999405190465040504932403564453125,Private room,1189,1
Comfort and Relaxation! Pets are Welcome!,174792040,Manhattan,Theater District,40.7571099999999972851583152078092098236083984375,-73.984960000000000945874489843845367431640625,Private room,429,1
Relax and Recharge! Close to Rockefeller Center!,174792040,Manhattan,Theater District,40.75556999999999874262357479892671108245849609375,-73.984970000000004120010999031364917755126953125,Private room,421,1
Sunlit Private Room One Block off Subway (3 & 4),46201715,Brooklyn,Crown Heights,40.66725999999999885403667576611042022705078125,-73.93058999999999514329829253256320953369140625,Private room,85,1
Cozy room with queen size bed in shared apartment,475812927,Manhattan,East Harlem,40.79585999999999756937540951184928417205810546875,-73.9388200000000068712324718944728374481201171875,Private room,72,1
Private room w/ Roku TV,293491218,Queens,Flushing,40.76313999999999992951416061259806156158447265625,-73.7969599999999985584508976899087429046630859375,Private room,54,1
"Relax and Recharge! Two Units, Pets are Welcome!",25138314,Manhattan,Midtown,40.7466500000000024783730623312294483184814453125,-73.9857999999999975671016727574169635772705078125,Private room,543,1
You Found it! Pet-friendly Property Near MoMA!,174792040,Manhattan,Theater District,40.7575599999999980127540766261518001556396484375,-73.984049999999996316546457819640636444091796875,Private room,429,1
"You Found it! Pets Allowed, Near Verizon Plaza",174792040,Manhattan,Theater District,40.75578999999999751935320091433823108673095703125,-73.985330000000004702087608166038990020751953125,Private room,457,1
Just What You Were Looking For! Pets Allowed,174792040,Manhattan,Theater District,40.75733000000000316731529892422258853912353515625,-73.9855199999999939564077067188918590545654296875,Private room,449,1
City life Room - heart of Harlem,16237288,Manhattan,Harlem,40.8135199999999969122654874809086322784423828125,-73.9382599999999996498445398174226284027099609375,Private room,93,1
Comfort Meets Relaxation! Pets are Welcome!,25138314,Manhattan,Midtown,40.7475400000000007594280759803950786590576171875,-73.9874099999999970123099046759307384490966796875,Private room,234,1
lovely private room #1,465353472,Bronx,Highbridge,40.841149999999998954081092961132526397705078125,-73.92658000000000129148247651755809783935546875,Private room,50,1
"Steps Away from Empire State Building, Two Units!",174792040,Manhattan,Murray Hill,40.75126999999999810597728355787694454193115234375,-73.978039999999992915036273188889026641845703125,Private room,690,1
Private Bedroom in Super Comfortable NYC Apt.,160611440,Manhattan,Upper West Side,40.79837799072265625,-73.9712982177734375,Private room,99,1
Your Home Away From Home! 2 Relaxing Units,25138314,Manhattan,Midtown,40.74696000000000140062184073030948638916015625,-73.985410000000001673470251262187957763671875,Private room,548,1
"Private clean room in NYC, 8 min Times Square",10164435,Queens,Astoria,40.757080000000001973603502847254276275634765625,-73.9259899999999987585397320799529552459716796875,Private room,55,1
"Queens Apartment (10' from JFK, 30' from midtown)",328093301,Queens,Springfield Gardens,40.67405999999999721694621257483959197998046875,-73.7626699999999999590727384202182292938232421875,Private room,150,1
Private 1 Bedroom Rental near MTA buses,355770584,Queens,Flushing,40.7561194003696272147863055579364299774169921875,-73.803196882737353234915644861757755279541015625,Private room,60,1
Rm#4 Private Room Full Size Bed 1 Guest Only,211136294,Bronx,Schuylerville,40.836681365966796875,-73.8342132568359375,Private room,50,1
Cozy room with private half bath near JFK & LGA,488997576,Queens,Jamaica,40.694973099999998567000147886574268341064453125,-73.798562599999996791666490025818347930908203125,Private room,83,1
"Newly remodeled private room near JFK, 1 Queen bed",488997576,Queens,Jamaica,40.6961399999999997589839040301740169525146484375,-73.7994699999999994588506524451076984405517578125,Private room,75,1
Cozy Wood Room in Bay Ridge,207195903,Brooklyn,Bay Ridge,40.6274700000000024147084332071244716644287109375,-74.022120000000001027729013003408908843994140625,Private room,80,1
Lou's Palace & Retreat 7-so much for so little,228415932,Queens,Rosedale,40.65490650000000272257238975726068019866943359375,-73.7421207999999950288838590495288372039794921875,Private room,51,1
Cozy and quiet private bedroom in heart of Astoria,157258161,Queens,Astoria,40.7655299999999982674125931225717067718505859375,-73.9272299999999944475348456762731075286865234375,Private room,58,1
Walk to Bryant Park! 4 Family-friendly Units!,174792040,Manhattan,Theater District,40.7573399999999992360244505107402801513671875,-73.983959999999996171027305535972118377685546875,Private room,2057,1
Spotless. Private bath. in room. Center Flushing.,205745676,Queens,Flushing,40.759219999999999117790139280259609222412109375,-73.819580000000001973603502847254276275634765625,Private room,98,1
Rome’s Oasis.Close to JFK,488801886,Queens,Jamaica,40.67846999999999724195731687359511852264404296875,-73.7955500000000057525539887137711048126220703125,Private room,65,1
Artistic LGBTQ+ Loft Vibe Brooklyn Queen Bedroom,398191111,Brooklyn,Brownsville,40.65742000000000189174897968769073486328125,-73.90676999999999452484189532697200775146484375,Private room,371,1
Comfort room w/Private bath. In room. Mid-Flushing,205745676,Queens,Flushing,40.7595400000000012141754268668591976165771484375,-73.8198100000000039244696381501853466033935546875,Private room,91,1
Habitación con Baño Privado en Jackson Heights,223087887,Queens,Jackson Heights,40.75276000000000209411155083216726779937744140625,-73.89442999999999983629095368087291717529296875,Private room,85,1
Comfort and Convenience! Two Pet-friendly Units!,25138314,Manhattan,Midtown,40.7488799999999997680788510479032993316650390625,-73.9876799999999974488673615269362926483154296875,Private room,581,1
Rare Find! 2 Relaxing Pet-friendly Units,25138314,Manhattan,Midtown,40.7466500000000024783730623312294483184814453125,-73.9872199999999935471350909210741519927978515625,Private room,581,1
Home away from home (safe space for QTPOC& women),24614094,Brooklyn,Bedford-Stuyvesant,40.68885999999999825149643584154546260833740234375,-73.9447899999999975761966197751462459564208984375,Private room,50,1
Rome’s breathtaking oasis.Close to JFK,488801886,Queens,Jamaica,40.67775999999999925194060779176652431488037109375,-73.7934500000000070940586738288402557373046875,Private room,65,1
Central Park West,458074798,Manhattan,Harlem,40.80212000000000216459739021956920623779296875,-73.9547199999999946840034681372344493865966796875,Private room,67,1
QUICK! Private room in shared basement,374799676,Brooklyn,Sunset Park,40.64368999999999942929207463748753070831298828125,-74.0122099999999960573404678143560886383056640625,Private room,40,1
Explore More of NYC! Minutes to Grand Central!,174792040,Manhattan,Murray Hill,40.75133000000000293994162348099052906036376953125,-73.9781600000000025829649530351161956787109375,Private room,355,1
Prime Location! Just Steps to Times Square!,174792040,Manhattan,Murray Hill,40.74931000000000125282895169220864772796630859375,-73.9787000000000034560798667371273040771484375,Private room,355,1
"Brooklyn Home close to F,Gtrains",363928053,Brooklyn,Kensington,40.64209000000000315822035190649330615997314453125,-73.9797099999999971942088450305163860321044921875,Private room,39,1
Great private room in Sunnyside NYC 7 min Subway,58234433,Queens,Sunnyside,40.73695000000000021600499167107045650482177734375,-73.9187600000000060163074522279202938079833984375,Private room,47,1
Holiday VILLA EXCLUSIVE,234274506,Brooklyn,Cypress Hills,40.68102999999999980218490236438810825347900390625,-73.87533999999999423380359075963497161865234375,Private room,70,1
Spacious room in LIC,189404055,Queens,Long Island City,40.75327999999999661895344615913927555084228515625,-73.9325500000000062073013396002352237701416015625,Private room,95,1
Private room in Brooklyn!,488653607,Brooklyn,Crown Heights,40.67269999999999896544977673329412937164306640625,-73.921649999999999636202119290828704833984375,Private room,57,1
Lovely 1 bedroom with a desk and outdoor patio,478732286,Brooklyn,Bedford-Stuyvesant,40.69585000000000007958078640513122081756591796875,-73.9438499999999976353137753903865814208984375,Private room,70,1
Private Bedroom in LES Manhattan,111624886,Manhattan,East Village,40.723666324196273080815444700419902801513671875,-73.9894318771562069514402537606656551361083984375,Private room,98,1
Beautiful 1 bedroom with desk and outdoor patio,478732286,Brooklyn,Bedford-Stuyvesant,40.6940000000000026147972675971686840057373046875,-73.9444400000000001682565198279917240142822265625,Private room,74,1
Habitación Privada,409771624,Queens,Sunnyside,40.74222300000000274167177849449217319488525390625,-73.9233100000000007412381819449365139007568359375,Private room,69,1
Floor-Through Boutique Condo,489774110,Manhattan,Lower East Side,40.72151800000000321233528666198253631591796875,-73.9850043999999940069756121374666690826416015625,Private room,289,1
"Stunner, private room in Midtown at Royalton Hotel",261632622,Manhattan,Theater District,40.75547000000000252839527092874050140380859375,-73.9845700000000050522430683486163616180419921875,Private room,239,1
"SMALL ROOM/15 MIN CENTRAL PARK,TIME SQUEARE.",18523979,Queens,Sunnyside,40.7450400000000030331648304127156734466552734375,-73.9131100000000031968738767318427562713623046875,Private room,75,1
NYC PrivateRoom B Wide KING BED With Own Bathroom,314467728,Queens,Flushing,40.75793999999999783767634653486311435699462890625,-73.8338700000000045520209823735058307647705078125,Private room,85,1
NYC PrivateRoom C Wide QUEEN BED With Own Bathroom,314467728,Queens,Flushing,40.759219999999999117790139280259609222412109375,-73.8340400000000016689227777533233165740966796875,Private room,85,1
Boutique Hotel experience in NYC One Queen Bed,482784187,Manhattan,Midtown,40.7597200000000015052137314341962337493896484375,-73.9680599999999941474015940912067890167236328125,Private room,217,1
1-Bedroom Private Room with King Size Bed,475699129,Brooklyn,Sheepshead Bay,40.5834899999999976216713548637926578521728515625,-73.9598799999999982901499606668949127197265625,Private room,89,1
Mint room. Private bath. in room Central  Flushing,205745676,Queens,Flushing,40.75950999999999879719325690530240535736083984375,-73.8213899999999938472683425061404705047607421875,Private room,91,1
Cozy room at LOWER EAST SIDE,383080007,Manhattan,Lower East Side,40.71912999999999982492226990871131420135498046875,-73.9884200000000049612935981713235378265380859375,Private room,90,1
"420 friedly 30-min 

manh 15 min barkly center",94214493,Brooklyn,East Flatbush,40.65666999999999831061359145678579807281494140625,-73.9183100000000052887116908095777034759521484375,Private room,150,1
Gorgeous room. private-bath. In room Mid Flushing.,205745676,Queens,Flushing,40.7576999999999998181010596454143524169921875,-73.8192499999999967030817060731351375579833984375,Private room,98,1
Affordable bedroom in Brooklyn townhouse.,101498908,Brooklyn,East Flatbush,40.6506200000000035288394428789615631103515625,-73.952269999999998617568053305149078369140625,Private room,60,1
Modern Luxury One Bedroom Suite Near Central Park,261761719,Manhattan,Midtown,40.764510000000001355147105641663074493408203125,-73.983599999999995588950696401298046112060546875,Private room,706,1
Modern One Bedroom Suite Near Central Park,261761719,Manhattan,Midtown,40.764510000000001355147105641663074493408203125,-73.983599999999995588950696401298046112060546875,Private room,568,1
Sweet room/Private attached bath central Flushing.,205745676,Queens,Flushing,40.7579199999999985948306857608258724212646484375,-73.8192999999999983629095368087291717529296875,Private room,98,1
Very cozy space for rent in Brooklyn,210147522,Brooklyn,Dyker Heights,40.63058000000000191676008398644626140594482421875,-74.014510000000001355147105641663074493408203125,Private room,92,1
"Relax and Recharge! 2 Relaxing Units, Pets Allowed",25138314,Manhattan,Midtown,40.7470100000000030604496714659035205841064453125,-73.9873999999999938381733954884111881256103515625,Private room,666,1
Great Relaxing Stay! Two Pet-friendly Units!,25138314,Manhattan,Midtown,40.74882999999999810825102031230926513671875,-73.9860000000000042064129956997931003570556640625,Private room,666,1
Perfect Location in Queens,411757269,Queens,Elmhurst,40.73438999999999765577740618027746677398681640625,-73.870980000000002974047674797475337982177734375,Private room,66,1
NYC PrivateRoom A King Bedroom W/Own Bathroom,314467728,Queens,Flushing,40.7576600000000013324097380973398685455322265625,-73.8339799999999968349584378302097320556640625,Private room,85,1
Relax and Recharge! 2 Units Near Herald Square!,25138314,Manhattan,Midtown,40.74739000000000288537194137461483478546142578125,-73.987359999999995352482073940336704254150390625,Private room,666,1
Sunnyside BR w/mini fridge & Keurig mins LGA & NYC,64119235,Queens,Woodside,40.746769999999997935447026975452899932861328125,-73.9118399999999979854692355729639530181884765625,Private room,104,1
New york Lovely Guest Room.,34992043,Queens,Flushing,40.7385900000000020781953935511410236358642578125,-73.8292000000000001591615728102624416351318359375,Private room,75,1
Extravagant bedroom space,238547463,Queens,Flushing,40.72668999999999783767634653486311435699462890625,-73.809110000000003992681740783154964447021484375,Private room,50,1
Very Cozy Bedroom available in Private House,488961311,Brooklyn,East New York,40.66635169999999988021954777650535106658935546875,-73.889799699999997528720996342599391937255859375,Private room,85,1
Blue Room,68570119,Manhattan,Harlem,40.8294700000000005957190296612679958343505859375,-73.940799999999995861799106933176517486572265625,Private room,159,1
Cuarto privado,143169709,Brooklyn,Crown Heights,40.67423549999998755311025888659060001373291015625,-73.92977960000001758089638315141201019287109375,Private room,120,1
Near Iconic Attractions! Walk to Empire State!,174792040,Manhattan,Murray Hill,40.7509500000000031150193535722792148590087890625,-73.9763599999999996725819073617458343505859375,Private room,404,1
PS5 Roku 2 TVs  75 55 WiFi Near JFK Train Deli 420,141645843,Queens,Jamaica,40.68203729999999751498762634582817554473876953125,-73.796816199999994978497852571308612823486328125,Private room,80,1
Large room. private bath. in room.  Mid-Flushing,205745676,Queens,Flushing,40.75898000000000109821485239081084728240966796875,-73.8213899999999938472683425061404705047607421875,Private room,98,1
Relaxation Meets Convenience! Pets Allowed,25138314,Manhattan,Midtown,40.74873000000000189402271644212305545806884765625,-73.9868000000000023419488570652902126312255859375,Private room,224,1
Central Park Plazas,458074798,Manhattan,Harlem,40.80201000000000277623257716186344623565673828125,-73.9547400000000010322764865122735500335693359375,Private room,114,1
"Pleasant Stay! 2 Units, Steps to Herald Square!",25138314,Manhattan,Midtown,40.74866999999999706005837651900947093963623046875,-73.9876900000000006230038707144558429718017578125,Private room,567,1
Rome’s Delux Oasis. Close to JFK,488801886,Queens,Jamaica,40.67996000000000123009158414788544178009033203125,-73.7932700000000068030203692615032196044921875,Private room,84,1
Fabulous One Bedroom In NYC!,250124566,Bronx,Morris Heights,40.84940000000000281943357549607753753662109375,-73.9227499999999935198502498678863048553466796875,Private room,75,1
Luxury King Room Near Central Park,261761719,Manhattan,Midtown,40.764510000000001355147105641663074493408203125,-73.983599999999995588950696401298046112060546875,Private room,308,1
peaceful private 1 bedroom,478732286,Brooklyn,Bedford-Stuyvesant,40.695187882446361982147209346294403076171875,-73.9425050135188399735852726735174655914306640625,Private room,70,1
"Three Pet-friendly Units, Minutes from MoMA!",25138314,Manhattan,Midtown,40.7481700000000017780621419660747051239013671875,-73.9856099999999941019268590025603771209716796875,Private room,1105,1
Splendid Penthouse Suite,212484716,Manhattan,Midtown,40.75697000000000258523868978954851627349853515625,-73.96508000000000038198777474462985992431640625,Private room,1259,1
Luxe Room With 2 Full Beds Near Time Square,480637402,Manhattan,Midtown,40.7551399999999972578734741546213626861572265625,-73.9826599999999956480678520165383815765380859375,Private room,382,1
Tryp by Wyndham -Luxury Sleeps 6 - Times Square,38592279,Manhattan,Hell's Kitchen,40.752600000000001045918907038867473602294921875,-73.9937800000000009958966984413564205169677734375,Private room,373,1
Full-size bed in Jamaica kew gardens Richmond hill,200047329,Queens,Richmond Hill,40.70141000000000275349520961754024028778076171875,-73.8286599999999992860466591082513332366943359375,Private room,60,1
Look No More! Pets Allowed HERE!,25138314,Manhattan,Midtown,40.74669999999999703277353546582162380218505859375,-73.9855199999999939564077067188918590545654296875,Private room,211,1
Oasis 2,90930266,Bronx,Melrose,40.8190000000000026147972675971686840057373046875,-73.9140000000000014779288903810083866119384765625,Private room,59,1
Art-Inspired Oasis in Midtown! 3 Relaxing Units!,174792040,Manhattan,Murray Hill,40.75050999999999845613274374045431613922119140625,-73.9784499999999951569407130591571331024169921875,Private room,1064,1
Fun Escape Near Central Park! 3 Pet-friendly Units,174792040,Manhattan,Murray Hill,40.75081999999999737838152213953435420989990234375,-73.97647000000000616637407802045345306396484375,Private room,1056,1
Urban Oasis! 2 Relaxing Units Near Times Square!,174792040,Manhattan,Murray Hill,40.75115000000000264890331891365349292755126953125,-73.9780899999999945748641039244830608367919921875,Private room,690,1
You can find everything in the neighborhood.,246351353,Brooklyn,Prospect-Lefferts Gardens,40.66288999999999731471689301542937755584716796875,-73.95756000000000085492501966655254364013671875,Private room,67,1
Sunny LGBTQ+ friendly Brooklyn Queen Room,398191111,Brooklyn,Brownsville,40.6573800000000034060576581396162509918212890625,-73.9087099999999992405719240196049213409423828125,Private room,169,1
Cozy Room in Loft Apartment,63158102,Brooklyn,Williamsburg,40.71365999999999729652699897997081279754638671875,-73.9662699999999944111550576053559780120849609375,Private room,76,1
Rare Gem! Near Museum of Modern Art,25138314,Manhattan,Midtown,40.74674999999999869260136620141565799713134765625,-73.9873099999999936926542432047426700592041015625,Private room,234,1
Urban Oasis! 3 Accessible Units Near Central Park!,174792040,Manhattan,Murray Hill,40.74947999999999836973074707202613353729248046875,-73.978710000000006630216375924646854400634765625,Private room,1036,1
smart tv Queen bed In boutique ap the best of bk,393076353,Brooklyn,Crown Heights,40.67596669999999647870936314575374126434326171875,-73.9147339000000016540070646442472934722900390625,Private room,53,1
Amazing Luxe Family Suite | Time Square Nearby,480637402,Manhattan,Midtown,40.7548900000000031695890356786549091339111328125,-73.982720000000000482032191939651966094970703125,Private room,582,1
NYC Getaway! 2 Suites Near Providence Athenaeum!,25138314,Manhattan,Murray Hill,40.74942999999999670990291633643209934234619140625,-73.9765799999999984493115334771573543548583984375,Private room,2377,1
Delightful one bedroom suite with private patio.,480475204,Queens,St. Albans,40.7009832811794325380105874501168727874755859375,-73.756178252185549126807018183171749114990234375,Private room,61,1
"Dream NYC Vacay! 4 Units, Walk to Empire State!",174792040,Manhattan,Murray Hill,40.7511300000000034060576581396162509918212890625,-73.9764100000000013324097380973398685455322265625,Private room,1370,1
#2 Private Room KING Bed 5mile JFK by Hotel-Like,263504959,Queens,Woodhaven,40.69342000000000325599103234708309173583984375,-73.8641499999999950887286104261875152587890625,Private room,55,1
Comfort and Relaxation! Pet-friendly Property,174792040,Manhattan,Theater District,40.7559600000000017416823538951575756072998046875,-73.9855299999999971305442159064114093780517578125,Private room,477,1
Joy & Gladness double room,259776956,Brooklyn,Canarsie,40.6289000000000015688783605583012104034423828125,-73.8975200000000000954969436861574649810791015625,Private room,75,1
Look No Further! Pet-friendly Property in NYC!,25138314,Manhattan,Midtown,40.74810000000000087538865045644342899322509765625,-73.9856099999999941019268590025603771209716796875,Private room,273,1
Unforgettable NYC Trip! Minutes from Times Square!,25138314,Manhattan,Midtown,40.74768000000000256477505899965763092041015625,-73.9854299999999938108885544352233409881591796875,Private room,273,1
Apartment in the Heart Of Brooklyn,114828297,Brooklyn,Bedford-Stuyvesant,40.68106999999999828787622391246259212493896484375,-73.9153299999999973124431562609970569610595703125,Private room,125,1
Private full sized room with shared bathroom,17893521,Queens,Maspeth,40.7357099999999974215825204737484455108642578125,-73.899910000000005538822733797132968902587890625,Private room,85,1
Peaceful private bedroom 15 min from Manhattan,157258161,Queens,Astoria,40.76534000000000190766513696871697902679443359375,-73.9270000000000067075234255753457546234130859375,Private room,57,1
1 Bedroom studio with backyard patio,347186956,Brooklyn,East Flatbush,40.65400000000000346744855050928890705108642578125,-73.95193000000000438376446254551410675048828125,Private room,150,1
You Found it! Pet-friendly Property in NYC!,25138314,Manhattan,Midtown,40.747579999999999245119397528469562530517578125,-73.985320000000001527951098978519439697265625,Private room,282,1
Huge Bedroom w/bathroom next to Columbia U!,25182524,Manhattan,Harlem,40.8073499999999995679900166578590869903564453125,-73.9554600000000021964297047816216945648193359375,Private room,104,1
Small Luxe Full Bed Near Time Square!,480637402,Manhattan,Midtown,40.75527000000000299451130558736622333526611328125,-73.9829299999999960846253088675439357757568359375,Private room,232,1
Family-friendly NYC Getaway! 2 Relaxing Units!,25138314,Manhattan,Murray Hill,40.7511099999999970577846397645771503448486328125,-73.9764899999999983037923811934888362884521484375,Private room,2377,1
Look No Further! Pets Allowed HERE!,25138314,Manhattan,Midtown,40.74725000000000108002495835535228252410888671875,-73.987380000000001700755092315375804901123046875,Private room,291,1
Rare Gem! Near Museum of Modern Art,25138314,Manhattan,Midtown,40.746859999999998080966179259121417999267578125,-73.9856999999999942474460112862288951873779296875,Private room,211,1
4 Units in the Heart of Midtown! Near Times Square,174792040,Manhattan,Murray Hill,40.7490700000000032332536648027598857879638671875,-73.9769000000000005456968210637569427490234375,Private room,1408,1
Steps to Verizon Plaza! Three Relaxing Units!,174792040,Manhattan,Murray Hill,40.7512600000000020372681319713592529296875,-73.9772300000000058162186178378760814666748046875,Private room,1028,1
Private room in hallway,147762665,Bronx,Wakefield,40.888249999999999317878973670303821563720703125,-73.85908000000000583895598538219928741455078125,Private room,59,1
"City Escape! 3 Units, Steps to Rockefeller Center!",174792040,Manhattan,Murray Hill,40.74974999999999880628820392303168773651123046875,-73.9766000000000047975845518521964550018310546875,Private room,1056,1
Splendid Junior Suite,212484716,Manhattan,Midtown,40.7582400000000006912159733474254608154296875,-73.9636799999999965393726597540080547332763671875,Private room,469,1
Spacious Private Rm 15min fm JFK/LGA,412948033,Queens,Jamaica Estates,40.7206800000000015415935195051133632659912109375,-73.805059999999997444319888018071651458740234375,Private room,66,1
Stay in the Heart of NYC! Steps to Empire State!,25138314,Manhattan,Midtown,40.7483799999999973806552588939666748046875,-73.9872600000000062436811276711523532867431640625,Private room,388,1
Art filled peaceful paradise EV Union Square,28992997,Manhattan,Greenwich Village,40.73376999999999981127984938211739063262939453125,-73.9925199999999989586285664699971675872802734375,Private room,102,1
Comfort and Convenience! Pet-friendly Property,174792040,Manhattan,Theater District,40.75724000000000302179614664055407047271728515625,-73.98529999999999517967808060348033905029296875,Private room,468,1
"Rare Find! Pets Allowed, Near Top of the Rock",174792040,Manhattan,Theater District,40.7573000000000007503331289626657962799072265625,-73.9839400000000040336090023629367351531982421875,Private room,477,1
Prime Location for Tourists! Near Times Square!,25138314,Manhattan,Midtown,40.74790999999999741021383670158684253692626953125,-73.9869800000000026329871616326272487640380859375,Private room,388,1
A Simple Studio/Entire Apt/JFK abt 5mi,264149311,Queens,St. Albans,40.69386999999999687815943616442382335662841796875,-73.7685900000000032150637707673013210296630859375,Private room,106,1
Art-Inspired Oasis in Midtown! 2 Comfortable Units,25138314,Manhattan,Murray Hill,40.7511099999999970577846397645771503448486328125,-73.9778000000000020008883439004421234130859375,Private room,2377,1
3 Family-Friendly Units! Steps to Battery Park,174792040,Manhattan,Murray Hill,40.7493199999999973215381032787263393402099609375,-73.9780700000000024374458007514476776123046875,Private room,1036,1
Quiet room steps from Grand Central,1883594,Manhattan,Midtown,40.7497699999999980491338646970689296722412109375,-73.9715599999999966485120239667594432830810546875,Private room,299,1
"4 Family-friendly Units, Minutes to Central Park!",174792040,Manhattan,Murray Hill,40.7511300000000034060576581396162509918212890625,-73.9782100000000042427927837707102298736572265625,Private room,1419,1
Brooklyn: Bright Room in Luxury Apartment,362780658,Brooklyn,Bushwick,40.70338000000000278078005067072808742523193359375,-73.9255699999999933424987830221652984619140625,Private room,145,1
M2 A cozy well lit room sleeps 2 on  2 single beds,295128,Bronx,Clason Point,40.81322999999999723286236985586583614349365234375,-73.8532100000000042427927837707102298736572265625,Private room,68,1
1 Bedroom Rental with MTA Buses near,434697141,Queens,Flushing,40.7564100000000024692781153135001659393310546875,-73.8037000000000062982508097775280475616455078125,Private room,60,1
Rare Gem! Short Drive to Strawberry Fields!,25138314,Manhattan,Midtown,40.74830999999999647798176738433539867401123046875,-73.9873300000000000409272615797817707061767578125,Private room,282,1
Esteem's Place Deux,141615596,Bronx,Parkchester,40.83673999999999892906998866237699985504150390625,-73.85827000000000452928361482918262481689453125,Private room,50,1
Queen Size Bed with Balcony dedicated work space.,481108277,Bronx,Wakefield,40.897570000000001755324774421751499176025390625,-73.857529999999997016857378184795379638671875,Private room,80,1
1 Private Bedroom Rental near MTA,434697141,Queens,Flushing,40.75444999999999851070242584683001041412353515625,-73.8047600000000016962076188065111637115478515625,Private room,60,1
Spacious private room in shared apartment,475812927,Manhattan,East Harlem,40.79560000000000030695446184836328029632568359375,-73.938410000000004629328032024204730987548828125,Private room,67,1
Beautiful studio in Elmhurst Apt close to train!,170624318,Queens,Elmhurst,40.74694000000000215777617995627224445343017578125,-73.8735300000000023601387511007487773895263671875,Private room,80,1
"Sunny, well-located room in prime Bushwick",418315426,Brooklyn,Bushwick,40.6965000000000003410605131648480892181396484375,-73.9263299999999929923433228395879268646240234375,Private room,97,1
City Escape! Unit Close to Madison Square Garden!,25138314,Manhattan,Midtown,40.74813999999999936107997200451791286468505859375,-73.9855500000000034788172342814505100250244140625,Private room,388,1
LucioRoom,458813192,Queens,Richmond Hill,40.69660999999999972942532622255384922027587890625,-73.8333999999999974761522025801241397857666015625,Private room,56,1
1 Bedroom Rental with MTA Buses,334611519,Queens,Flushing,40.75654999999999716919774073176085948944091796875,-73.80338000000000420186552219092845916748046875,Private room,60,1
1 Bedroom Rental with MTA Buses nearby,334611519,Queens,Flushing,40.75430999999999670535544282756745815277099609375,-73.8032500000000055706550483591854572296142578125,Private room,60,1
Exciting City Escape! Four Units Near Central Park,174792040,Manhattan,Murray Hill,40.7512100000000003774403012357652187347412109375,-73.978080000000005611582309938967227935791015625,Private room,1419,1
Next-Level Fun Only in NYC! Pets are Allowed!,25138314,Manhattan,Midtown,40.74822999999999950659912428818643093109130859375,-73.9870399999999932560967863537371158599853515625,Private room,273,1
Near Times Square & Central Park! 3 Deluxe Units!,25138314,Manhattan,Midtown,40.7480800000000016325429896824061870574951171875,-73.9870700000000027785063139162957668304443359375,Private room,1105,1
Steps from Broadway! Four Accessible Units!,174792040,Manhattan,Murray Hill,40.74927000000000276713763014413416385650634765625,-73.977159999999997808117768727242946624755859375,Private room,1370,1
"Rare Find! 2 Convenient Units, Pets Allowed",25138314,Manhattan,Midtown,40.747219999999998663042788393795490264892578125,-73.9876200000000068257577368058264255523681640625,Private room,543,1
Getaway In The Big Apple! Relaxing Unit in NYC!,25138314,Manhattan,Midtown,40.7468300000000027694113668985664844512939453125,-73.9860599999999948295226204209029674530029296875,Private room,220,1
Experience NYC Like Never Before! Pet-friendly!,25138314,Manhattan,Midtown,40.74671000000000020691004465334117412567138671875,-73.9871499999999997498889570124447345733642578125,Private room,213,1
Located in a Lively Location! Walk to Times Square,25138314,Manhattan,Midtown,40.74653333835285451414165436290204524993896484375,-73.98562195031405508416355587542057037353515625,Private room,366,1
Relaxation Meets Convenience! Pet-friendly!,25138314,Manhattan,Midtown,40.74806000000000238969732890836894512176513671875,-73.9876200000000068257577368058264255523681640625,Private room,265,1
Luxurious Superior King,212484716,Manhattan,Midtown,40.7567999999999983629095368087291717529296875,-73.964799999999996771293808706104755401611328125,Private room,279,1
Luxurious Superior Queen Room,212484716,Manhattan,Midtown,40.757350000000002410160959698259830474853515625,-73.9655499999999932470018393360078334808349609375,Private room,259,1
Stunning Deluxe Queen Terrace,212484716,Manhattan,Midtown,40.75699999999999789679350215010344982147216796875,-73.9642400000000037607605918310582637786865234375,Private room,359,1
A Place You'll Surely Enjoy! Pets are Allowed!,25138314,Manhattan,Midtown,40.7470100000000030604496714659035205841064453125,-73.985579999999998790372046642005443572998046875,Private room,272,1
Luxurious Superior Double,212484716,Manhattan,Midtown,40.7572899999999975761966197751462459564208984375,-73.9634899999999930741978459991514682769775390625,Private room,319,1
BROOKLYN SHARED APT NEAR BY ALL  TRANSPORTATION!!!,23486811,Brooklyn,Sunset Park,40.64314999999999855617716093547642230987548828125,-74.016559999999998353814589790999889373779296875,Private room,85,1
Relax and Recharge! 2 Comfortable Units for Groups,174792040,Manhattan,Theater District,40.75751000000000345835360349155962467193603515625,-73.9853600000000000136424205265939235687255859375,Private room,1012,1
"2 Units Near Rockefeller Center, Pet-friendly!",174792040,Manhattan,Theater District,40.75594000000000249883669312112033367156982421875,-73.9853499999999968395059113390743732452392578125,Private room,1028,1
Oasis 1,90930266,Bronx,Melrose,40.82088999999999856527210795320570468902587890625,-73.9148799999999965848473948426544666290283203125,Private room,79,1
Rare Find! Close to The High Line,25138314,Manhattan,Midtown,40.7471800000000001773514668457210063934326171875,-73.9875300000000066802385845221579074859619140625,Private room,272,1
Relax & Recharge! Walk to Broadway & Empire State!,25138314,Manhattan,Midtown,40.748300000000000409272615797817707061767578125,-73.987660000000005311449058353900909423828125,Private room,223,1
Comfort and Convenience! Pet-friendly Property,174792040,Manhattan,Theater District,40.75574999999999903366187936626374721527099609375,-73.9836800000000067711880546994507312774658203125,Private room,467,1
Gran Habitación para 4 huéspedes cerca a Manhattan,223087887,Queens,Jackson Heights,40.75450000000000017053025658242404460906982421875,-73.8929499999999990222931955941021442413330078125,Private room,75,1
15 min cozy train ride to the heart of nyc,200047329,Queens,Richmond Hill,40.7032999999999987039700499735772609710693359375,-73.8299300000000044974513002671301364898681640625,Private room,100,1
Your Relaxing Getaway Awaits! Pet-friendly,174792040,Manhattan,Theater District,40.75547999999999859710442251525819301605224609375,-73.983879999999999199644662439823150634765625,Private room,457,1
Enjoy a Hassle-free and Suiting Stay! Pets Allowed,174792040,Manhattan,Theater District,40.7570699999999987994669936597347259521484375,-73.9849999999999994315658113919198513031005859375,Private room,467,1
Cozy Room in Uptown near subway,488556209,Manhattan,Harlem,40.81839000000000083900886238552629947662353515625,-73.9412099999999981037035468034446239471435546875,Private room,60,1
Cozy Nest in Uptown near Subway,488556209,Manhattan,Harlem,40.81830000000000069348971010185778141021728515625,-73.94125999999999976353137753903865814208984375,Private room,58,1
"Look No Further! Pets are Allowed, Near MoMA!",174792040,Manhattan,Theater District,40.75695999999999941110218060202896595001220703125,-73.9832899999999966667019180022180080413818359375,Private room,467,1
"Rare Gem! Pets Allowed, Close to Strawberry Fields",174792040,Manhattan,Theater District,40.75607000000000113004716695286333560943603515625,-73.985240000000004556568455882370471954345703125,Private room,467,1
City Escape! 2 Units in the Heart of Midtown!,174792040,Manhattan,Murray Hill,40.75135999999999825149643584154546260833740234375,-73.978690000000000281943357549607753753662109375,Private room,690,1
J & G Comfort Cove:  Serenity Queen Room,259776956,Brooklyn,Canarsie,40.6296999999999997044142219237983226776123046875,-73.8978599999999943293005344457924365997314453125,Private room,70,1
Minutes from Manhattan. $83 a night for 3 people.,471569289,Queens,Jackson Heights,40.75368999999999886085788602940738201141357421875,-73.878240000000005238689482212066650390625,Private room,83,1
Prime Location! 4 Units Close to Times Square!,25138314,Manhattan,Midtown,40.7467400000000026238922146148979663848876953125,-73.9874999999999971578290569595992565155029296875,Private room,1234,1
3 Units w/ Easy Access to Rockefeller Center!,25138314,Manhattan,Midtown,40.746070000000003119566827081143856048583984375,-73.98520999999999503415892831981182098388671875,Private room,1097,1
Splendid Smyth Suite,212484716,Manhattan,Midtown,40.7586399999999997589839040301740169525146484375,-73.9652800000000070212990976870059967041015625,Private room,1159,1
Pets Allowed! Close to Rockefeller Center!,174792040,Manhattan,Theater District,40.7566199999999980718712322413921356201171875,-73.985320000000001527951098978519439697265625,Private room,459,1
Comfort and Convenience! 2 Units Near Bryant Park!,25138314,Manhattan,Midtown,40.74839999999999662350091966800391674041748046875,-73.9853499999999968395059113390743732452392578125,Private room,543,1
Experience NYC! 4 Min Walk from Empire State,25138314,Manhattan,Midtown,40.74669999999999703277353546582162380218505859375,-73.985919999999993024175637401640415191650390625,Private room,220,1
3 Relaxing Units Near Radio City Music Hall!,174792040,Manhattan,Theater District,40.7566699999999997316990629769861698150634765625,-73.98520999999999503415892831981182098388671875,Private room,1543,1
Four Relaxing Units Close to Times Square!,174792040,Manhattan,Murray Hill,40.74900999999999839928932487964630126953125,-73.9770400000000023510438040830194950103759765625,Private room,1370,1
Comfort and Convenience! Pet-friendly Property,174792040,Manhattan,Theater District,40.7557800000000014506440493278205394744873046875,-73.983599999999995588950696401298046112060546875,Private room,467,1
Lovely private bedroom with queen size bed,475812927,Manhattan,East Harlem,40.79561000000000348109097103588283061981201171875,-73.9382800000000059981175581924617290496826171875,Private room,70,1
Affordability Meets Comfort! Pet-friendly Property,174792040,Manhattan,Theater District,40.7558099999999967621988616883754730224609375,-73.9851699999999965484676067717373371124267578125,Private room,467,1
Lovely one bedroom in the Bx. Access to local hubs,480961292,Bronx,Soundview,40.83003000000000071167960413731634616851806640625,-73.8674400000000019872459233738481998443603515625,Private room,90,1
Relaxing Home Stay in Brooklyn -1BR 1BA,467836473,Brooklyn,East Flatbush,40.6391100000000022873791749589145183563232421875,-73.927539999999993369783624075353145599365234375,Private room,120,1
Splendid Tribeca Suite,212484716,Manhattan,Tribeca,40.71589999999999776036929688416421413421630859375,-74.008499999999997953636921010911464691162109375,Private room,959,1
Glamorous Room /NO cleaning fee!,477886839,Manhattan,Washington Heights,40.84886000000000194631866179406642913818359375,-73.934290000000004283720045350492000579833984375,Private room,99,1
A Place You'll Surely Enjoy! Pet-friendly Property,25138314,Manhattan,Midtown,40.74817999999999784677129355259239673614501953125,-73.9876699999999942747308523394167423248291015625,Private room,224,1
Indulge in Home Like Comfort! Pet-friendly,25138314,Manhattan,Midtown,40.74692999999999898363967076875269412994384765625,-73.9868100000000055160853662528097629547119140625,Private room,239,1
Rare Gem! Near Museum of Modern Art,25138314,Manhattan,Midtown,40.74663000000000323552740155719220638275146484375,-73.985399999999998499333742074668407440185546875,Private room,333,1
You Found it! Near Rockefeller Center,25138314,Manhattan,Midtown,40.74714000000000169166014529764652252197265625,-73.9872500000000030695446184836328029632568359375,Private room,224,1
Relax and Unwind! Minutes to Bryant Park,174792040,Manhattan,Theater District,40.755639999999999645297066308557987213134765625,-73.9848300000000023146640160121023654937744140625,Private room,467,1
You Found it! Pet-friendly Unit Near Times Square!,25138314,Manhattan,Midtown,40.74750000000000227373675443232059478759765625,-73.9875799999999941292117000557482242584228515625,Private room,333,1
Prime NYC Location! 3 Pet-friendly Units!,174792040,Manhattan,Theater District,40.7552299999999974033926264382898807525634765625,-73.985489999999998644852894358336925506591796875,Private room,1543,1
Rare Find! Near Museum of Modern Art,25138314,Manhattan,Midtown,40.7485599999999976716935634613037109375,-73.987480000000005020410753786563873291015625,Private room,243,1
Beyond the Valley of the Dollhouse,263331130,Brooklyn,Bushwick,40.70147999999999655074134352616965770721435546875,-73.9181899999999956207830109633505344390869140625,Private room,55,1
Bright bedroom in Prime Bushwick,438777361,Brooklyn,Bushwick,40.70004999999999739657141617499291896820068359375,-73.9291099999999943293005344457924365997314453125,Private room,150,1
Manhattan Cozy private room,267839371,Manhattan,Upper East Side,40.774169999999998026396497152745723724365234375,-73.954620000000005575202521868050098419189453125,Private room,87,1
Just What You Were Looking For! Pets Allowed,25138314,Manhattan,Midtown,40.74678000000000110958353616297245025634765625,-73.9862499999999982946974341757595539093017578125,Private room,333,1
Private Suite,68570119,Manhattan,Harlem,40.82954000000000149839252117089927196502685546875,-73.9407599999999973761077853851020336151123046875,Private room,189,1
1 Private Room,407182150,Brooklyn,Bay Ridge,40.62673000000000200770955416373908519744873046875,-74.025540000000006557456799782812595367431640625,Private room,160,1
"Prime Location! Pets Allowed, Near Rockefeller!",174792040,Manhattan,Theater District,40.7554200000000008685674401931464672088623046875,-73.983869999999996025508153252303600311279296875,Private room,467,1
Relax and Recharge! Minutes to Strawberry Fields,25138314,Manhattan,Midtown,40.74689000000000049794834922067821025848388671875,-73.986009999999993169694789685308933258056640625,Private room,239,1
Look No More! Pet-friendly Property in NYC!,174792040,Manhattan,Theater District,40.756630000000001246007741428911685943603515625,-73.983339999999998326529748737812042236328125,Private room,467,1
Fullsize bed in Kew gardens area,200047329,Queens,Richmond Hill,40.701189999999996871338225901126861572265625,-73.8284100000000051977622206322848796844482421875,Private room,60,1
"2 Pet-friendly Units, Minutes to Strawberry Fields",174792040,Manhattan,Theater District,40.75722999999999984765963745303452014923095703125,-73.9839099999999945111994748003780841827392578125,Private room,1028,1
"Safe Space for all (Women, POC, & QTPOC)",24614094,Brooklyn,Bedford-Stuyvesant,40.68715999999999866076905163936316967010498046875,-73.9457900000000023510438040830194950103759765625,Private room,51,1
5 Minute walk from Yankee Stadium Suite,214859918,Bronx,Concourse,40.82372000000000156205715029500424861907958984375,-73.926230000000003883542376570403575897216796875,Private room,69,1
"Big Apple Getaway! 3 Relaxing Units, Pets Allowed",174792040,Manhattan,Theater District,40.75605999999999795591065776534378528594970703125,-73.985510000000004993125912733376026153564453125,Private room,1519,1
The Residences by Hilton - Studio Premier Plus,475766934,Manhattan,Midtown,40.76225551428940008236168068833649158477783203125,-73.979074156966504460797295905649662017822265625,Private room,504,1
J & G Comfort Cove Luxurious King Room,259776956,Brooklyn,Canarsie,40.63085000000000235331754083745181560516357421875,-73.8969900000000023965185391716659069061279296875,Private room,80,1
Historic Midtown Gem! Minutes from Central Park!,174792040,Manhattan,Murray Hill,40.75113999999999947476680972613394260406494140625,-73.9779500000000069803718361072242259979248046875,Private room,266,1
Prime Location! Minutes to Verizon Plaza,25138314,Manhattan,Midtown,40.746769999999997935447026975452899932861328125,-73.98565999999999576175468973815441131591796875,Private room,284,1
New Cozy Bedroom for two near LGA and JFK Airports,179383012,Queens,East Elmhurst,40.766649999999998499333742074668407440185546875,-73.871430000000003701643436215817928314208984375,Private room,60,1
JFK Airport Cozy Bedroom for Travel Room 1,232251881,Queens,Springfield Gardens,40.66666000000000025238477974198758602142333984375,-73.7841800000000063164407038129866123199462890625,Private room,78,1
Lovely-1 bedroom rental unit in the Bronx,485111492,Bronx,Soundview,40.8236728141358895527446293272078037261962890625,-73.8771657290667604911504895426332950592041015625,Private room,100,1
Ven y descansa en este acogedor apartamento en NYC,485492389,Queens,Jackson Heights,40.753666600000002517845132388174533843994140625,-73.89373979999999164647306315600872039794921875,Private room,58,1
Affordable room in a 2 bd unit- 5min from JFK,445742022,Queens,South Ozone Park,40.67366159680965864708923618309199810028076171875,-73.7957021233234371493381331674754619598388671875,Private room,70,1
Love Nest suite @ Lower level,482612537,Queens,Rosedale,40.665100899999998773637344129383563995361328125,-73.7437978999999899087924859486520290374755859375,Private room,104,1
Lovely private room in a 2-br in Queens,34203575,Queens,Sunnyside,40.74533000000000271256794803775846958160400390625,-73.919579999999996289261616766452789306640625,Private room,75,1
"Cozy home, away from home. 15 mins from downtown.",196476281,Bronx,Concourse,40.83084000000000202135197469033300876617431640625,-73.9211499999999972487785271368920803070068359375,Private room,72,1
Private spacious basement room in Brooklyn,73496118,Brooklyn,Bedford-Stuyvesant,40.679609999999996716724126599729061126708984375,-73.913309999999995625330484472215175628662109375,Private room,48,1
Rm8 Easy Parking E Tremont Private Room 1-2ppl,211136294,Bronx,Schuylerville,40.836681365966796875,-73.8342132568359375,Private room,62,1
BXRoom#3,424334449,Bronx,Schuylerville,40.84255999999999886540535953827202320098876953125,-73.83283000000000129148247651755809783935546875,Private room,51,1
"Your bedroom, your family in NYC.",251807178,Queens,Woodhaven,40.68894999999999839701558812521398067474365234375,-73.857159999999993260644259862601757049560546875,Private room,40,1
Bushwick nook/Private Bathroom,22010249,Brooklyn,Bushwick,40.69216000000000121872290037572383880615234375,-73.9109299999999933561412035487592220306396484375,Private room,78,1
Lovely one-bedroom rental in Brooklyn,49812079,Brooklyn,Bushwick,40.69369999999999976125764078460633754730224609375,-73.9270499999999941564965411089360713958740234375,Private room,69,1
Welcoming Comfy Bedroom near LGA and JFK Airports,179383012,Queens,East Elmhurst,40.76641000000000047975845518521964550018310546875,-73.8695500000000038198777474462985992431640625,Private room,50,1
Private room  with smart tv in rental unit,393076353,Brooklyn,Crown Heights,40.67477000000000231239027925767004489898681640625,-73.913939999999996643964550457894802093505859375,Private room,49,1
Moderate room near JFK,381374171,Queens,South Ozone Park,40.67201109999999886213117861188948154449462890625,-73.811453000000000201907823793590068817138671875,Private room,70,1
Master bedroom near JFK,381374171,Queens,South Ozone Park,40.67201109999999886213117861188948154449462890625,-73.811453000000000201907823793590068817138671875,Private room,90,1
Cute and Cozy Private Room,19418202,Bronx,Van Nest,40.8449600000000003774403012357652187347412109375,-73.866749999999996134647517465054988861083984375,Private room,70,1
Boutique Hotel Experience in NYC One Queen,482784187,Manhattan,Midtown,40.7598899999999986221155268140137195587158203125,-73.97007999999999583451426587998867034912109375,Private room,217,1
Private bedroom near Queens Center Mall,192365902,Queens,Elmhurst,40.7322300000000012687451089732348918914794921875,-73.8828299999999984493115334771573543548583984375,Private room,85,1
FEMALES ONLY looking to relax get some rest!,244544373,Staten Island,Richmondtown,40.57339999999999946567186270840466022491455078125,-74.130840000000006284608389250934123992919921875,Private room,70,1
"Casita in Brooklyn 1BR apt near jfk , Bars & Mta.",161514941,Brooklyn,Cypress Hills,40.679879999999997153281583450734615325927734375,-73.892979999999994333848007954657077789306640625,Private room,50,1
Cheerful 1PVT BDRM,167563640,Brooklyn,East New York,40.66964999999999719193510827608406543731689453125,-73.874560000000002446540747769176959991455078125,Private room,90,1
"Very clean and cozy room in Astoria, NY",401325437,Queens,Astoria,40.765590000000003101376933045685291290283203125,-73.9084600000000051522874855436384677886962890625,Private room,80,1
Cozy & quiet room inside the crazy New York City!,292334342,Queens,Rego Park,40.71826999999999685542206862010061740875244140625,-73.8584699999999969577402225695550441741943359375,Private room,45,1
Laidlow's Vacation,244505851,Queens,Jamaica,40.68294999999999816964191268198192119598388671875,-73.7790399999999948477125144563615322113037109375,Private room,60,1
"Stunning, modern apartment with en suite bathroom.",483378389,Bronx,Norwood,40.87519590000000135887603391893208026885986328125,-73.88392079999999850770109333097934722900390625,Private room,55,1
Cozy Haven,483607409,Staten Island,Westerleigh,40.621228500000000849468051455914974212646484375,-74.132047599999992826269590295851230621337890625,Private room,99,1
Bright Private Room in Lively Ridgewood (Room 1),44057707,Queens,Ridgewood,40.71168999999999726924215792678296566009521484375,-73.9010200000000025966073735617101192474365234375,Private room,95,1
Classy bedroom near JFK,381374171,Queens,South Ozone Park,40.67201109999999886213117861188948154449462890625,-73.811453000000000201907823793590068817138671875,Private room,70,1
Parkside Chateau,212338108,Manhattan,Harlem,40.821719999999999117790139280259609222412109375,-73.949399999999997135091689415276050567626953125,Private room,80,1
SoHo View Deluxe King Room in Hotel Comfort (ADA),470859718,Manhattan,SoHo,40.719999999999998863131622783839702606201171875,-74.0023000000000052978066378273069858551025390625,Private room,212,1
SoHo Room Selected at Check In Hotel Comfort #4,470859718,Manhattan,SoHo,40.71983999999999781493897899053990840911865234375,-74.0024499999999960664354148320853710174560546875,Private room,232,1
Private bedroom in Harlem,19655868,Manhattan,Harlem,40.818680000000000518411980010569095611572265625,-73.9410299999999978126652422361075878143310546875,Private room,55,1
A Relaxing Place in Inwood,188050970,Manhattan,Washington Heights,40.85757000000000260797605733387172222137451171875,-73.9297100000000000363797880709171295166015625,Private room,65,1
Digital Nomad heaven,435795916,Queens,Long Island City,40.75475999999999743295120424591004848480224609375,-73.9355800000000016325429896824061870574951171875,Private room,100,1
Lovely private bedroom in shared apt,19655868,Manhattan,Harlem,40.8171099999999995588950696401298046112060546875,-73.94044999999999845385900698602199554443359375,Private room,55,1
Full Size Bedroom Triplex in the Heart of Brooklyn,78078053,Brooklyn,Bedford-Stuyvesant,40.688929999999999154169927351176738739013671875,-73.949939999999998008206603117287158966064453125,Private room,79,1
Tranquil oasis in the fast pace of NYC,229695499,Manhattan,Lower East Side,40.716949999999997089616954326629638671875,-73.9835700000000002773958840407431125640869140625,Private room,170,1
202#Flushing downtown  luxury suite,228879817,Queens,Flushing,40.7428900000000027148416847921907901763916015625,-73.8347499999999996589394868351519107818603515625,Private room,73,1
"Lovely Private Room-Manhattan, 70s-Upper East Side",6086114,Manhattan,Upper East Side,40.769959999999997535269358195364475250244140625,-73.9575200000000023692336981184780597686767578125,Private room,95,1
Cozy Private Room 15 min from Barclays Center,290574529,Brooklyn,Bedford-Stuyvesant,40.6835068999999975858372636139392852783203125,-73.9143007999999923640643828548491001129150390625,Private room,76,1
Private room in sleek Brooklyn apartment,65611806,Brooklyn,Bushwick,40.69671000000000304908098769374191761016845703125,-73.9150700000000000500222085975110530853271484375,Private room,76,1
Kasa Lantern LES | Let Us Light Your Way,88566861,Manhattan,Lower East Side,40.72019999999999839701558812521398067474365234375,-73.990600000000000591171556152403354644775390625,Private room,161,1
Kasa Lantern LES | See the City Lights,88566861,Manhattan,Lower East Side,40.71837000000000017507773009128868579864501953125,-73.9907299999999992223820299841463565826416015625,Private room,233,1
Cozy standard room,112546119,Brooklyn,Brownsville,40.65930999999999784222382004372775554656982421875,-73.9175000000000039790393202565610408782958984375,Private room,70,1
Architect designed private 1bed/1bath bywaterfront,20569770,Queens,Long Island City,40.74416000000000082081896835006773471832275390625,-73.955770000000001118678483180701732635498046875,Private room,220,1
Chic & Comfortable Brownstone w/ Private Room,401942966,Manhattan,Harlem,40.80804639306276015986441052518784999847412109375,-73.9448516874034140755611588247120380401611328125,Private room,87,1
Cozy bedroom 15 minutes from the airports,25149936,Queens,Queens Village,40.72669219970703125,-73.7527618408203125,Private room,71,1
Monroe 1- Brand New and Cozy apartment in BKLYN,485479101,Brooklyn,Bedford-Stuyvesant,40.68560000000000087538865045644342899322509765625,-73.95738000000000056388671509921550750732421875,Private room,71,1
Monroe 3-  Cozy Room in BKLYN,485479101,Brooklyn,Bedford-Stuyvesant,40.6859299999999990404830896295607089996337890625,-73.9581400000000002137312549166381359100341796875,Private room,81,1
204#Flushing downtown large single room,228879817,Queens,Flushing,40.74371000000000009322320693172514438629150390625,-73.834370000000006939444574527442455291748046875,Private room,64,1
Luxury private room w/NYC view,477886839,Manhattan,Washington Heights,40.848660755511446041055023670196533203125,-73.9343370238037067565528559498488903045654296875,Private room,95,1
The Gingerheadman's House!,18403410,Brooklyn,Bedford-Stuyvesant,40.6787199999999984356691129505634307861328125,-73.9473100000000016507328837178647518157958984375,Private room,150,1
203#Flushing downtown luxury suite,228879817,Queens,Flushing,40.74378999999999706460585002787411212921142578125,-73.833359999999998990460881032049655914306640625,Private room,73,1
The Park View- Charming 1 Bedroom on Prospect Park,60678479,Brooklyn,Prospect Heights,40.67533999999999849706000532023608684539794921875,-73.9682499999999976125764078460633754730224609375,Private room,236,1
JFK Airport Private Room with Bathroom Room 7,232251881,Queens,Jamaica,40.6679400000000015324985724873840808868408203125,-73.785020000000002937667886726558208465576171875,Private room,89,1
"Minutes from JFK. Peaceful spacious King room,",434292556,Queens,St. Albans,40.68921999999999883357304497621953487396240234375,-73.75776999999999361534719355404376983642578125,Private room,110,1
Private room in centrally-located and artsy Apt.,65611806,Brooklyn,Bushwick,40.69814000000000220325091504491865634918212890625,-73.9148200000000059617377701215445995330810546875,Private room,67,1
Lovely private room in a 2 Bedroom house.,482321076,Queens,Edgemere,40.59814000000000078216544352471828460693359375,-73.7780499999999932470018393360078334808349609375,Private room,48,1
Bright and Spacious Bedroom,359911244,Manhattan,Washington Heights,40.8601833999999968227712088264524936676025390625,-73.9265128999999916459273663349449634552001953125,Private room,53,1
"Cozy private room with apartment to share.


Preferable for Thursdays-Mondays. Or 31 days",162933359,Manhattan,Harlem,40.82283000000000328100213664583861827850341796875,-73.938119999999997844497556798160076141357421875,Private room,85,1
Lovely room with gym,485776753,Brooklyn,Bedford-Stuyvesant,40.67816229502555103181293816305696964263916015625,-73.9427889986686608381205587647855281829833984375,Private room,140,1
Private room in modern Brooklyn apartment,65611806,Brooklyn,Bushwick,40.6972200000000015052137314341962337493896484375,-73.91491999999999507053871639072895050048828125,Private room,77,1
Perfect quiet room w/a Q bed. Bath is private 90%.,206691134,Manhattan,Financial District,40.70618999999999942929207463748753070831298828125,-74.009420000000005757101462222635746002197265625,Private room,122,1
2 twin beds with shared bathroom,17893521,Queens,Maspeth,40.73780000000000001136868377216160297393798828125,-73.898740000000003647073754109442234039306640625,Private room,75,1
The Entertaining New Yorker Room,45535181,Brooklyn,Crown Heights,40.67618999999999829242369742132723331451416015625,-73.930710000000004811226972378790378570556640625,Private room,64,1
Lovely-Private 2Bedrooms with BBQ Grill.,167563640,Brooklyn,East New York,40.6687366000000025678673409856855869293212890625,-73.87423849999998992643668316304683685302734375,Private room,135,1
Charming Manhattan Space w/ Stunning Views,47518086,Manhattan,East Harlem,40.813591000000002395609044469892978668212890625,-73.9355469999999996844053384847939014434814453125,Private room,100,1
Retreat to the deck of this sustainable getaway,462188368,Queens,Edgemere,40.59787000000000034560798667371273040771484375,-73.7780699999999995952748577110469341278076171875,Private room,80,1
Spacious Private Bedroom in heart of Park Slope,482673736,Brooklyn,South Slope,40.66479000000000354475560015998780727386474609375,-73.982089999999999463398125953972339630126953125,Private room,109,1
Quiet and lovely one bedroom,264816557,Brooklyn,East New York,40.6637721999999968147676554508507251739501953125,-73.8916220999999922014467301778495311737060546875,Private room,50,1
Peaceful modern serviced apartment,483378389,Bronx,Norwood,40.87519590000000135887603391893208026885986328125,-73.88392079999999850770109333097934722900390625,Private room,49,1
2 Bedroom Refuge w/ Private Bath & Living Room,20433973,Bronx,City Island,40.83782000000000067529981606639921665191650390625,-73.78332000000000334694050252437591552734375,Private room,136,1
Lovely 1-Bedroom close to JFK-free street Parking,484286846,Queens,Rosedale,40.652749999999997498889570124447345733642578125,-73.7409200000000026875568437390029430389404296875,Private room,60,1
206#Flushing downtown Single room,228879817,Queens,Flushing,40.7459199999999981400833348743617534637451171875,-73.8346499999999963392838253639638423919677734375,Private room,55,1
East Elmhurst  Front walk-in Apartment,219333557,Queens,East Elmhurst,40.76288000000000266709321294911205768585205078125,-73.8692300000000017234924598596990108489990234375,Private room,51,1
Boho Paradise with a View,18209807,Queens,Astoria,40.762079999999997426129993982613086700439453125,-73.9213400000000007139533408917486667633056640625,Private room,75,1
Modern living in semi-industrial setting,78326799,Brooklyn,Gowanus,40.68260000000000076170181273482739925384521484375,-73.987539999999995643520378507673740386962890625,Private room,60,1
"Private room, Perfect for Remote Workers",130756194,Queens,Sunnyside,40.746021200000001272201188839972019195556640625,-73.915041999999999688952811993658542633056640625,Private room,250,1
"Morningside Park, near Columbia U., private room",219505617,Manhattan,Harlem,40.804000000000002046363078989088535308837890625,-73.9565400000000039426595321856439113616943359375,Private room,95,1
The Kasa Linda,483486885,Bronx,Norwood,40.869923999999997477061697281897068023681640625,-73.8831890000000015561454347334802150726318359375,Private room,77,1
Extra Large Furnished Room,236914360,Brooklyn,Crown Heights,40.67598000000000268983058049343526363372802734375,-73.94760999999999739884515292942523956298828125,Private room,120,1
Lovely 1 bedroom 5 min away from the ocean!,441527146,Brooklyn,Brighton Beach,40.5781300000000015870682545937597751617431640625,-73.9599299999999999499777914024889469146728515625,Private room,85,1
"Minutes from JFK, Cheerful room with full size bed",434292556,Queens,St. Albans,40.68890999999999991132426657713949680328369140625,-73.7579199999999985948306857608258724212646484375,Private room,89,1
Convenient to JFK Airport,83974928,Queens,Laurelton,40.67539000000000015688783605583012104034423828125,-73.7479100000000045156411943025887012481689453125,Private room,45,1
"Artsy one bedroom  (Subway, JFK, and LGA) 5",22730283,Queens,Richmond Hill,40.70414239999998784469426027499139308929443359375,-73.8187298999999939042027108371257781982421875,Private room,56,1
Bedroom in private house,136827347,Queens,Corona,40.73977000000000003865352482534945011138916015625,-73.8542699999999996407495927996933460235595703125,Private room,70,1
Cozy private room with private bathroom,73857837,Brooklyn,Dyker Heights,40.62801999999999935653249849565327167510986328125,-74.0143499999999932015271042473614215850830078125,Private room,36,1
Mid Century modern room  1 minute to Subway,251817531,Brooklyn,Bedford-Stuyvesant,40.6880900000000025329427444376051425933837890625,-73.9565099999999944202500046230852603912353515625,Private room,82,1
1 Bedroom Escape Near Atlantic Ave,392049314,Brooklyn,Crown Heights,40.67768190000000316786099574528634548187255859375,-73.939939699999996491897036321461200714111328125,Private room,63,1
Cozy Brooklyn home 2A,462877490,Brooklyn,Cypress Hills,40.687510000000003174136509187519550323486328125,-73.8722800000000034970071283169090747833251953125,Private room,41,1
Exclusive Private Room 525 | Shared Bathroom Only,401202937,Manhattan,Midtown,40.74774000000000029331204132176935672760009765625,-73.9886800000000022237145458348095417022705078125,Private room,48,1
MarinaView-room near LGAirport,242322561,Queens,East Elmhurst,40.761290000000002464730641804635524749755859375,-73.860240000000004556568455882370471954345703125,Private room,59,1
Skylight apartment  w/ office near many trains,14324326,Brooklyn,Williamsburg,40.7109999999999985220711096189916133880615234375,-73.9526599999999945111994748003780841827392578125,Private room,150,1
Cheerful private room near LGA  And JFK,194377255,Queens,East Elmhurst,40.761248313192965042617288418114185333251953125,-73.88358034193515777587890625,Private room,55,1
NYC themed Cozy Private bedroom in Brooklyn,62093920,Brooklyn,Flatbush,40.65440000000000253521648119203746318817138671875,-73.9563399999999973033482092432677745819091796875,Private room,73,1
Cozy bedroom with indoors fireplace,22427766,Manhattan,Lower East Side,40.7223800000000011323209037072956562042236328125,-73.98709999999999809006112627685070037841796875,Private room,102,1
Cozy private suite ONLY for Licensed Estheticians,207772400,Manhattan,Midtown,40.74470099999999916917658993043005466461181640625,-73.9849134999999904493961366824805736541748046875,Private room,125,1
Spacious Room in Beautiful Private House,246717334,Staten Island,Mariners Harbor,40.640760000000000218278728425502777099609375,-74.1664099999999990586729836650192737579345703125,Private room,55,1
Solo Traveler Easy Parking Private Room,211136294,Bronx,Schuylerville,40.836681365966796875,-73.8342132568359375,Private room,49,1
Home away from home lodging 3 (1 full bed -1 guest,225790094,Brooklyn,East Flatbush,40.649349999999998317434801720082759857177734375,-73.928370000000001027729013003408908843994140625,Private room,75,1
Home away from home lodging #2  with 1 full bed,225790094,Brooklyn,East Flatbush,40.64959999999999951114659779705107212066650390625,-73.92820000000000391082721762359142303466796875,Private room,75,1
Beautiful Private Room in NYC R-3Min Walk to Metro,25414207,Queens,Ridgewood,40.6998200000000025511326384730637073516845703125,-73.9085900000000037834979593753814697265625,Private room,50,1
"Endless New York Fun! 4 Classy Units, Pet-friendly",25138314,Manhattan,Midtown,40.74746999999999985675458447076380252838134765625,-73.9875799999999941292117000557482242584228515625,Private room,1124,1
RideShare where? Across the St from Yankee Stadium,1358627,Bronx,Highbridge,40.83229999999999648707671440206468105316162109375,-73.9269100000000065620042732916772365570068359375,Private room,75,1
Private Bedroom in the Heart of Ridgewood (Room 2),44057707,Queens,Ridgewood,40.7109600000000000363797880709171295166015625,-73.8990000000000009094947017729282379150390625,Private room,95,1
Perfect Place to Stay! 3 Comfortable Units,25138314,Manhattan,Midtown,40.74671000000000020691004465334117412567138671875,-73.9856400000000036243363865651190280914306640625,Private room,852,1
Experience New York on Broadway!,243509504,Manhattan,Chelsea,40.748840000000001282387529499828815460205078125,-73.988560000000006766640581190586090087890625,Private room,750,1
Cozy Private Room in a 2 Bedroom Home in Queens NY,482321076,Queens,Edgemere,40.5971825510881672016694210469722747802734375,-73.777796365320682525634765625,Private room,48,1
Experience New York on Broadway!,243509504,Manhattan,Midtown,40.74911999999999778765413793735206127166748046875,-73.986930000000000973159330897033214569091796875,Private room,825,1
"Casa acogedora, tranquila y accesible.",407913399,Bronx,Norwood,40.87413000000000096179064712487161159515380859375,-73.879469999999997753548086620867252349853515625,Private room,60,1
Private Bedroom with backyard!,458074798,Manhattan,Harlem,40.8001799999999974488673615269362926483154296875,-73.954959999999999809006112627685070037841796875,Private room,85,1
"Hotel Room in St Regis Hotel NYC,   Fifth & 55th",51772392,Manhattan,Midtown,40.76209000000000060026650317013263702392578125,-73.9757000000000033423930290155112743377685546875,Private room,782,1
205#Flushing downtown Single room,228879817,Queens,Flushing,40.74605999999999994543031789362430572509765625,-73.8330299999999937199390842579305171966552734375,Private room,55,1
Private Rm Easy Parking Queen Bed 1 -2ppl,211136294,Bronx,Schuylerville,40.836681365966796875,-73.8342132568359375,Private room,74,1
Crown Heights Gem w/ Everything You Need,417707380,Brooklyn,Crown Heights,40.67036999999999835608832654543220996856689453125,-73.9518599999999963756636134348809719085693359375,Private room,65,1
Bed w/Futon,37703550,Manhattan,Washington Heights,40.849299999999999499777914024889469146728515625,-73.938209999999997990016709081828594207763671875,Private room,55,1
(LGA) Lovely- 1 Bedroom Unit,306592549,Queens,East Elmhurst,40.7641100000000022873791749589145183563232421875,-73.864769999999992933226167224347591400146484375,Private room,69,1
Confortable habitación para una corta estadía,178330434,Brooklyn,Bushwick,40.70091000000000036607161746360361576080322265625,-73.932469999999995025063981302082538604736328125,Private room,174,1
Cheap room in private home,480379890,Bronx,Wakefield,40.900069999999999481588019989430904388427734375,-73.8567599999999941928763291798532009124755859375,Private room,52,1
woow experience anywhere anytime,347713812,Queens,St. Albans,40.687053762517649602159508503973484039306640625,-73.7747994893284584350112709216773509979248046875,Private room,280,1
Lovely 1-bedroom apartment,14200913,Manhattan,Midtown,40.74825966497517271136530325748026371002197265625,-73.98701474128807831220910884439945220947265625,Private room,249,1
Lovely bedroom rent in queens,461114549,Queens,Jackson Heights,40.75717999999999818783180671744048595428466796875,-73.8574899999999985311660566367208957672119140625,Private room,100,1
Private room Near JFK airport NY,477160462,Queens,South Ozone Park,40.66861999999999710553311160765588283538818359375,-73.799270000000007030394044704735279083251953125,Private room,69,1
Stay with a Living New York City Artist!,248404100,Bronx,Morris Heights,40.84609999999999985220711096189916133880615234375,-73.9155999999999977490006131120026111602783203125,Private room,125,1
Calm quiet room in 2 story family home.,393051877,Brooklyn,East Flatbush,40.64898000000000166664904099889099597930908203125,-73.9328600000000051295501179993152618408203125,Private room,85,1
Authentic Brooklyn Experience/Private Living Room,121369530,Brooklyn,Bedford-Stuyvesant,40.68274999999999863575794734060764312744140625,-73.9233799999999945384843158535659313201904296875,Private room,80,1
Lovely 1800sq apt with see sexy bath &private yard,343050628,Brooklyn,East Flatbush,40.65852000000000288082446786575019359588623046875,-73.937219999999996389306033961474895477294921875,Private room,197,1
Rm #6 Queen Bed+Day Bed Easy Parking 1 - 3 Guests,211136294,Bronx,Schuylerville,40.836681365966796875,-73.8342132568359375,Private room,66,1
Lovely master bedroom w private bath & yard,343050628,Brooklyn,East Flatbush,40.660629999999997608028934337198734283447265625,-73.9373700000000013687895261682569980621337890625,Private room,252,1
Beautiful Bedroom in Manhattan,53725579,Manhattan,Washington Heights,40.844909999999998717612470500171184539794921875,-73.9384600000000062891558627597987651824951171875,Private room,52,1
Cozy 1 bedroom apartment right by Central Park,26500764,Manhattan,East Harlem,40.79677000000000219870344153605401515960693359375,-73.9485600000000005138645065017044544219970703125,Private room,264,1
西藏民居,218134921,Queens,Woodside,40.74799999999999755573298898525536060333251953125,-73.90237999999999374267645180225372314453125,Private room,71,1
Spacious and Renovated Apt in Downtown Brooklyn,485479101,Brooklyn,Bedford-Stuyvesant,40.684540398368852720523136667907238006591796875,-73.9588082534423989500282914377748966217041015625,Private room,84,1
High floor Corner King w panoramic views of SoHo,260861596,Manhattan,SoHo,40.72278000000000020008883439004421234130859375,-74.0048199999999951614881865680217742919921875,Private room,445,1
Couple room/private bath. In the room Mid-Flushing,205745676,Queens,Flushing,40.7590900000000004865796654485166072845458984375,-73.8214100000000001955413608811795711517333984375,Private room,98,1
Cozy Garden Room 15min: Midtown,462733314,Queens,Long Island City,40.75480999999999909277903498150408267974853515625,-73.93527000000000271029421128332614898681640625,Private room,105,1
Malcolm 3 - Beautiful New Private Bedroom,463464923,Brooklyn,Bedford-Stuyvesant,40.69125999999999976353137753903865814208984375,-73.9319600000000036743585951626300811767578125,Private room,46,1
NYC-Rare Sunny Spacious room w/ Views+Kitchen+Heat,59680557,Manhattan,Kips Bay,40.73854999999999648707671440206468105316162109375,-73.9726699999999937062966637313365936279296875,Private room,150,1
"Queens, NYC, free parking, with EV charger",162927656,Queens,Jamaica,40.691519999999997025952325202524662017822265625,-73.8053000000000025693225325085222721099853515625,Private room,299,1
Functional Cozy 2BR Suite,489349967,Queens,Springfield Gardens,40.66295000000000214868123293854296207427978515625,-73.7686000000000063892002799548208713531494140625,Private room,80,1
Beautiful room near JFK & LGA,488997576,Queens,Jamaica,40.69422999999999746023604529909789562225341796875,-73.797920000000004847606760449707508087158203125,Private room,75,1
The Little Biggie Room! Pvt Room & Bath!,1188194,Brooklyn,Bedford-Stuyvesant,40.687399999999996680344338528811931610107421875,-73.9533799999999956753526930697262287139892578125,Private room,109,1
Private room near JFK & LGA,488997576,Queens,Jamaica,40.69388000000000005229594535194337368011474609375,-73.798169999999998935891198925673961639404296875,Private room,85,1
cozy spot in the boogie Bronx,486464662,Bronx,Allerton,40.86458999999999974761522025801241397857666015625,-73.8657199999999960482455207966268062591552734375,Private room,65,1
"Queens, NYC, free parking, JFK/with EV charger",162927656,Queens,Jamaica,40.69342000000000325599103234708309173583984375,-73.804990000000003647073754109442234039306640625,Private room,499,1
Renovated Room 9 mins from JFK,299908455,Queens,Springfield Gardens,40.66696999999999917463355814106762409210205078125,-73.751180000000005065885488875210285186767578125,Private room,76,1
Family Perfect Room - 2 Dbl Beds,261761196,Manhattan,Midtown,40.76462000000000074351191869936883449554443359375,-73.9831899999999933470462565310299396514892578125,Private room,290,1
"Private with AC, quite room in Brooklyn",89158311,Brooklyn,Crown Heights,40.6758605886601714018979691900312900543212890625,-73.95610325038433074951171875,Private room,101,1
Nobel Experience,261761196,Manhattan,Midtown,40.76462000000000074351191869936883449554443359375,-73.9831899999999933470462565310299396514892578125,Private room,200,1
"St. John’s Home 4 Medical Professionals - “Optic""",26377263,Queens,Far Rockaway,40.5979872999999997773556970059871673583984375,-73.75618009999999458159436471760272979736328125,Private room,52,1
Serene Mid-Century Apartment,488767748,Brooklyn,Bay Ridge,40.6315900000000027603164198808372020721435546875,-74.025360000000006266418495215475559234619140625,Private room,71,1
Nice room to stay in Brooklyn!,488653607,Brooklyn,Crown Heights,40.67309999999999803321770741604268550872802734375,-73.9235000000000042064129956997931003570556640625,Private room,61,1
Marriott at New York City - Studio,475708922,Manhattan,Midtown,40.75130006196540222163093858398497104644775390625,-73.9848183101837975073067354969680309295654296875,Private room,519,1
Sunlit Central Harlem Condo,489589484,Manhattan,East Harlem,40.809629999999998517523636110126972198486328125,-73.93738999999999350620782934129238128662109375,Private room,90,1
Stunning Room In East Village,224803937,Manhattan,East Village,40.722790000000003374225343577563762664794921875,-73.982900000000000773070496506989002227783203125,Private room,124,1
Explore The City! Steps to Empire State Building!,174792040,Manhattan,Murray Hill,40.7492500000000035242919693700969219207763671875,-73.97683000000000674845068715512752532958984375,Private room,237,1
Cozy bedroom in a shared apt in Little Italy/SoHo,27619928,Manhattan,Little Italy,40.71914522704876304715071455575525760650634765625,-73.9963518083095550537109375,Private room,135,1
Room in heart of Williamsburg,389848232,Brooklyn,Williamsburg,40.717522105916401642389246262609958648681640625,-73.9583097416274739543951000086963176727294921875,Private room,95,1
Large cozy room for a girl-15mins to Manhattan,194571019,Queens,Astoria,40.765399999999999636202119290828704833984375,-73.9177499999999980673237587325274944305419921875,Private room,89,1
Nice room  in very good location-close to airports,383525988,Queens,Maspeth,40.7201830999999998539351508952677249908447265625,-73.905680799999998953353497199714183807373046875,Private room,78,1
"Near JFK & LaGuardia airport, cozy studio-style",27558716,Queens,Queens Village,40.70765000000000100044417195022106170654296875,-73.74777000000000271029421128332614898681640625,Private room,75,1
"St.Johns Home 4 Medical Professionals - “Crepitus""",26377263,Queens,Far Rockaway,40.5979384219262584565512952394783496856689453125,-73.7561801000000087924490799196064472198486328125,Private room,52,1
"Beautiful Private Room in Crown Heights, Brooklyn",360402657,Brooklyn,Crown Heights,40.66481999999999885631041252054274082183837890625,-73.931970000000006848495104350149631500244140625,Private room,120,1
Premier King Room Central Park,261761196,Manhattan,Midtown,40.76462000000000074351191869936883449554443359375,-73.9831899999999933470462565310299396514892578125,Private room,263,1
Private Room in Cozy Townhome Perfect Location,123592933,Queens,Long Island City,40.7532679151804728689967305399477481842041015625,-73.939112126827239990234375,Private room,111,1
Comfortable room near JFK & LGA,488997576,Queens,Jamaica,40.69554000000000115733200800605118274688720703125,-73.799409999999994624886312521994113922119140625,Private room,65,1
Cozy Williamsburg room,38593087,Brooklyn,Williamsburg,40.70819999999999794226823723874986171722412109375,-73.9663599999999945566742098890244960784912109375,Private room,62,1
Chez Jesse Vacation Spot - Manhattan Loft,3191371,Manhattan,East Harlem,40.8082500000000010231815394945442676544189453125,-73.9370799999999945839590509422123432159423828125,Private room,45,1
Minutes to Iconic Attractions! Near Time Square!,174792040,Manhattan,Murray Hill,40.7490700000000032332536648027598857879638671875,-73.97642999999999346982804127037525177001953125,Private room,265,1
Williamsburg Large loft,195737789,Brooklyn,Williamsburg,40.70932736948339680793651496060192584991455078125,-73.949160949188950553434551693499088287353515625,Private room,151,1
A Fantasy NYC Getaway Stay!,485803252,Manhattan,Harlem,40.823312700000002450906322337687015533447265625,-73.953174899999993385790730826556682586669921875,Private room,75,1
Private room with lock and bathroom with cable tv,387784105,Brooklyn,Bedford-Stuyvesant,40.68498000000000303089109365828335285186767578125,-73.9303000000000025693225325085222721099853515625,Private room,53,1
"Cozy Room: 7 Minutes to LGA, 20 min to Manhattan !",65671256,Queens,Jackson Heights,40.757440000000002555680111981928348541259765625,-73.859880000000003974491846747696399688720703125,Private room,58,1
Marriott at New York City - Studio,475708922,Manhattan,Midtown,40.75130006196540222163093858398497104644775390625,-73.9848183101837975073067354969680309295654296875,Private room,519,1
Indulge in Home Like Comfort! Pet-friendly Unit!,25138314,Manhattan,Midtown,40.74662000000000006139089236967265605926513671875,-73.9868799999999993133315001614391803741455078125,Private room,234,1
HouseOfGrace,200483536,Manhattan,East Village,40.7235299999999966757968650199472904205322265625,-73.985939999999999372448655776679515838623046875,Private room,163,1
Unique designer apartment in heart of Astoria,157258161,Queens,Astoria,40.76561000000000234422259381972253322601318359375,-73.92685000000000172803993336856365203857421875,Private room,66,1
Ultimate NYC Getaway! 2 Units Near Broadway!,174792040,Manhattan,Murray Hill,40.7511999999999972033037920482456684112548828125,-73.9778900000000021464074961841106414794921875,Private room,709,1
Comfort and Convenience! Pets are Allowed!,25138314,Manhattan,Midtown,40.74895000000000067075234255753457546234130859375,-73.987449999999995498001226224005222320556640625,Private room,282,1
Big Apple Getaway! 2 Units Near Times Square,174792040,Manhattan,Murray Hill,40.75097000000000235786501434631645679473876953125,-73.978620000000006484697223640978336334228515625,Private room,709,1
Rare Find! Near Museum of Modern Art,25138314,Manhattan,Midtown,40.74886000000000052523319027386605739593505859375,-73.9868799999999993133315001614391803741455078125,Private room,291,1
Private room in new furnish home,428733045,Bronx,Pelham Gardens,40.86154410000000325453584082424640655517578125,-73.8340206999999963954905979335308074951171875,Private room,249,1
Just What You Were Looking For! Pets Allowed,25138314,Manhattan,Midtown,40.7471800000000001773514668457210063934326171875,-73.98538999999999532519723288714885711669921875,Private room,261,1
Minutes to the Iconic Statue of Liberty! 2 Units!,174792040,Manhattan,Murray Hill,40.74987999999999743749867775477468967437744140625,-73.976370000000002846718416549265384674072265625,Private room,704,1
"Art-Inspired Oasis in Midtown, Close to Broadway!",25138314,Manhattan,Murray Hill,40.74938999999999822421159478835761547088623046875,-73.9786500000000017962520360015332698822021484375,Private room,1190,1
Deluxe King Near Central Park,261761719,Manhattan,Midtown,40.764510000000001355147105641663074493408203125,-73.983599999999995588950696401298046112060546875,Private room,303,1
NYC Getaway! Steps to East River Esplanade!,25138314,Manhattan,Murray Hill,40.75048000000000314457793137989938259124755859375,-73.978579999999993788151186890900135040283203125,Private room,1190,1
Luxury 2-Story City View Suite,480637402,Manhattan,Midtown,40.75509000000000270347300102002918720245361328125,-73.98282000000000380168785341084003448486328125,Private room,775,1
Luxe King Room Close to All Attractions,480637402,Manhattan,Midtown,40.7554099999999976944309310056269168853759765625,-73.9832200000000028694557840935885906219482421875,Private room,332,1
Historic Midtown Gem! Walk to Central Park!,174792040,Manhattan,Murray Hill,40.74945000000000305817593471147119998931884765625,-73.9782900000000012141754268668591976165771484375,Private room,346,1
"Prime Location! Pets Allowed, Walk to Bryant Park!",25138314,Manhattan,Midtown,40.74891000000000218506102100946009159088134765625,-73.98574999999999590727384202182292938232421875,Private room,269,1
Prime Location! Close to Flatiron Building!,174792040,Manhattan,Murray Hill,40.75135000000000218278728425502777099609375,-73.976910000000003719833330251276493072509765625,Private room,343,1
Enjoyable Stay! Quick Drive to Strawberry Fields!,174792040,Manhattan,Murray Hill,40.7506699999999995043253875337541103363037109375,-73.9786500000000017962520360015332698822021484375,Private room,346,1
City Escape! Minutes to Broadway & Times Square!,174792040,Manhattan,Murray Hill,40.7509000000000014551915228366851806640625,-73.976820000000003574314177967607975006103515625,Private room,352,1
"1bedroom with 
private bathroom 
6Minutefrom train",182329273,Queens,Woodhaven,40.6896899999999988040144671685993671417236328125,-73.8584800000000001318767317570745944976806640625,Private room,39,1
Cozy Master bedroom/private bath.,154037433,Queens,Jamaica,40.6704500000000024328983272425830364227294921875,-73.7741400000000027148416847921907901763916015625,Private room,78,1
Activities and chill spot,438014463,Brooklyn,Cypress Hills,40.67976999999999776491677039302885532379150390625,-73.8913600000000059253579820506274700164794921875,Private room,971,1
Upscale Stay in the Heart of NY,202829797,Manhattan,Murray Hill,40.74862999999999857436705497093498706817626953125,-73.9711999999999960664354148320853710174560546875,Private room,750,1
Home SWEET Home for a day or 2,261563626,Queens,St. Albans,40.69075000000000130739863379858434200286865234375,-73.7573000000000007503331289626657962799072265625,Private room,75,1
Heart of queens,383703901,Queens,Richmond Hill,40.68585999999999813780959811992943286895751953125,-73.822800000000000864019966684281826019287109375,Private room,101,1
Cozy Storefront Loft (with shag rug),121083075,Queens,Maspeth,40.71531999999999840156306163407862186431884765625,-73.9126299999999929468685877509415149688720703125,Private room,80,1
JFK Private Bedroom/Bathroom Room #2,232251881,Queens,Jamaica,40.66861999999999710553311160765588283538818359375,-73.78284999999999627107172273099422454833984375,Private room,76,1
Amazing location!,5622341,Queens,Astoria,40.762169999999997571649146266281604766845703125,-73.9230500000000034788172342814505100250244140625,Private room,127,1
Industrial bedroom  1 minute to Subway,251817531,Brooklyn,Bedford-Stuyvesant,40.688389999999998281055013649165630340576171875,-73.954520000000002255546860396862030029296875,Private room,80,1
"1 Bedroom Rental Unit
Queens",484859277,Queens,Ridgewood,40.70076000000000249201548285782337188720703125,-73.9068199999999961846697260625660419464111328125,Private room,65,1
"Spacious ""Artist Cove"" Studio",49956329,Brooklyn,Bedford-Stuyvesant,40.69160000000000110276232589967548847198486328125,-73.9472899999999953024598653428256511688232421875,Private room,100,1
Great private space with private entrance,235763046,Queens,Rosedale,40.668419999999997571649146266281604766845703125,-73.73327000000000452928361482918262481689453125,Private room,100,1
Alojamiento Betsaida.,252855885,Bronx,Kingsbridge,40.8646600000000006502887117676436901092529296875,-73.8995699999999970941644278354942798614501953125,Private room,30,1
The house of Bliss 2: 420 friendly,116985862,Queens,Richmond Hill,40.67999999999999971578290569595992565155029296875,-73.8222700000000031650415621697902679443359375,Private room,257,1
Sweet stay near JFK!,201757076,Queens,Jamaica,40.6978500000000025238477974198758602142333984375,-73.795739999999995006874087266623973846435546875,Private room,75,1
Huge PVT Bdroom W/Large King Bed,16480700,Manhattan,Harlem,40.81860999999999961573848850093781948089599609375,-73.939670000000006666596163995563983917236328125,Private room,129,1
Do' Drop Inn,481127562,Brooklyn,Fort Hamilton,40.618009999999998171915649436414241790771484375,-74.0353999999999956571627990342676639556884765625,Private room,83,1
Airy Bedroom with Backdrop of Nature,93011199,Brooklyn,Bay Ridge,40.63811643085360714167109108529984951019287109375,-74.0239177400817567331614554859697818756103515625,Private room,72,1
"Private Room- NYC Columbia University,City College",16480700,Manhattan,Harlem,40.81860000000000354702933691442012786865234375,-73.953350000000000363797880709171295166015625,Private room,112,1
Hello traveling nurse/doctor No CLeaning Fees —-Q,233485864,Staten Island,New Dorp Beach,40.56653000000000020008883439004421234130859375,-74.104410000000001446096575818955898284912109375,Private room,61,1
Professional Cleaning NYC Brooklyn Serene Stay,362207874,Brooklyn,Prospect-Lefferts Gardens,40.65670000000000072759576141834259033203125,-73.953699999999997771737980656325817108154296875,Private room,98,1
Spacious private room in the heart of Astoria,10606171,Queens,Astoria,40.76191000000000030922819860279560089111328125,-73.9212299999999942201611702330410480499267578125,Private room,75,1
Snuggling bedroom for 2 near LGA and JFK Airports,179383012,Queens,East Elmhurst,40.76659000000000077079675975255668163299560546875,-73.869699999999994588506524451076984405517578125,Private room,65,1
Room available in BedStuy condo w/ private yard,35528708,Brooklyn,Bedford-Stuyvesant,40.69449999999999789679350215010344982147216796875,-73.9471800000000030195224098861217498779296875,Private room,55,1
You'll never See New York Like This Again,207173529,Manhattan,Inwood,40.86836000000000268528310698457062244415283203125,-73.920469999999994570316630415618419647216796875,Private room,65,1
6 mins walk to Seneca station lil NYC getaway.,459796507,Queens,Ridgewood,40.7058999999999997498889570124447345733642578125,-73.9075399999999973488229443319141864776611328125,Private room,82,1
# 1 Private Room KING Bed 25 min NYC by Hotel-Like,48684597,Queens,Maspeth,40.738100000000002864908310584723949432373046875,-73.896670000000000300133251585066318511962890625,Private room,55,1
private bad room,485185772,Brooklyn,Sheepshead Bay,40.5853531322039629003484151326119899749755859375,-73.952241588372316982713527977466583251953125,Private room,70,1
"Spacious bedroom with toilet , bath & living room",485343193,Queens,Springfield Gardens,40.66587129999999916663000476546585559844970703125,-73.76302359999999680439941585063934326171875,Private room,142,1
Beautiful one bedroom,303784261,Staten Island,South Beach,40.59600309999999723231667303480207920074462890625,-74.0924973999999991747245076112449169158935546875,Private room,62,1
Lady's Powder Room,253753123,Brooklyn,Borough Park,40.62951000000000334466676576994359493255615234375,-73.9968999999999965666575008071959018707275390625,Private room,31,1
Private Room,31805306,Bronx,Highbridge,40.83330000000000126192389870993793010711669921875,-73.9299500000000051613824325613677501678466796875,Private room,36,1
Private Room in Williamsburg BK,247296095,Brooklyn,Williamsburg,40.70739999999999980673237587325274944305419921875,-73.9522400000000033060132409445941448211669921875,Private room,99,1
Large room in Harlem on 141st(Manhattan NY 10030),566838,Manhattan,Harlem,40.81897000000000019781509763561189174652099609375,-73.9400399999999962119545671157538890838623046875,Private room,83,1
"Casa adosada en Brooklyn para descansar ""A""",460436304,Brooklyn,Sheepshead Bay,40.585051489590313167354906909167766571044921875,-73.962747078942669531897990964353084564208984375,Private room,60,1
Lovely quiet room near JFK,201757076,Queens,Jamaica,40.69783000000000328100213664583861827850341796875,-73.7956999999999965211827657185494899749755859375,Private room,75,1
Movie Theater + Hip Hop Getaway,474140078,Bronx,Parkchester,40.8367300000000028603608370758593082427978515625,-73.8598999999999961119101499207317829132080078125,Private room,93,1
Queen Bedroom with terrace,228571016,Manhattan,Harlem,40.824129999999996698534232564270496368408203125,-73.942329999999998335624695755541324615478515625,Private room,202,1
Industrialized in the City (for 1 guest),37401126,Brooklyn,East Flatbush,40.64148999999999745114109828136861324310302734375,-73.9396100000000018326318240724503993988037109375,Private room,45,1
Lovely 1 bedroom across Central Park,40125957,Manhattan,Harlem,40.80107000000000283534973277710378170013427734375,-73.9562399999999939836925477720797061920166015625,Private room,99,1
Ultimate Getaway! Steps to Times Square!,174792040,Manhattan,Murray Hill,40.75117000000000189174897968769073486328125,-73.97822999999999638021108694374561309814453125,Private room,406,1
Private room in Spacious Apt,100271449,Manhattan,Harlem,40.82318069999998755292835994623601436614990234375,-73.952040600000003678360371850430965423583984375,Private room,47,1
New York Escape! Minutes to Rockefeller Center,174792040,Manhattan,Murray Hill,40.74927999999999883584678173065185546875,-73.976550000000003137756721116602420806884765625,Private room,404,1
Oasis 3,90930266,Bronx,Melrose,40.8212199999999967303665471263229846954345703125,-73.9139899999999983037923811934888362884521484375,Private room,59,1
"Horizon Suite w/ sofa bed, your sanctuary in SoHo",260861596,Manhattan,SoHo,40.722769999999997025952325202524662017822265625,-74.0048000000000030240698833949863910675048828125,Private room,1500,1
"You Found It! 4 Convenient Units, Pets Allowed!",174792040,Manhattan,Theater District,40.75750000000000028421709430404007434844970703125,-73.984679999999997335180523805320262908935546875,Private room,2057,1
Lovely private room with bathroom in Queens,17893521,Queens,Maspeth,40.7369800000000026329871616326272487640380859375,-73.90032999999999674400896765291690826416015625,Private room,95,1
Private Single Room Near MTA Bus,355770584,Queens,Flushing,40.7547899999999998499333742074668407440185546875,-73.8033300000000025420376914553344249725341796875,Private room,60,1
The Sport Room - Joe Black’s space- $1400 monthly,54275,Brooklyn,Bedford-Stuyvesant,40.68169999999999930651028989814221858978271484375,-73.9400299999999930378180579282343387603759765625,Private room,99,1
Room in Bensonhurst,232778333,Brooklyn,Bensonhurst,40.61399000000000114596332423388957977294921875,-73.997870000000006029949872754514217376708984375,Private room,47,1
Accessible Deluxe Queen,257569145,Manhattan,Lower East Side,40.72115000000000151203494169749319553375244140625,-73.9887899999999945066520012915134429931640625,Private room,259,1
Premier Queen City View,257569145,Manhattan,Lower East Side,40.72115000000000151203494169749319553375244140625,-73.9887899999999945066520012915134429931640625,Private room,259,1
Stunning apartment in wonderful spot,61408134,Manhattan,Upper East Side,40.762259999999997717168298549950122833251953125,-73.9607799999999997453414835035800933837890625,Private room,166,1
JFK Airport Rm for travelers Room 5,232251881,Queens,Jamaica,40.667990000000003192326403222978115081787109375,-73.7831000000000045702108764089643955230712890625,Private room,54,1
Amazing spacious & Bright @ best location NY,483744092,Manhattan,Upper East Side,40.76203000000000287172952084802091121673583984375,-73.96147999999999456122168339788913726806640625,Private room,229,1
Cozy room in great artsy apartment!,232112395,Brooklyn,Crown Heights,40.67683000000000248519427259452641010284423828125,-73.9328000000000002955857780762016773223876953125,Private room,63,1
St Regis 1 bedroom suite,28656622,Manhattan,Midtown,40.76151999999999731016941950656473636627197265625,-73.974140000000005557012627832591533660888671875,Private room,921,1
Art Deco Room,64119235,Queens,Sunnyside,40.7457372999999876128640607930719852447509765625,-73.9127616999999901281626080162823200225830078125,Private room,81,1
Lovely private bedroom rental with a modern style,217326324,Brooklyn,East Flatbush,40.635750000000001591615728102624416351318359375,-73.9462299999999999045030563138425350189208984375,Private room,125,1
Room 1 person. Astoria.,261663533,Queens,Ditmars Steinway,40.7736000000000018417267710901796817779541015625,-73.9046900000000022146195988170802593231201171875,Private room,53,1
My home is close BJs and train in queens ny,479851009,Queens,Woodside,40.74947999999999836973074707202613353729248046875,-73.9033299999999968576958053745329380035400390625,Private room,85,1
"Welcoming, comfortable serviced apartment.",483378389,Bronx,Norwood,40.8743300000000004956746124662458896636962890625,-73.884919999999993933670339174568653106689453125,Private room,49,1
Private bedroom - shared Bathroom,9316328,Brooklyn,Bedford-Stuyvesant,40.68596999999999752617441117763519287109375,-73.9544000000000067984728957526385784149169921875,Private room,50,1
Sunny room in heart of Chinatown,41217631,Manhattan,Chinatown,40.71491999999999933379513095133006572723388671875,-73.9978200000000043701220420189201831817626953125,Private room,69,1
"Minutes from JFK, Peaceful bedroom with Queen bed",434292556,Queens,St. Albans,40.6891600000000011050360626541078090667724609375,-73.7582000000000022055246517993509769439697265625,Private room,99,1
Patricia Vacation Inn !,480516328,Queens,Hollis,40.71050000000000324007487506605684757232666015625,-73.7540800000000018599166651256382465362548828125,Private room,83,1
Gorgeous location close to Manhattan!,411757269,Queens,Elmhurst,40.734420000000000072759576141834259033203125,-73.8746799999999979036147124134004116058349609375,Private room,70,1
My room,253753123,Brooklyn,Borough Park,40.629739999999998190105543471872806549072265625,-73.9953900000000004411049303598701953887939453125,Private room,45,1
The Zen Home,15853933,Queens,Astoria,40.76628000000000184854798135347664356231689453125,-73.91082000000000107320374809205532073974609375,Private room,69,1
Lucio 3,458813192,Queens,Richmond Hill,40.6961000000000012732925824820995330810546875,-73.8314400000000006230038707144558429718017578125,Private room,56,1
Watson’s Loft,3744921,Queens,Forest Hills,40.72140999999999877445588936097919940948486328125,-73.8550900000000041245584725402295589447021484375,Private room,50,1
JFK Airport Great place to stay 6 min away Room 3,232251881,Queens,Jamaica,40.6683000000000021145751816220581531524658203125,-73.7837099999999992405719240196049213409423828125,Private room,50,1
Two Bathroom Suite steps from Central Park w/Bfst,231281049,Manhattan,Midtown,40.76397690226745140762432129122316837310791015625,-73.980292168173804157049744389951229095458984375,Private room,389,1
Peaches Paradise.,101499766,Queens,Springfield Gardens,40.68092999999999648252924089320003986358642578125,-73.756270000000000663931132294237613677978515625,Private room,70,1
Studio Suite Steps from Central Park w/Breakfast,231281049,Manhattan,Midtown,40.76523575898544748952190275304019451141357421875,-73.982079612889947384246625006198883056640625,Private room,341,1
Nicest Room in Manhattan - Chelsea Beauty,95286194,Manhattan,Chelsea,40.75048000000000314457793137989938259124755859375,-74.0053300000000007230482879094779491424560546875,Private room,57,1
A Vibrant 1 Bedroom Getaway,349262538,Brooklyn,Brownsville,40.65961011223355825450198608450591564178466796875,-73.91349200193491242316667921841144561767578125,Private room,85,1
Relax in the big apple. Cozy Room.,49296586,Manhattan,Harlem,40.8291100000000000136424205265939235687255859375,-73.9454099999999954206941765733063220977783203125,Private room,70,1
West Chelsea Studios - Penthouse 12,113534805,Manhattan,Chelsea,40.74884999999999735109668108634650707244873046875,-74.0032700000000005502442945726215839385986328125,Private room,2857,1
10 mins/Airports JFK/LGA/Hosp/malls bus/train# 1,126247863,Queens,Richmond Hill,40.69003000000000014324541552923619747161865234375,-73.8213200000000000500222085975110530853271484375,Private room,60,1
NEW PENTHOUSE W/ HUGE PRIVATE ROOFTOP EAST VILLAGE,18167404,Manhattan,East Village,40.726100000000002410160959698259830474853515625,-73.9779500000000069803718361072242259979248046875,Private room,168,1
Chic UWS Private Room,497104003,Manhattan,Upper West Side,40.78383544419275352765907882712781429290771484375,-73.9755724571271713330133934505283832550048828125,Private room,86,1
Lovely and cozy room,465273276,Manhattan,Hell's Kitchen,40.7637107999999983576344675384461879730224609375,-73.9891392999999908397512626834213733673095703125,Private room,109,1
"COZY, QUIET BEDROOM IN INWOOD, ""UPSTATE MANHATTAN""",127164761,Manhattan,Inwood,40.8666300000000006775735528208315372467041015625,-73.9225100000000026057023205794394016265869140625,Private room,40,1
"Convenient Manhattan room, 2 minutes from train!",75234771,Manhattan,Inwood,40.86336000000000012732925824820995330810546875,-73.9187500000000028421709430404007434844970703125,Private room,60,1
Beautiful Private Room in NY!,222580763,Queens,Jackson Heights,40.75703551074990826919020037166774272918701171875,-73.863011864506603387781069613993167877197265625,Private room,107,1
sleep away,42814202,Queens,Fresh Meadows,40.74028080768815840428942465223371982574462890625,-73.7867540258267666786196059547364711761474609375,Private room,85,1
"Liguria room.  Superfast Wi-Fi, clean and quiet.",2787,Brooklyn,Gravesend,40.60801000000000016143530956469476222991943359375,-73.97539000000000442014425061643123626708984375,Private room,199,1
Cozy Room in Manhattan,52129673,Manhattan,Harlem,40.82639000000000351064954884350299835205078125,-73.945459999999997080522007308900356292724609375,Private room,59,1
Beautiful sunny bedroom in historic Park Slope,124082275,Brooklyn,Park Slope,40.67351000000000027512214728631079196929931640625,-73.974729999999993879100657068192958831787109375,Private room,176,1
Thelonious Monk room at The Harlem Flophouse,3236595,Manhattan,Harlem,40.8088800000000020418156054802238941192626953125,-73.949870000000004210960469208657741546630859375,Private room,150,1
Cozy bedroom in williamsburg,38593087,Brooklyn,Williamsburg,40.708899999999999863575794734060764312744140625,-73.965609999999998080966179259121417999267578125,Private room,65,1
"Room in Queens, NY, near LGA.",119987770,Queens,East Elmhurst,40.76093999999999795136318425647914409637451171875,-73.8784600000000040154191083274781703948974609375,Private room,63,1
Sweet deco room in amazing location,116871769,Brooklyn,Williamsburg,40.7109999999999985220711096189916133880615234375,-73.949510000000003628883860073983669281005859375,Private room,120,1
"Astoria close to JFK,Laguardia airport, Manhattan",117195769,Queens,Astoria,40.7632899999999978035702952183783054351806640625,-73.908420000000006666596163995563983917236328125,Private room,106,1
Private & Separate 1bd/1ba | NYC Pre-War Apartment,11196496,Bronx,Concourse,40.82934999999999803321770741604268550872802734375,-73.92757000000000289219315163791179656982421875,Private room,239,1
"1 bedroom private room in Astoria, Queens",84109314,Queens,Astoria,40.76068000000000068894223659299314022064208984375,-73.9092600000000032878233469091355800628662109375,Private room,120,1
"5mins from JFK, one cozy bedroom for one",119592255,Queens,Jamaica,40.68027000000000015234036254696547985076904296875,-73.7818299999999993588062352500855922698974609375,Private room,53,1
Private Queen room&bathroom in NEW Luxury Building,89197711,Brooklyn,Bath Beach,40.6020800000000008367351256310939788818359375,-73.9951099999999968304109643213450908660888671875,Private room,79,1
Room in Queens NY  near LGA,119987770,Queens,East Elmhurst,40.76062999999999902911440585739910602569580078125,-73.8798000000000030240698833949863910675048828125,Private room,65,1
(4) Comfy Home Away From Home/Multiple Rooms,88043058,Brooklyn,Bedford-Stuyvesant,40.69017999999999801730155013501644134521484375,-73.9535699999999991405275068245828151702880859375,Private room,89,1
Clean and sunny  private room,101736132,Brooklyn,Bushwick,40.69098000000000325826476910151541233062744140625,-73.917540000000002464730641804635524749755859375,Private room,61,1
Cozy private bedroom in BedStuy,30588612,Brooklyn,Bedford-Stuyvesant,40.69394218796691831130374339409172534942626953125,-73.9437276025987131333749857731163501739501953125,Private room,78,1
master bedroom in brownstone,12269797,Brooklyn,Bedford-Stuyvesant,40.685686673944218227916280739009380340576171875,-73.924169573222656026700860820710659027099609375,Private room,75,1
Regal Zen,3177516,Brooklyn,Park Slope,40.67653543525528192503770696930587291717529296875,-73.9763838538018063673007418401539325714111328125,Private room,80,1
joann homey home,83142960,Brooklyn,Bensonhurst,40.6092000000000012960299500264227390289306640625,-73.9969799999999935380401439033448696136474609375,Private room,40,1
Affordable Suite w/ Breakfast,231281049,Manhattan,Midtown,40.76388186477728226009276113472878932952880859375,-73.9822212810918955483430181629955768585205078125,Private room,317,1
Brooklyn private Bedroom,491790606,Brooklyn,Bedford-Stuyvesant,40.69583014638704554499781806953251361846923828125,-73.942460224109737509934348054230213165283203125,Private room,60,1
Private room 719 | Shared Bath,401202937,Manhattan,Midtown,40.74668560068067080237597110681235790252685546875,-73.9888215701351015241016284562647342681884765625,Private room,72,1
UES(mini loft)Clean flex room (Female Only),7093576,Manhattan,Upper East Side,40.77915999999999741021383670158684253692626953125,-73.951999999999998181010596454143524169921875,Private room,53,1
Artstuy,4878363,Brooklyn,Bedford-Stuyvesant,40.68576999999999799229044583626091480255126953125,-73.9449900000000042155079427175223827362060546875,Private room,55,1
The Cozy Cole room at The Harlem Flophouse,3236595,Manhattan,Harlem,40.80798999999999665533323423005640506744384765625,-73.9500599999999934652805677615106105804443359375,Private room,150,1
The Corky Hale Room at The Harlem Flophouse,3236595,Manhattan,Harlem,40.80930000000000035242919693700969219207763671875,-73.9520399999999966667019180022180080413818359375,Private room,150,1
"East Village, Private room with access to garden",115395049,Manhattan,East Village,40.72471999999999781039150548167526721954345703125,-73.98754999999999881765688769519329071044921875,Private room,98,1
"Bright, beautiful room, just block to A, C train",10210950,Brooklyn,Bedford-Stuyvesant,40.67665000000000219415596802718937397003173828125,-73.9131799999999969941200106404721736907958984375,Private room,64,1
Cozy Private room in the heart of Jamaica New york,109527682,Queens,Jamaica Estates,40.713200000000000500222085975110530853271484375,-73.786010000000004538378561846911907196044921875,Private room,120,1
Emerald Suite @ Northern Lights Mansion.,1261480,Manhattan,Harlem,40.8071699999999992769517120905220508575439453125,-73.950649999999995998223312199115753173828125,Private room,495,1
"Cozy Studio Apartment in Queens, NY",25355233,Queens,Springfield Gardens,40.6807400000000001227817847393453121185302734375,-73.7552299999999974033926264382898807525634765625,Private room,108,1
Single room at Whitestone,326089128,Queens,Whitestone,40.7824587175738315636408515274524688720703125,-73.8104784900160808547298074699938297271728515625,Private room,64,1
Newly renovated very cozy Manhattan style bedroom,302174376,Queens,Woodside,40.74423025229699391047688550315797328948974609375,-73.9100851156628237959012039937078952789306640625,Private room,100,1
"Rare Find! 4 Relaxing Units, Pets Allowed!",496944100,Manhattan,SoHo,40.71910215940790322974862647242844104766845703125,-74.0010572101306252079666592180728912353515625,Private room,2015,1
4 Deluxe Suites with City Views! Pets Are Welcome!,496944100,Manhattan,SoHo,40.72100139751362490869723842479288578033447265625,-74.000947510394695427748956717550754547119140625,Private room,2015,1
"Rare Gem! 4 Classy Units, Parking, Pets Allowed!",496944100,Manhattan,SoHo,40.71959385836192524266152759082615375518798828125,-74.00107837986575987088144756853580474853515625,Private room,2199,1
"Huge room 25 min to manhattan. L,M,J,Z train.",101736132,Brooklyn,Bushwick,40.69118999999999886085788602940738201141357421875,-73.9168499999999966121322358958423137664794921875,Private room,65,1
"4 Classy Units! Onsite Parking, Pets Allowed!",496944100,Manhattan,Little Italy,40.71866063703574667442808276973664760589599609375,-73.9992140934021875864345929585397243499755859375,Private room,2012,1
big room in Hell's Kitchen close to Times Square,9236677,Manhattan,Theater District,40.75992999999999710780684836208820343017578125,-73.9875899999999973033482092432677745819091796875,Private room,155,1
4 Deluxe Suites with City Views! Pets Are Welcome!,496944100,Manhattan,SoHo,40.71901182529976637169966124929487705230712890625,-73.9994607612195380852426751516759395599365234375,Private room,4650,1
"4 Convenient Units, Parking, Pets Allowed!",496944100,Manhattan,SoHo,40.7189954457492007122709765098989009857177734375,-74.000705847143507298824260942637920379638671875,Private room,4813,1
4 Chic Suites In the Heart of SoHo! Self-Parking!,496944100,Manhattan,SoHo,40.72085084292502443759076413698494434356689453125,-74.0006655599827212199670611880719661712646484375,Private room,2085,1
4 Luxe Balcony Suites with Panoramic Views of NYC!,496944100,Manhattan,Chinatown,40.718636557014889376659994013607501983642578125,-74.0012187710735815926454961299896240234375,Private room,1887,1
4 Pet-friendly Suite Near Statue of Liberty!,496944100,Manhattan,SoHo,40.71957184988746547560367616824805736541748046875,-74.000923893611826542837661691009998321533203125,Private room,1882,1
Latisha luxury place room 5,143127602,Brooklyn,Cypress Hills,40.68340789999999884685166762210428714752197265625,-73.883858800000012934106052853167057037353515625,Private room,71,1
Beautiful bedroom near to Times Square,19200188,Manhattan,Hell's Kitchen,40.76501999999999981127984938211739063262939453125,-73.99236999999999397914507426321506500244140625,Private room,99,1
4 Chic Suites In the Heart of SoHo! Self-Parking!,496944100,Manhattan,SoHo,40.7193505887758107064655632711946964263916015625,-73.999218979139044449766515754163265228271484375,Private room,4813,1
Large NYC FLAWLESS Room  Close to public transport,55948559,Bronx,Pelham Gardens,40.86650999999999811507223057560622692108154296875,-73.8420899999999988949639373458921909332275390625,Private room,40,1
Modern Rooftop Loft W/ Private Ensuite & Cityviews,48076117,Brooklyn,Crown Heights,40.673810000000003128661774098873138427734375,-73.9320699999999959572960506193339824676513671875,Private room,93,1
"5 minutes from JFK,one single cozy bedroom for one",119592255,Queens,Jamaica,40.68028000000000332647687173448503017425537109375,-73.783310000000000172803993336856365203857421875,Private room,53,1
Bed is yours the rest is shared,390066321,Bronx,Concourse Village,40.8293000000000034788172342814505100250244140625,-73.915919999999999845385900698602199554443359375,Private room,42,1
Home away from home,410078356,Bronx,Tremont,40.848038575730669208496692590415477752685546875,-73.8886270565520391073732753284275531768798828125,Private room,74,1
4 Luxe Balcony Suites with Panoramic Views of NYC!,496944100,Manhattan,SoHo,40.720449999999999590727384202182292938232421875,-73.998999999999995225152815692126750946044921875,Private room,2012,1
Cozy Brooklyn Apartment,111208718,Brooklyn,Bedford-Stuyvesant,40.69024999999999891997504164464771747589111328125,-73.9321599999999961028152029030025005340576171875,Private room,60,1
cozy room in the Bronx,419852791,Bronx,Castle Hill,40.8166668629352642483354429714381694793701171875,-73.8475351381554645513460854999721050262451171875,Private room,56,1
Hell’s Kitchen Private Room,60365737,Manhattan,Hell's Kitchen,40.76364000000000231693775276653468608856201171875,-73.9904099999999971259967423975467681884765625,Private room,70,1
Travel In Style! Two Units for Group Travel!,25138314,Manhattan,Midtown,40.7464272824877440370983094908297061920166015625,-73.98547944903521056403405964374542236328125,Private room,731,1
Two Pet-friendly Units in the Heart of NYC!,5615582,Manhattan,Midtown,40.748150630821015738547430373728275299072265625,-73.9872710715563925987225957214832305908203125,Private room,731,1
"City Escape! 2 Units, Walk to Times Square!",5615582,Manhattan,Midtown,40.7475750698691427942321752198040485382080078125,-73.9854492338388780581226455979049205780029296875,Private room,737,1
2 Comfortable Units Close to Rockefeller Center!,5615582,Manhattan,Midtown,40.74750352232128847163039608858525753021240234375,-73.985506260760217855931841768324375152587890625,Private room,737,1
"4 Units Near Empire State Building, Pets Allowed!",25138314,Manhattan,Midtown,40.7482841013395926665907609276473522186279296875,-73.9866358473683476404403336346149444580078125,Private room,1473,1
Perfect Vacation Trip to NY! 2 Pet-friendly Units!,25138314,Manhattan,Midtown,40.74630271399876590976418810896575450897216796875,-73.986949480972924675370450131595134735107421875,Private room,737,1
Your Next NYC Vacation! 4 Pet-friendly Units!,25138314,Manhattan,Midtown,40.74625999999999947931428323499858379364013671875,-73.98745999999999867213773541152477264404296875,Private room,1473,1
4 Serene Units In The Heart Of NYC! Pets Allowed!,25138314,Manhattan,Midtown,40.748193478657896093864110298454761505126953125,-73.9854263556115796518497518263757228851318359375,Private room,1473,1
Excellent Part of NYC to Stay! 4 Relaxing Units!,25138314,Manhattan,Midtown,40.746076083318399696509004570543766021728515625,-73.9872694069588447973728762008249759674072265625,Private room,1473,1
Cozy single bedroom In the house,438274260,Bronx,Allerton,40.860230000000001382431946694850921630859375,-73.856179999999994834070093929767608642578125,Private room,500,1
Visit and Catch A Show On Broadway! 4 Deluxe Units,25138314,Manhattan,Midtown,40.7481541585209896538799512200057506561279296875,-73.985531891760984990469296462833881378173828125,Private room,1473,1
Perfect NYC Getaway! Minutes Away from MoMA!,25138314,Manhattan,Midtown,40.74668219161534210570607683621346950531005859375,-73.98747853494620585479424335062503814697265625,Private room,369,1
Large Skylight Private Room,131476075,Brooklyn,Bushwick,40.6875399999999984856913215480744838714599609375,-73.9113799999999940837369649671018123626708984375,Private room,71,1
4 Serene Units Near Tenement Museum! Pets Allowed!,25138314,Manhattan,Midtown,40.74699571481583149079597205854952335357666015625,-73.9875306396903624772676266729831695556640625,Private room,1473,1
"Amazing Stay, Excellent Location! 2 Relaxing Units",25138314,Manhattan,Midtown,40.74688800641194319496207754127681255340576171875,-73.9855324981246127435952075757086277008056640625,Private room,737,1
Ultimate NYC Trip! Unit w/ Empire State View,25138314,Manhattan,Midtown,40.74813957986422252588454284705221652984619140625,-73.986886637589151405336451716721057891845703125,Private room,292,1
Visit NYC With the Family & Friends! Pets Allowed!,25138314,Manhattan,Midtown,40.7462000000000017507773009128868579864501953125,-73.9874999999999971578290569595992565155029296875,Private room,292,1
Private room in Woodside,493553636,Queens,Woodside,40.741555962757871611756854690611362457275390625,-73.9017989962951702409554854966700077056884765625,Private room,75,1
"Lovely bedroom in the heart of Chelsea, Manhattan",392144724,Manhattan,Chelsea,40.74350869999999957826730678789317607879638671875,-74.0032073999999937541360850445926189422607421875,Private room,115,1
Washington heights,371562400,Manhattan,Washington Heights,40.85656000000000176441972143948078155517578125,-73.930869999999998753992258571088314056396484375,Private room,80,1
Fantastic one,106155865,Queens,Flushing,40.7402173902008684081010869704186916351318359375,-73.8296344439644514068277203477919101715087890625,Private room,80,1
Cozy and Quiet.,154037433,Queens,Jamaica,40.670580000000001064108801074326038360595703125,-73.7742300000000028603608370758593082427978515625,Private room,75,1
Cozy nook(double room/shared bath),154037433,Queens,Jamaica,40.66922000000000281261236523278057575225830078125,-73.7741299999999995407051756046712398529052734375,Private room,65,1
Farm Rastafarian Gurl Small Home,493370318,Manhattan,East Village,40.7256799999999969941200106404721736907958984375,-73.9722900000000009868017514236271381378173828125,Private room,500,1
rento habitación zona tranquila,493739633,Manhattan,Washington Heights,40.836147164926018149344599805772304534912109375,-73.9442340301584408734925091266632080078125,Private room,56,1
Great space,100354001,Queens,Rosedale,40.65973000000000325826476910151541233062744140625,-73.73219000000000278305378742516040802001953125,Private room,50,1
Unlimited Outdoor Fun! Close to Times Square!,25138314,Manhattan,Midtown,40.74662856968012647485011257231235504150390625,-73.9875829087896619284947519190609455108642578125,Private room,302,1
A Unique Gem in the Heart of NYC! Pets Allowed!,25138314,Manhattan,Midtown,40.74758584482942325166732189245522022247314453125,-73.985446481518039263391983695328235626220703125,Private room,302,1
Minutes Away from Central Park! Pets are Welcome!,25138314,Manhattan,Midtown,40.747759999999999536157702095806598663330078125,-73.9873199999999968667907523922622203826904296875,Private room,369,1
Look No Further! Close to Museum of Modern Art!,25138314,Manhattan,Midtown,40.74649000000000143018041853792965412139892578125,-73.987179999999995061443769372999668121337890625,Private room,369,1
"Cute Calm Place 2mins to Subway, Mins to Manhattan",25414207,Queens,Ridgewood,40.69771999999999678720996598713099956512451171875,-73.9073800000000034060576581396162509918212890625,Private room,51,1
"King sized, pet friendly oasis",20563033,Brooklyn,Williamsburg,40.71505407217529892704988014884293079376220703125,-73.9661097725295775262566166929900646209716796875,Private room,245,1
Spacious Room in the Bronx Area,392563222,Bronx,Fordham,40.852480100000008178540156222879886627197265625,-73.9025003999999938741893856786191463470458984375,Private room,62,1
Spacious Bronx Studio,392563222,Bronx,Fordham,40.85285632202702998938548262231051921844482421875,-73.90120748329121624919935129582881927490234375,Private room,80,1
Comfortable room/close to Manhattan,87397826,Queens,Long Island City,40.75786000000000086629370343871414661407470703125,-73.9291199999999975034370436333119869232177734375,Private room,99,1
Big Bedroom Best Location !,491198242,Queens,Long Island City,40.74703000000000230329533223994076251983642578125,-73.9469500000000010686562745831906795501708984375,Private room,89,1
Private room 724 | Share bath,401202937,Manhattan,Midtown,40.748210000000000263753463514149188995361328125,-73.9876000000000004774847184307873249053955078125,Private room,50,1
Springfield Garden estates,493903378,Queens,Springfield Gardens,40.67160780000001096823325497098267078399658203125,-73.756747757672115994864725507795810699462890625,Private room,43,1
I bedroom for rent.,493950544,Bronx,West Farms,40.84455917868552177196761476807296276092529296875,-73.880174258886427196557633578777313232421875,Private room,40,1
The Haven Bed Stuy (2 Bedrooms/private bath),124985291,Brooklyn,Bedford-Stuyvesant,40.6776023999999978286723489873111248016357421875,-73.9239295999999939112967695109546184539794921875,Private room,180,1
Waterfront Wonder,3427065,Brooklyn,Williamsburg,40.71932000000000329009708366356790065765380859375,-73.964550000000002683009370230138301849365234375,Private room,180,1
Tourist Manhattan for cheap,445515482,Staten Island,Stapleton,40.6371233459032481505346368066966533660888671875,-74.0767941190490688541103736497461795806884765625,Private room,84,1
Nice room by LaGuardia airport,136230287,Queens,East Elmhurst,40.7646538801636069138112361542880535125732421875,-73.867579566611226482564234174787998199462890625,Private room,54,1
Unforgettable Penthouse Experience | Midtown NYC,484277630,Manhattan,Midtown,40.7547892533587372554393368773162364959716796875,-73.9800285220285189780042856000363826751708984375,Private room,374,1
Spacious Full Sz Rm Washer/Dryer,445742312,Manhattan,Upper East Side,40.78139091081599332255791523493826389312744140625,-73.9476860626630099204703583382070064544677734375,Private room,74,1
"Comfort Station, 24/7 CheckIn Next To Subway/Pratt",391942286,Brooklyn,Clinton Hill,40.68936058267826183509896509349346160888671875,-73.9615648043749018825110397301614284515380859375,Private room,70,1
Private Cozy Room in Chinatown!,284894773,Manhattan,Chinatown,40.7167597007030366285107447765767574310302734375,-73.99721259666995365478214807808399200439453125,Private room,117,1
Private room in peaceful BedStuy apartment,96328834,Brooklyn,Bedford-Stuyvesant,40.69573715017690318518361891619861125946044921875,-73.9363555058662171859396039508283138275146484375,Private room,65,1
Beautiful room in an appointment,480857366,Brooklyn,East Flatbush,40.6432658836034050864327582530677318572998046875,-73.9234789665311922135515487752854824066162109375,Private room,70,1
Perfect Room in West Harlem,61678511,Manhattan,Harlem,40.81562999999999874489731155335903167724609375,-73.9498200000000025511326384730637073516845703125,Private room,57,1
"Safe and Sweet, Amazing E Harlem",395965505,Manhattan,East Harlem,40.78656167663354636943040532059967517852783203125,-73.9424933012772811480317614041268825531005859375,Private room,60,1
Sunny room in a spacious Williamsburg apt,17344471,Brooklyn,Williamsburg,40.7171900000000022146195988170802593231201171875,-73.94198000000000092768459580838680267333984375,Private room,75,1
1-2 week rental,144844252,Manhattan,Lower East Side,40.7192026026512934322454384528100490570068359375,-73.990531715508069510178756900131702423095703125,Private room,5000,1
Ladies Only. Female Aparment,401937392,Queens,Corona,40.73701168915440717910314560867846012115478515625,-73.8645040329433442138906684704124927520751953125,Private room,60,1
Nice room vintage,489935910,Brooklyn,Bushwick,40.6924784980583211790872155688703060150146484375,-73.9047778454726511654371279291808605194091796875,Private room,146,1
Bed in my living room and nice view,220629418,Brooklyn,Flatbush,40.64188633668840822110723820514976978302001953125,-73.9568504550587704216013662517070770263671875,Private room,115,1
Cozy 1BR APT in the heart of Astoria,150489232,Queens,Astoria,40.76597000000000292629920295439660549163818359375,-73.924890000000004874891601502895355224609375,Private room,55,1
Primo Value in Beautiful Astoria,3120671,Queens,Astoria,40.75918043826420245068220538087189197540283203125,-73.9148937447538827427706564776599407196044921875,Private room,75,1
Lavish central fast internet,489804886,Manhattan,Upper East Side,40.76183999999999940655470709316432476043701171875,-73.9656499999999965666575008071959018707275390625,Private room,360,1
Cozy Private Room in Astoria minutes to NYC,150565606,Queens,Ditmars Steinway,40.7785300000000034970071283169090747833251953125,-73.914590000000004010871634818613529205322265625,Private room,43,1
Sunny & Spacious Bushwick Retreat With Backyard!,178521104,Brooklyn,Bushwick,40.6879128773833969034967594780027866363525390625,-73.91183985137723766456474550068378448486328125,Private room,75,1
Private room in prime Ridgewood,113675886,Queens,Ridgewood,40.6993700000000018235368770547211170196533203125,-73.9054699999999940018824418075382709503173828125,Private room,95,1
Lovely 4 Bed 1 Bathroom Williamsburg Loft,192265775,Brooklyn,Williamsburg,40.705895308787859221411054022610187530517578125,-73.9534895300514421023763134144246578216552734375,Private room,499,1
Private room,489935910,Brooklyn,Bushwick,40.691598999999996522092260420322418212890625,-73.9051864999999992278389981947839260101318359375,Private room,121,1
Nice Room in the upper west Manhathan,145872703,Manhattan,Harlem,40.8202899999999999636202119290828704833984375,-73.9560000000000030695446184836328029632568359375,Private room,62,1
Unlimited Outdoor Fun in NYC! Near Times Square!,25138314,Manhattan,Midtown,40.7468157785809097504170495085418224334716796875,-73.9875807894245127727117505855858325958251953125,Private room,369,1
Queen bed-Close to Columbia U & Central Park,64471880,Manhattan,Harlem,40.80158999999999736019162810407578945159912109375,-73.9574099999999958754415274597704410552978515625,Private room,80,1
Private Lrg bedroom in a convrtable 2 Bed Apt.,79089979,Brooklyn,Bay Ridge,40.63768999999999920191839919425547122955322265625,-74.0267000000000052750692702829837799072265625,Private room,83,1
Study zone near Columbia •,172851546,Manhattan,Upper West Side,40.798270000000002255546860396862030029296875,-73.9643800000000055661075748503208160400390625,Private room,135,1
"Hotel Room In Jamaica NY, JFK",182793168,Queens,South Ozone Park,40.66669999999999873807610129006206989288330078125,-73.805350000000004229150363244116306304931640625,Private room,232,1
Study zone near Columbia ••,172851546,Manhattan,Upper West Side,40.79826700000000272439137916080653667449951171875,-73.9643779999999964047674438916146755218505859375,Private room,281,1
JFK Queens Home Away From Home House Of Suedajoy 2,175019394,Queens,Jamaica,40.67164409999998753164618392474949359893798828125,-73.7791356999999976551407598890364170074462890625,Private room,75,1
Lovely bedroom,478712063,Bronx,Belmont,40.848219999999997753548086620867252349853515625,-73.885279999999994515746948309242725372314453125,Private room,45,1
Bedroom in NY available,252633425,Queens,Woodhaven,40.69539999999999935198502498678863048553466796875,-73.8526700000000033696778700686991214752197265625,Private room,70,1
Hype,275135522,Brooklyn,Bedford-Stuyvesant,40.682093588212552504046470858156681060791015625,-73.9128231999424087916850112378597259521484375,Private room,50,1
LOVE MANHATTAN 2,143052745,Bronx,Mott Haven,40.81015000000000014779288903810083866119384765625,-73.9202499999999957935870043002068996429443359375,Private room,60,1
Private cozy room in flushing queens,137129564,Queens,Flushing,40.75372999999999734654920757748186588287353515625,-73.8157900000000068985173129476606845855712890625,Private room,42,1
lovely privately key entry room,490725380,Queens,Glendale,40.69877470000000130312400870025157928466796875,-73.8944850999999971463694237172603607177734375,Private room,69,1
Large Private Room by Yankee Stadium. *Read Rules*,178229322,Bronx,Concourse,40.83471999999999724195731687359511852264404296875,-73.9193900000000070349415182135999202728271484375,Private room,51,1
master bedroom w pvt bath in 5BR retro 1960s house,180186230,Queens,Fresh Meadows,40.74813999999999936107997200451791286468505859375,-73.7820099999999996498445398174226284027099609375,Private room,140,1
Cozy Private Room Next to Train,59795431,Bronx,Williamsbridge,40.88168999999999897454472375102341175079345703125,-73.8618900000000024874680093489587306976318359375,Private room,65,1
"Tranquil private bedroom, Hamilton Heights, NY",178473107,Manhattan,Harlem,40.8305399999999991678123478777706623077392578125,-73.946920000000005757101462222635746002197265625,Private room,165,1
WOW ! Beautiful Mini Loft Near The Beach,182940016,Queens,Far Rockaway,40.59519999999999839701558812521398067474365234375,-73.7635599999999982401277520693838596343994140625,Private room,125,1
*NEW* Cozy Room in Brooklyn,429454632,Brooklyn,Prospect-Lefferts Gardens,40.6622100000000017416823538951575756072998046875,-73.941360000000003083187039010226726531982421875,Private room,58,1
*NEW* Spacious Room in Brooklyn,429454632,Brooklyn,Prospect-Lefferts Gardens,40.66241000000000127556631923653185367584228515625,-73.9414000000000015688783605583012104034423828125,Private room,58,1
Calm Room+Backyard 3min toSubway Mins to Manhattan,25414207,Queens,Ridgewood,40.70096000000000202589944819919764995574951171875,-73.9073900000000065801941673271358013153076171875,Private room,55,1
1 private Bedroom. With Bathroom,474691192,Bronx,Allerton,40.866614499999997178747435100376605987548828125,-73.8549776999999920690243015997111797332763671875,Private room,500,1
Latisha luxury place room 4,143127602,Brooklyn,Cypress Hills,40.68340789999999884685166762210428714752197265625,-73.883858800000012934106052853167057037353515625,Private room,72,1
Cozy Room in the Heart of NYC,31154454,Manhattan,Kips Bay,40.7411299999999982901499606668949127197265625,-73.9814999999999969304553815163671970367431640625,Private room,71,1
Private Room close to the city,150565606,Queens,Ditmars Steinway,40.77803999999999717829268774949014186859130859375,-73.916390000000006921254680491983890533447265625,Private room,72,1
Guest bedroom for the minimalist solo traveler.,172889902,Queens,Corona,40.7386699999999990495780366472899913787841796875,-73.8666300000000006775735528208315372467041015625,Private room,35,1
Bushwick Cozy Room,131476075,Brooklyn,Bushwick,40.68688999999999822421159478835761547088623046875,-73.911370000000005120455170981585979461669921875,Private room,54,1
Modern quiet and clean room minutes from Manhattan,86327101,Brooklyn,Bedford-Stuyvesant,40.68209999999999837427822058089077472686767578125,-73.912450000000006866684998385608196258544921875,Private room,55,1
Cosmopolitan Comfort,61398811,Brooklyn,Park Slope,40.67542089999999888050297158770263195037841796875,-73.97638729999999895881046541035175323486328125,Private room,190,1
Boerum Hill Beauty,132464510,Brooklyn,Boerum Hill,40.68446000000000140062184073030948638916015625,-73.98403999999999314240994863212108612060546875,Private room,121,1
Master bedroom in large apt minutes from Manhattan,86327101,Brooklyn,Bedford-Stuyvesant,40.68209999999999837427822058089077472686767578125,-73.912450000000006866684998385608196258544921875,Private room,56,1
Thom’s cozy unit 4/nofees/st parking,192483383,Bronx,Throgs Neck,40.82345988054488117313667316921055316925048828125,-73.819729350507259368896484375,Private room,55,1
"Private, cozy room near major trains",86327101,Brooklyn,Bedford-Stuyvesant,40.68209999999999837427822058089077472686767578125,-73.912450000000006866684998385608196258544921875,Private room,57,1
Cozy private room,491091084,Manhattan,Harlem,40.80474000000000245336195803247392177581787109375,-73.945819999999997662598616443574428558349609375,Private room,150,1
private room with a private bathroom,389706319,Staten Island,Rossville,40.54838290000000000645741238258779048919677734375,-74.191375999999991108779795467853546142578125,Private room,90,1
Hiéroglyphe,187648135,Bronx,Allerton,40.86753999999999820147422724403440952301025390625,-73.8547200000000003683453542180359363555908203125,Private room,40,1
Sunny bedroom in Stuyvesant Heights,985635,Brooklyn,Bedford-Stuyvesant,40.68180000000000262616595136933028697967529296875,-73.9354900000000014870238373987376689910888671875,Private room,90,1
Room for Rent,359756644,Queens,Laurelton,40.68093645253378554116352461278438568115234375,-73.7437479488438185626364429481327533721923828125,Private room,126,1
great place in bklyn420friendly30 min manhatan,94214493,Brooklyn,East Flatbush,40.65456999999999965211827657185494899749755859375,-73.9174100000000038335201679728925228118896484375,Private room,150,1
Cozy Private Room by Yankee Stadium. *Read Rules*,172703338,Bronx,Concourse Village,40.83030000000000114823706098832190036773681640625,-73.918620000000004210960469208657741546630859375,Private room,53,1
Warm and charming house,490863611,Bronx,Morris Heights,40.85083999999999804231265443377196788787841796875,-73.912180000000006430127541534602642059326171875,Private room,54,1
Brooklyn private attic in a circus home,14719992,Brooklyn,Cypress Hills,40.6795800000000014051693142391741275787353515625,-73.8903399999999948022377793677151203155517578125,Private room,35,1
Clean and romantic room.,172579417,Bronx,Highbridge,40.8364100000000007639755494892597198486328125,-73.9233100000000007412381819449365139007568359375,Private room,65,1
Private cozy room in the heart of Maspeth,409693867,Queens,Maspeth,40.71924915653190879538669832982122898101806640625,-73.902543894946575164794921875,Private room,75,1
Plantastic Brooklyn Oasis with Private Rooftop,174838471,Brooklyn,Williamsburg,40.7051000000000016143530956469476222991943359375,-73.940550000000001773514668457210063934326171875,Private room,89,1
Private room in a spacious Bushwick apartment,22245795,Brooklyn,Bushwick,40.7012500000000017053025658242404460906982421875,-73.923630000000002837623469531536102294921875,Private room,46,1
Welcome home,426682883,Queens,Whitestone,40.78618259999999651199686923064291477203369140625,-73.8217578000000003157765604555606842041015625,Private room,82,1
Home Away From Home Bedstuy.,169899040,Brooklyn,Bedford-Stuyvesant,40.684809999999998808561940677464008331298828125,-73.919679999999999608917278237640857696533203125,Private room,64,1
Guest bedroom in the lower level of a house.,172889902,Queens,Elmhurst,40.73628000000000071167960413731634616851806640625,-73.8664399999999972123987390659749507904052734375,Private room,29,1
Suite Luxe - Luxury & Modern Comfort,49831860,Brooklyn,Canarsie,40.6420600000000007412381819449365139007568359375,-73.9111299999999999954525264911353588104248046875,Private room,116,1
"cozy, quite relax space 420 friedly",94214493,Brooklyn,East Flatbush,40.6543199999999984584064804948866367340087890625,-73.918949999999995270627550780773162841796875,Private room,80,1
"St.Johns Home 4 Medical Professionals -“Doromania""",26377263,Queens,Far Rockaway,40.5979872999999997773556970059871673583984375,-73.75618009999999458159436471760272979736328125,Private room,61,1
bklyn best near barkly center and hospitals,94214493,Brooklyn,East Flatbush,40.65429000000000314685166813433170318603515625,-73.9189300000000031332092476077377796173095703125,Private room,120,1
The Greenland In Harlem NYC,177562935,Manhattan,Harlem,40.812669999999997116901795379817485809326171875,-73.94504000000000587533577345311641693115234375,Private room,120,1
Great Room in Great apt!,179376942,Manhattan,Washington Heights,40.8455900000000013960743672214448451995849609375,-73.9395200000000016871126717887818813323974609375,Private room,85,1
"Room in a family house
possibility long term ""ask""",177761074,Queens,Astoria,40.755459999999999354258761741220951080322265625,-73.9175699999999977762854541651904582977294921875,Private room,70,1
15 min to Manhattan!,211359901,Queens,Ditmars Steinway,40.77524050000000244153852690942585468292236328125,-73.91453749999999445208231918513774871826171875,Private room,70,1
Charming One Bedroom on Central Park,42795691,Manhattan,Upper West Side,40.79017999999999943838702165521681308746337890625,-73.9665499999999980218490236438810825347900390625,Private room,95,1
Cozy Room in Duplex with Private Outdoor Area,3436710,Manhattan,East Village,40.725830000000001973603502847254276275634765625,-73.976190000000002555680111981928348541259765625,Private room,180,1
Cozy Brooklyn Apt (Near JFK/Manhattan/Times Sqr),73592174,Brooklyn,Midwood,40.61200000000000187583282240666449069976806640625,-73.9568000000000012050804798491299152374267578125,Private room,44,1
"Hotel Room In Jamaica NY, JFK",182793168,Queens,South Ozone Park,40.66638999999999981582732289098203182220458984375,-73.8051600000000007639755494892597198486328125,Private room,300,1
Hermoso Penthouse con terraza privada.,163421878,Queens,Sunnyside,40.742040000000002919477992691099643707275390625,-73.9117399999999946658135741017758846282958984375,Private room,83,1
Hermosa habitación privada,222580763,Queens,Jackson Heights,40.75726726313393299960807780735194683074951171875,-73.8611427325478331340491422452032566070556640625,Private room,106,1
Contemporary Haven in Astoria - NEW Private Room,61418949,Queens,Astoria,40.757835185280072209934587590396404266357421875,-73.92399847582265692835790105164051055908203125,Private room,73,1
Huge private bedroom near JFK,490767259,Queens,Corona,40.7465193000000027723217499442398548126220703125,-73.8668521999999967420080793090164661407470703125,Private room,99,1
Pleasant Place Rooms  JFK Private Housings Complex,26602392,Queens,Springfield Gardens,40.6627500000000026147972675971686840057373046875,-73.7679600000000021964297047816216945648193359375,Private room,72,1
"Room with bathroom, privacy",490742719,Queens,College Point,40.79390000000000071622707764618098735809326171875,-73.842659999999995079633663408458232879638671875,Private room,73,1
C private apartment in NYC,201757076,Queens,Jamaica,40.6980300000000028148861019872128963470458984375,-73.795760000000001355147105641663074493408203125,Private room,95,1
Twin bed-Close to Columbia U & Central Park,64471880,Manhattan,Harlem,40.801659999999998262865119613707065582275390625,-73.9556199999999961391949909739196300506591796875,Private room,75,1
Room for the long hual or 1 nite,394746651,Bronx,Williamsbridge,40.87093399999999832061803317628800868988037109375,-73.8639816999999965219103614799678325653076171875,Private room,50,1
Private room for couples,495040066,Brooklyn,Crown Heights,40.67760280510439230283736833371222019195556640625,-73.944889149031268971157260239124298095703125,Private room,100,1
NYC Beach Getaway,433012511,Queens,Rockaway Beach,40.58980033167963341611539362929761409759521484375,-73.806560957943389666979783214628696441650390625,Private room,129,1
Lovely Private Studio in A Shared Apartment,495202358,Bronx,Morris Heights,40.85304000000000002046363078989088535308837890625,-73.90829999999999699866748414933681488037109375,Private room,89,1
Great Comfortable Room In Beautiful Apartment!,140286225,Brooklyn,Bushwick,40.6991900000000015324985724873840808868408203125,-73.910989999999998190105543471872806549072265625,Private room,125,1
Private Room in Williamsburg Apt,225420039,Brooklyn,Williamsburg,40.7064803740593532666025566868484020233154296875,-73.965659172912438634739373810589313507080078125,Private room,70,1
Bensonhurst luxury Bedroom,299762353,Brooklyn,Gravesend,40.60235529999999926076270639896392822265625,-73.9902914999999978817868395708501338958740234375,Private room,100,1
Twin Bed in East Village Apartment,74338125,Manhattan,East Village,40.72845000000000226236807066015899181365966796875,-73.9860800000000011777956387959420680999755859375,Private room,76,1
Manhattan Greatest Deal! Beautiful Room,136431007,Manhattan,Chelsea,40.750010000000003174136509187519550323486328125,-74.003590000000002646629582159221172332763671875,Private room,56,1
Cozy room in the best area! Affordable stay in NY!,20761853,Manhattan,Upper East Side,40.76977000000000117552190204150974750518798828125,-73.952370000000001937223714776337146759033203125,Private room,91,1
Private room near Columbia University,134370506,Manhattan,Morningside Heights,40.81060000000000087538865045644342899322509765625,-73.95810000000000172803993336856365203857421875,Private room,90,1
Cozy space 15min from Manhattan,162913222,Queens,Astoria,40.7575464804843221600094693712890148162841796875,-73.9286785479688290934063843451440334320068359375,Private room,82,1
Spacious and Clean Private Bedroom in NYC,5612625,Manhattan,Upper West Side,40.7938199999999966394170769490301609039306640625,-73.96847999999999956344254314899444580078125,Private room,56,1
Colorful Room in E.Williamsburg,496583857,Brooklyn,Williamsburg,40.70832999999999657347871107049286365509033203125,-73.9398000000000052978066378273069858551025390625,Private room,85,1
1 Master bedroom for rent,495879533,Brooklyn,Cypress Hills,40.67983170000000114896465674974024295806884765625,-73.8925593000000020538209355436265468597412109375,Private room,80,1
Private Bedroom in Sheepsheadbay,8725682,Brooklyn,Sheepshead Bay,40.59988813937485474525601603090763092041015625,-73.9363861421762749159825034439563751220703125,Private room,39,1
Eddies Spot,116160665,Queens,Briarwood,40.70987591982912334742650273256003856658935546875,-73.81531302844388164885458536446094512939453125,Private room,63,1
Lavish central King bed 1 bedroom free st parkn,489804886,Manhattan,Upper East Side,40.77372802426280173904160619713366031646728515625,-73.9499856342843173706569359637796878814697265625,Private room,403,1
Cozy Bedroom in Bedstuy 25 min from Manhattan,233066892,Brooklyn,Bedford-Stuyvesant,40.6848734574866028879114310257136821746826171875,-73.9297358572182332636657520197331905364990234375,Private room,55,1
Amazing Astoria!,249965987,Queens,Ditmars Steinway,40.77691079038249455379627761431038379669189453125,-73.9105021336823568844920373521745204925537109375,Private room,89,1
home swet home,412935934,Queens,Flushing,40.72453253149203789007515297271311283111572265625,-73.80285983992916953866370022296905517578125,Private room,52,1
New Private Room in Downtown Elm,494325012,Queens,Elmhurst,40.742217753169455818351707421243190765380859375,-73.8841944475678786830030730925500392913818359375,Private room,50,1
Lovely Clean & Cozy Private Room!,267702696,Brooklyn,Flatbush,40.63937440992345528911755536682903766632080078125,-73.95473800599575042724609375,Private room,69,1
Hendrix Street Gem Rm #1,105878573,Brooklyn,East New York,40.66700999999999766032487968914210796356201171875,-73.886989999999997280610841698944568634033203125,Private room,46,1
Room for 1 or 2 in art-filled apt. Monthly for 1,22059655,Manhattan,Washington Heights,40.8376700000000028012436814606189727783203125,-73.9420300000000025875124265439808368682861328125,Private room,89,1
red rum or/comfort zone/r purple,407052322,Bronx,Williamsbridge,40.878510599999998476050677709281444549560546875,-73.857640099999997573831933550536632537841796875,Private room,145,1
Victorian room 2,406942662,Manhattan,Lower East Side,40.7199456307888425499186269007623195648193359375,-73.991207464789340519928373396396636962890625,Private room,78,1
"20mins from Union Square:)Bushwick,Brooklyn,Lline",127618565,Brooklyn,Bushwick,40.70640999999999820602170075289905071258544921875,-73.917519999999996116457623429596424102783203125,Private room,65,1
this is a comfortable,112341991,Queens,Bayside,40.77287962260493969779417966492474079132080078125,-73.789168121754386220345622859895229339599609375,Private room,98,1
"Philosopher's Private Room, Clean, 1.5 Baths",10015933,Manhattan,Harlem,40.81656000000000261707100435160100460052490234375,-73.937399999999996680344338528811931610107421875,Private room,81,1
Cozy & bright private room 12 mins to Manhattan,10028635,Queens,Ditmars Steinway,40.77729000000000070258465711958706378936767578125,-73.9077999999999946112438919954001903533935546875,Private room,116,1
Private Sunny Bedroom in Bay Ridge Brooklyn,79089979,Brooklyn,Bay Ridge,40.63821999999999690089680370874702930450439453125,-74.026870000000002391971065662801265716552734375,Private room,69,1
法拉盛(Flushing)独立出入Basement套房出租。2房1卫 2Rooms/1Bath,137129564,Queens,Flushing,40.753680000000002792148734442889690399169921875,-73.813659999999998717612470500171184539794921875,Private room,59,1
The Artisan Peach Room,305170893,Brooklyn,Bushwick,40.69733000000000089357854449190199375152587890625,-73.9143600000000020600054995156824588775634765625,Private room,100,1
Single room at Stella's place,15617507,Bronx,Morris Park,40.85229000000000354475560015998780727386474609375,-73.860919999999993024175637401640415191650390625,Private room,33,1
Peaceful Room in Beautiful Brownstone Duplex,16504510,Brooklyn,Bedford-Stuyvesant,40.68408000000000157569957082159817218780517578125,-73.92856000000000449290382675826549530029296875,Private room,99,1
Flirty & Fun Private Room,87541218,Manhattan,Harlem,40.81141025998704208177514374256134033203125,-73.9395852408617173523452947847545146942138671875,Private room,350,1
Private room 640 | private bath,401202937,Manhattan,Midtown,40.74741579734129715006929473020136356353759765625,-73.988832594208332693597185425460338592529296875,Private room,186,1
Private bed/bath / great views / Upper East Side,35786659,Manhattan,Upper East Side,40.7685000000000030695446184836328029632568359375,-73.9611699999999956389729049988090991973876953125,Private room,165,1
Gorgeous cozy bdrm + private bath + backyard!,4351028,Brooklyn,Bushwick,40.69966000000000150293999467976391315460205078125,-73.9192100000000067439032136462628841400146484375,Private room,60,1
"Bonito Cuarto  Tranquilo,  donde vive una persona",132983866,Manhattan,Washington Heights,40.84913000000000238287611864507198333740234375,-73.934110000000003992681740783154964447021484375,Private room,55,1
"Amazing W Village shared living space, prvt bdrm",131671508,Manhattan,West Village,40.73457700000000158979673869907855987548828125,-74.003005999999999175997800193727016448974609375,Private room,120,1
"Private, artsy room steps from Prospect Park!!",11881734,Brooklyn,Prospect-Lefferts Gardens,40.6565700000000020963852875865995883941650390625,-73.9603900000000038517100620083510875701904296875,Private room,65,1
Modern & Industrial LIC Accommodations,127560222,Queens,Long Island City,40.75522000000000133468347485177218914031982421875,-73.93650999999999839928932487964630126953125,Private room,302,1
Bohemian Two Bridges Private Room 1,267028253,Manhattan,Two Bridges,40.71299959598101025903815752826631069183349609375,-73.9934915837030757757020182907581329345703125,Private room,58,1
Cozy bedroom in historical home.,128338539,Staten Island,Tompkinsville,40.6321599999999989449861459434032440185546875,-74.080500000000000682121026329696178436279296875,Private room,613,1
Private Bedroom in Manhattan,59117179,Manhattan,Roosevelt Island,40.76355000000000217141860048286616802215576171875,-73.9484800000000035424818634055554866790771484375,Private room,140,1
Bronx Wakefield Large Furnished Room,130185165,Bronx,Wakefield,40.8873999999999995225152815692126750946044921875,-73.864990000000005920810508541762828826904296875,Private room,90,1
Private Room in Park Slope,132962808,Brooklyn,Windsor Terrace,40.6587881054755229115471593104302883148193359375,-73.9821248428527979967839200980961322784423828125,Private room,105,1
Luxury City Suite Steps from Central Park w/Bfst,231281049,Manhattan,Midtown,40.76611094466363027777333627454936504364013671875,-73.9816923244585922248006681911647319793701171875,Private room,365,1
Private spacious bedroom near JFK Airport,246611685,Queens,Richmond Hill,40.6943600000000031968738767318427562713623046875,-73.8289299999999997226041159592568874359130859375,Private room,65,1
Súper genial mi alojamiento,471864210,Queens,Glendale,40.70096600000000108821041067130863666534423828125,-73.889887899999990850119502283632755279541015625,Private room,84,1
Private Room with Skyline View. Near LGA airport,129743937,Queens,East Elmhurst,40.75809000000000281715983874164521694183349609375,-73.8680599999999998317434801720082759857177734375,Private room,61,1
"Cozy room for rent, furnished.",465273276,Manhattan,Hell's Kitchen,40.7637107999999983576344675384461879730224609375,-73.9891392999999908397512626834213733673095703125,Private room,166,1
New - Green & Spacious Room,4264065,Brooklyn,Crown Heights,40.67219336584661704137033666484057903289794921875,-73.956034078527267183744697831571102142333984375,Private room,75,1
Private room  Located near JFK,470366840,Queens,Rosedale,40.65461410474785708402123418636620044708251953125,-73.7419652840937231985662947408854961395263671875,Private room,80,1
Comfy room in the heights,442715701,Manhattan,Washington Heights,40.843446890766927026561461389064788818359375,-73.93941008002860826309188269078731536865234375,Private room,100,1
Happy place to stay,316536388,Bronx,Woodlawn,40.90054947219005754277532105334103107452392578125,-73.8667034619774085513199679553508758544921875,Private room,79,1
Monthly and Weekly Only,496038581,Manhattan,Harlem,40.83111293676630992877107928507030010223388671875,-73.945076747607487277491600252687931060791015625,Private room,51,1
Large window Private Room in Flushing Queens,137129564,Queens,Flushing,40.75240999999999758074409328401088714599609375,-73.814580000000006521077011711895465850830078125,Private room,49,1
East Williamsburg Sanctuary at Morgan L train,19612095,Brooklyn,Williamsburg,40.7068799999999981764631229452788829803466796875,-73.9320000000000021600499167107045650482177734375,Private room,70,1
Private full bathroom/tub in lovely garden bedroom,473963067,Brooklyn,Bushwick,40.69623536972938637745755841024219989776611328125,-73.933569223728653696525725536048412322998046875,Private room,80,1
Cozy Private Room Located Near JFK & UBS,470366840,Queens,Rosedale,40.6566600000000022419044398702681064605712890625,-73.7419799999999980855136527679860591888427734375,Private room,80,1
Chambre privé dans Crown Height,4495918,Brooklyn,Crown Heights,40.674959830447761532923323102295398712158203125,-73.938921055167696749776951037347316741943359375,Private room,53,1
Cozy room in the heart of Brooklyn,465479887,Brooklyn,East Flatbush,40.65043539999999921974449534900486469268798828125,-73.934856999999993831806932576000690460205078125,Private room,79,1
Natalie's home JFK/room#2,472607067,Queens,Springfield Gardens,40.6646829000000025189365260303020477294921875,-73.78010199999999940700945444405078887939453125,Private room,90,1
Huge Private Room in New York 10minute to Midtown,119952908,Queens,Long Island City,40.7494999999999976125764078460633754730224609375,-73.9377099999999956025931169278919696807861328125,Private room,51,1
NYC Vacay! Prime Location in Manhattan,25138314,Manhattan,Midtown,40.7478668141564099869356141425669193267822265625,-73.987038587036323633583378978073596954345703125,Private room,292,1
"Good Access to Everywhere:)Bushwick, Brooklyn NY",127618565,Brooklyn,Bushwick,40.70479999999999876081346883438527584075927734375,-73.919790000000006102709448896348476409912109375,Private room,65,1
Hendrix Street Gem Rm #2,105878573,Brooklyn,East New York,40.66563000000000016598278307355940341949462890625,-73.8889199999999988222043612040579319000244140625,Private room,45,1
Cheerful 1 - bedroom near LGA,242322561,Queens,East Elmhurst,40.765320000000002664819476194679737091064453125,-73.86880999999999630745151080191135406494140625,Private room,60,1
Brownstone’s ground-floor level double bed. w bath,175728949,Manhattan,Harlem,40.82305999999999812644091434776782989501953125,-73.9488099999999946021489449776709079742431640625,Private room,185,1
2 Modern Units In The Heart Of Flatiron District!,5615582,Manhattan,Murray Hill,40.75056000000000011596057447604835033416748046875,-73.9795199999999937290340312756597995758056640625,Private room,1022,1
"2 Modern Units, All You Need for a Perfect Trip!",5615582,Manhattan,Midtown,40.75254000000000331738192471675574779510498046875,-73.9779999999999944293449516408145427703857421875,Private room,1029,1
"Big Apple In Style! 2 Modern Units, Amazing Stay!",5615582,Manhattan,Murray Hill,40.7505799999999993588062352500855922698974609375,-73.9795500000000032514435588382184505462646484375,Private room,1022,1
"""Beautiful Traveler Room"" Brooklyn Medical Student",366283494,Brooklyn,Dyker Heights,40.627870000000001482476363889873027801513671875,-74.008139999999997371560311876237392425537109375,Private room,54,1
Best Room in Manhattan,435273407,Manhattan,East Harlem,40.78884000000000042973624658770859241485595703125,-73.941519999999997025952325202524662017822265625,Private room,121,1
Unique private room 10min to Midtown with fire-pit,435273167,Queens,Long Island City,40.75386999999999915189619059674441814422607421875,-73.933639999999996916812960989773273468017578125,Private room,85,1
Selina Chelsea NYC Standard Economy Room,342821708,Manhattan,Chelsea,40.74846000000000145746525959111750125885009765625,-74.00772000000000616637407802045345306396484375,Private room,218,1
Private Room on Brighton Beach. Next to the Beach.,250263013,Brooklyn,Brighton Beach,40.57755999999999829697117093019187450408935546875,-73.9650100000000065847416408360004425048828125,Private room,65,1
"Great big room in Brooklyn, big space",371421385,Brooklyn,Cypress Hills,40.68545999999999907004166743718087673187255859375,-73.87385000000000445652403868734836578369140625,Private room,62,1
Hidden Gem In The Heart Of NYC! Free Parking,5615582,Manhattan,Midtown,40.7525499999999993860910763032734394073486328125,-73.9799699999999944566297926940023899078369140625,Private room,514,1
"Walk to Iconic Landmarks! Broadway, Times Square",5615582,Manhattan,Midtown,40.7528199999999998226485331542789936065673828125,-73.979860000000002173692337237298488616943359375,Private room,511,1
Hamilton Heights between Broadway and Riverside,213172811,Manhattan,Harlem,40.82189000000000334011929226107895374298095703125,-73.953810000000004265530151315033435821533203125,Private room,68,1
Cheerful 2- bedroom near LGA,242322561,Queens,East Elmhurst,40.76342000000000354020812665112316608428955078125,-73.867739999999997735358192585408687591552734375,Private room,60,1
Bedroom in large apartment minutes from Broadway!,17819910,Manhattan,Hell's Kitchen,40.76510999999999995679900166578590869903564453125,-73.98899000000000114596332423388957977294921875,Private room,107,1
Cozy Private Room in BedStuy,15377463,Brooklyn,Bedford-Stuyvesant,40.68198000000000291720425593666732311248779296875,-73.9144900000000006912159733474254608154296875,Private room,65,1
4H-Astoria Large single private room,433203831,Queens,Astoria,40.76783999999999963392838253639638423919677734375,-73.9246700000000060981619753874838352203369140625,Private room,78,1
Great location private bedroom in Queens,74488815,Queens,Astoria,40.76668000000000091631591203622519969940185546875,-73.9225899999999995770849636755883693695068359375,Private room,55,1
Great location private bedroom in queens,74488815,Queens,Astoria,40.76850999999999913825377007015049457550048828125,-73.9233799999999945384843158535659313201904296875,Private room,60,1
"Great location master bedroom ,private bathroom",74488815,Queens,Astoria,40.76698999999999983856469043530523777008056640625,-73.923169999999998935891198925673961639404296875,Private room,78,1
Visita NEW YORK,194196062,Queens,Flushing,40.7624100000000026966517907567322254180908203125,-73.8040799999999990177457220852375030517578125,Private room,95,1
Exclusive Private Room 413 | Shared Bathroom Only,401202937,Manhattan,Midtown,40.7467400000000026238922146148979663848876953125,-73.98863000000000056388671509921550750732421875,Private room,65,1
A getaway for the night in the Bronx,348034609,Bronx,Unionport,40.826560000000000627551344223320484161376953125,-73.8446799999999967667463351972401142120361328125,Private room,157,1
"The Beekman, A Thompson Hotel - Superior Queen",373480843,Manhattan,Financial District,40.71121000000000123009158414788544178009033203125,-74.00691000000000485670170746743679046630859375,Private room,225,1
Lovely 1-bedroom in Brooklyn for Travelers!,433696576,Brooklyn,Bedford-Stuyvesant,40.69283999999999679175743949599564075469970703125,-73.9406800000000004047251422889530658721923828125,Private room,55,1
Exclusive Private Room 218  | Shared Bathroom Only,401202937,Manhattan,Midtown,40.74634999999999962483343551866710186004638671875,-73.9868900000000024874680093489587306976318359375,Private room,82,1
Exclusive Private Room 217 | Shared Bathroom Only,401202937,Manhattan,Midtown,40.7477200000000010504663805477321147918701171875,-73.9889299999999963119989843107759952545166015625,Private room,57,1
Exclusive Private Room 813 | Shared Bathroom Only,401202937,Manhattan,Midtown,40.74627000000000265345079242251813411712646484375,-73.987020000000001118678483180701732635498046875,Private room,51,1
Exclusive Private Room 816 | Shared Bathroom Only,401202937,Manhattan,Midtown,40.748390000000000554791768081486225128173828125,-73.9882999999999952933649183250963687896728515625,Private room,60,1
Exclusive Private Room 619 | Shared Bathroom Only,401202937,Manhattan,Midtown,40.7460999999999984311216394416987895965576171875,-73.9885000000000019326762412674725055694580078125,Private room,66,1
Exclusive Private Room 529 | Shared Bathroom Only,401202937,Manhattan,Midtown,40.74638999999999811052475706674158573150634765625,-73.9869000000000056616045185364782810211181640625,Private room,59,1
Private 2BR Renovated 2020@Queens Max4/Family ok,200239515,Queens,Woodside,40.74105999999999738747646915726363658905029296875,-73.8949300000000022237145458348095417022705078125,Private room,129,1
Exclusive Private Room 712 | Shared Bathroom Only,401202937,Manhattan,Midtown,40.7479000000000013415046851150691509246826171875,-73.9870399999999932560967863537371158599853515625,Private room,70,1
Beautiful 2 Double Bed Hotel Room,371972456,Manhattan,Financial District,40.70492999999999739202394266612827777862548828125,-74.0054999999999978399500832892954349517822265625,Private room,239,1
Big Bedroom in the Heart of INWOOD,346849574,Manhattan,Inwood,40.86598000000000041609382606111466884613037109375,-73.9213400000000007139533408917486667633056640625,Private room,50,1
Beautiful 2 Double Bed Hotel Room,371972456,Manhattan,Financial District,40.7051799999999985857357387430965900421142578125,-74.0058700000000015961632016114890575408935546875,Private room,239,1
"Nice private room, cozy, hidden gem LGA JFK NYC",162893787,Queens,Woodside,40.74587999999999965439201332628726959228515625,-73.8989399999999960755303618498146533966064453125,Private room,256,1
Beautiful King Bed Hotel Room,371972456,Manhattan,Financial District,40.704869999999999663486960344016551971435546875,-74.00592000000000325599103234708309173583984375,Private room,239,1
"A Cozy, Comfortable, Quiet, Private Room.",173858338,Brooklyn,Bedford-Stuyvesant,40.68979999999999819237928022630512714385986328125,-73.931299999999993133315001614391803741455078125,Private room,91,1
Hospedaje económico y confortable en Queens-NY,431870776,Queens,Jackson Heights,40.75625000000000142108547152020037174224853515625,-73.8662000000000062982508097775280475616455078125,Private room,70,1
The Little Paradise - New Owner,13373889,Staten Island,Concord,40.605310000000002901288098655641078948974609375,-74.0827000000000026602720026858150959014892578125,Private room,263,1
Private 3-bedroom space in PRIME Windsor Terrace,408976756,Brooklyn,Windsor Terrace,40.6597799999999978126652422361075878143310546875,-73.9790100000000023783286451362073421478271484375,Private room,271,1
Classic Windsor Terrace 3 bedroom floor-thru,408976756,Brooklyn,Windsor Terrace,40.65827999999999775582182337529957294464111328125,-73.97903999999999768988345749676227569580078125,Private room,271,1
Exclusive Room @ Times SQ West 48th Boutique Hotel,394817730,Manhattan,Theater District,40.75945999999999713736542616970837116241455078125,-73.9851799999999997226041159592568874359130859375,Private room,192,1
"Lovely cozy studio, Double & twin bed",433145666,Manhattan,Midtown,40.746229999999997062332113273441791534423828125,-73.9871700000000060981619753874838352203369140625,Private room,155,1
• Plantasia Residencial House •,39972598,Brooklyn,Bushwick,40.6903999999999967940311762504279613494873046875,-73.9073499999999938836481305770576000213623046875,Private room,69,1
Exclusive Private Room 513 | Shared Bathroom Only,401202937,Manhattan,Midtown,40.74681000000000352656570612452924251556396484375,-73.98890000000000100044417195022106170654296875,Private room,64,1
Wingate by Wyndham LIC,434923721,Queens,Long Island City,40.75699579390313687099478556774556636810302734375,-73.9438588790940940498330746777355670928955078125,Private room,250,1
Cozy Barn BR-WiFi 10 mins JFK/Train Queens Jamaica,141645843,Queens,Jamaica,40.68203700000000111458575702272355556488037109375,-73.7968139999999976907929521985352039337158203125,Private room,58,1
Private Room for rent,190915917,Bronx,Fieldston,40.89450000000000073896444519050419330596923828125,-73.8987000000000051613824325613677501678466796875,Private room,75,1
Cozy bedroom rental in the heart of Brooklyn!,434840773,Brooklyn,Williamsburg,40.7098399999999998044586391188204288482666015625,-73.9603800000000006775735528208315372467041015625,Private room,75,1
Great location private bedroom in Queens 3,74488815,Queens,Astoria,40.76847000000000065256244852207601070404052734375,-73.9229700000000065074345911853015422821044921875,Private room,60,1
Bright- bedroom near LGA,242322561,Queens,East Elmhurst,40.7654399999999981218934408389031887054443359375,-73.868729999999999336068867705762386322021484375,Private room,60,1
"Entire Apartment 1 bed Cozy, Ditmas Park Brooklyn",328859297,Brooklyn,Flatbush,40.64540000000000219415596802718937397003173828125,-73.964550000000002683009370230138301849365234375,Private room,189,1
Rommie,431183293,Queens,Astoria,40.76444000000000045247361413203179836273193359375,-73.914209999999997080522007308900356292724609375,Private room,75,1
HOTEL IN THE BRONX 7 DAYS HOTEL,348034609,Bronx,Unionport,40.826470000000000482032191939651966094970703125,-73.8460400000000021236701286397874355316162109375,Private room,120,1
"1 room (we are in 2br's) w/ pvt. roof, fire table.",30728749,Brooklyn,Bushwick,40.6950199999999995270627550780773162841796875,-73.9318099999999986948751029558479785919189453125,Private room,135,1
Super Cozy Private Room in the heart of FIDI,215530555,Manhattan,Financial District,40.708089999999998553903424181044101715087890625,-74.0048100000000061982063925825059413909912109375,Private room,124,1
Exclusive Private Studio 207 | Private Bathroom,401202937,Manhattan,Midtown,40.7461899999999985766407917253673076629638671875,-73.9868900000000024874680093489587306976318359375,Private room,146,1
Live like a New Yorker - Private Room,44439712,Bronx,Longwood,40.820999999999997953636921010911464691162109375,-73.8952100000000058344085118733346462249755859375,Private room,47,1
Exclusive Private Room 615 | Shared Bathroom Only,401202937,Manhattan,Midtown,40.7462799999999987221599440090358257293701171875,-73.988619999999997389750205911695957183837890625,Private room,131,1
Exclusive Private Room 744 | Shared Bathroom Only,401202937,Manhattan,Midtown,40.74654000000000309000824927352368831634521484375,-73.9868000000000023419488570652902126312255859375,Private room,63,1
Beautiful King Bed Hotel Room,371972456,Manhattan,Financial District,40.70591999999999899273461778648197650909423828125,-74.005819999999999936335370875895023345947265625,Private room,239,1
Luxury  2 bedroom Vacation Home Office NYC,237627269,Queens,Jamaica,40.696539999999998826751834712922573089599609375,-73.7927600000000012414602679200470447540283203125,Private room,380,1
Water View 2 Double Beds Hotel Room,371972456,Manhattan,Financial District,40.70575999999999794454197399318218231201171875,-74.0036300000000011323209037072956562042236328125,Private room,239,1
Exclusive Private Room 522  | Shared Bathroom Only,401202937,Manhattan,Midtown,40.746160000000003265085979364812374114990234375,-73.987110000000001264197635464370250701904296875,Private room,80,1
L.I.C. BR #2,373960546,Queens,Astoria,40.765680000000003246896085329353809356689453125,-73.911280000000004974936018697917461395263671875,Private room,40,1
"Premier room in Center Downtown, Chinatown &Soho",308799237,Manhattan,Chinatown,40.7160999999999972942532622255384922027587890625,-73.99669000000000096406438387930393218994140625,Private room,89,1
Nice beautiful room in Cypress Hills,339436944,Brooklyn,Cypress Hills,40.6866399999999970304997987113893032073974609375,-73.873819999999994934114511124789714813232421875,Private room,52,1
Cool Full Harlem Apartment w/ Kitchen + Bath!,10806025,Manhattan,Harlem,40.8193500000000000227373675443232059478759765625,-73.9428400000000038971847970969974994659423828125,Private room,79,1
Deluxe King room at RIU Plaza Manhattan Times Sq,427922501,Manhattan,Theater District,40.7589150000000017826096154749393463134765625,-73.9833760000000069112502387724816799163818359375,Private room,500,1
Paz and love,361674968,Bronx,Throgs Neck,40.8317100000000010595613275654613971710205078125,-73.825680000000005520632839761674404144287109375,Private room,120,1
Wonderful Small Room,400013151,Manhattan,Kips Bay,40.7413600000000002410160959698259830474853515625,-73.9833699999999936380845610983669757843017578125,Private room,116,1
"Stoner💨Gamer🎮 
Pad (420 friendly 👍)room#3",61558856,Queens,Woodhaven,40.69124000000000052068571676500141620635986328125,-73.8593699999999984129317454062402248382568359375,Private room,40,1
Entire new guest suite w/Pvt entry in Queens,342323079,Queens,Forest Hills,40.71569000000000215777617995627224445343017578125,-73.8537900000000036015990190207958221435546875,Private room,99,1
Newly renovated Premium 2 Queen Beds City View,306009315,Manhattan,Upper West Side,40.7813900000000018053469830192625522613525390625,-73.9805400000000048521542339585721492767333984375,Private room,309,1
"Belleclaire, Newly renovated Deluxe 2 Queen Beds",306009315,Manhattan,Upper West Side,40.78161999999999665078576072119176387786865234375,-73.9804199999999951842255541123449802398681640625,Private room,249,1
"Cozy 1-Bedroom Home w/ Emergency Phone, Streaming…",301509317,Queens,St. Albans,40.70656999999999925421434454619884490966796875,-73.7595000000000027284841053187847137451171875,Private room,65,1
Sunny room 1block to C park 5minutes to Colm UNIV,427954433,Manhattan,Upper West Side,40.799340000000000827640178613364696502685546875,-73.9603900000000038517100620083510875701904296875,Private room,71,1
Casa Luna Aeropuerto LGA,265420923,Queens,East Elmhurst,40.76624000000000336285665980540215969085693359375,-73.87479999999999336068867705762386322021484375,Private room,54,1
Water View King Bed Hotel Room,371972456,Manhattan,Financial District,40.70665999999999939973349682986736297607421875,-74.0037800000000061118043959140777587890625,Private room,239,1
"#1 Bedroom Convenient to JFK, casino/gym LGA 20min",144688687,Queens,Springfield Gardens,40.66823000000000121190169011242687702178955078125,-73.7632899999999978035702952183783054351806640625,Private room,95,1
Lovely room next to the Central Park!,47023469,Manhattan,East Harlem,40.7879300000000029058355721645057201385498046875,-73.9548199999999980036591296084225177764892578125,Private room,104,1
Lovely bedroom in a curated Loft in Williamsburg,204733968,Brooklyn,Williamsburg,40.7149399999999985766407917253673076629638671875,-73.9648700000000047793946578167378902435302734375,Private room,189,1
"Private/Large Room in Manhattan,15 min to Midtown.",265424495,Manhattan,Harlem,40.804630000000003064997144974768161773681640625,-73.946089999999998099156073294579982757568359375,Private room,116,1
Nice private bedroom in Manhattan,53725579,Manhattan,Washington Heights,40.84318999999999988403942552395164966583251953125,-73.93707000000000562067725695669651031494140625,Private room,52,1
"3 min to Ohel #2, private toilet & shower",47900722,Queens,Cambria Heights,40.68708000000000168938640854321420192718505859375,-73.736140000000006011759978719055652618408203125,Private room,166,1
Queen Size Private Room Near Central Park,10348207,Manhattan,Upper East Side,40.7697399999999987585397320799529552459716796875,-73.957459999999997535269358195364475250244140625,Private room,125,1
Hotel Indigo LES 2BDR Duplex Penthouse Suite,376743005,Manhattan,Lower East Side,40.7217399999999969395503285340964794158935546875,-73.98736999999999852661858312785625457763671875,Private room,2700,1
A small cozy comfortable 1 bedroom in Queens,425647682,Queens,Woodhaven,40.69449999999999789679350215010344982147216796875,-73.8568800000000038608050090260803699493408203125,Private room,45,1
"420 Friendly 👍Gamer 🎮 Stoner💨
Pad(room#2)",61558856,Queens,Woodhaven,40.69420000000000214868123293854296207427978515625,-73.8581400000000058980731409974396228790283203125,Private room,36,1
RV airbnb,26408085,Queens,Ridgewood,40.7101200000000034151526051573455333709716796875,-73.91518999999999550709617324173450469970703125,Private room,203,1
Water View King Bed Hotel Room,371972456,Manhattan,Financial District,40.70640999999999820602170075289905071258544921875,-74.003839999999996734914020635187625885009765625,Private room,239,1
Water View King Bed Hotel Room,371972456,Manhattan,Financial District,40.7059100000000029240254661999642848968505859375,-74.005709999999993442543200217187404632568359375,Private room,239,1
King bed overlooking Times Square/No cleaning fee,417166424,Manhattan,Theater District,40.75816999999999978854248183779418468475341796875,-73.9843900000000047612047637812793254852294921875,Private room,200,1
Beautiful King Bed Hotel Room!,371972456,Manhattan,Financial District,40.70448999999999983856469043530523777008056640625,-74.00565000000000281943357549607753753662109375,Private room,239,1
Kings Land!,414924887,Brooklyn,Flatbush,40.65122999999999819920049048960208892822265625,-73.956829999999996516635292209684848785400390625,Private room,800,1
High Floor River View w/ King Bed Hotel Room,371972456,Manhattan,Financial District,40.704509999999999081410351209342479705810546875,-74.005189999999998917701304890215396881103515625,Private room,239,1
Exclusive Private Room 519 | Shared Bathroom Only,401202937,Manhattan,Chelsea,40.74837000000000131194610730744898319244384765625,-73.98881000000000085492501966655254364013671875,Private room,52,1
Lucys place,428156760,Manhattan,Inwood,40.8627699999999975943865138106048107147216796875,-73.92270999999999503415892831981182098388671875,Private room,65,1
Room available in Beautiful Bushwick Loft,128164616,Brooklyn,Bushwick,40.69644000000000261252353084273636341094970703125,-73.924949999999995498001226224005222320556640625,Private room,90,1
Awesome Room w/ Self Check-in Next to Subway St,433696576,Brooklyn,Bedford-Stuyvesant,40.69265999999999650071913492865860462188720703125,-73.94047000000000480213202536106109619140625,Private room,55,1
*NEW* Private Room for travelers in NYC!,433696576,Brooklyn,Bedford-Stuyvesant,40.69348000000000098452801466919481754302978515625,-73.9403300000000029967850423417985439300537109375,Private room,55,1
Beautiful 1-Bedroom in a Prime Location in NYC,433696576,Brooklyn,Bedford-Stuyvesant,40.69169000000000124828147818334400653839111328125,-73.940740000000005238689482212066650390625,Private room,55,1
2H-Astoria Large single private room,433203831,Queens,Astoria,40.76762999999999692590790800750255584716796875,-73.9247600000000062436811276711523532867431640625,Private room,74,1
4B-Astoria Large single private room,433203831,Queens,Astoria,40.76623000000000018872015061788260936737060546875,-73.924440000000004147295840084552764892578125,Private room,78,1
Serene space in Bedford Stuyvesant,329271,Brooklyn,Bedford-Stuyvesant,40.68723260093289439964792109094560146331787109375,-73.92917142704089883409324102103710174560546875,Private room,73,1
2D-Astoria Large single private room with balcony,433203831,Queens,Astoria,40.768000000000000682121026329696178436279296875,-73.9224200000000024601831682957708835601806640625,Private room,74,1
4D-Astoria Large single private room with balcony,433203831,Queens,Astoria,40.76843999999999823558027856051921844482421875,-73.92324999999999590727384202182292938232421875,Private room,71,1
2A-Astoria Luxury suite,433203831,Queens,Astoria,40.7668699999999972760633681900799274444580078125,-73.9244000000000056616045185364782810211181640625,Private room,91,1
7 Mins from JFK.  Fur 2 bedrooms apt in Queen NY,434292556,Queens,St. Albans,40.68912999999999868805389269255101680755615234375,-73.75673000000000456566340290009975433349609375,Private room,155,1
"Private Bdrm WiFi, tv, office desk rm B",342002500,Queens,East Elmhurst,40.7640099999999989677235134877264499664306640625,-73.87641999999999598003341816365718841552734375,Private room,61,1
Studio with private bathroom and kitchenette,114178652,Brooklyn,Bedford-Stuyvesant,40.6841500000000024783730623312294483184814453125,-73.9435600000000050613380153663456439971923828125,Private room,105,1
Artsy Brooklyn Loft for Creatives,288162140,Brooklyn,East Flatbush,40.63709000000000060026650317013263702392578125,-73.9500799999999998135535861365497112274169921875,Private room,99,1
8 minutes from JFK,83974928,Queens,Laurelton,40.66987999999999914280124357901513576507568359375,-73.74497999999999819920049048960208892822265625,Private room,40,1
Huge Luxury 1-bedroom with fire place &workplace,425647682,Queens,Woodhaven,40.6944400000000001682565198279917240142822265625,-73.857169999999996434780769050121307373046875,Private room,64,1
2B-Astoria Large single private room,433203831,Queens,Astoria,40.76612999999999686906448914669454097747802734375,-73.9242200000000053705662139691412448883056640625,Private room,70,1
The location of my house is very good walking,307566664,Manhattan,Midtown,40.751970000000000027284841053187847137451171875,-73.9908599999999978535925038158893585205078125,Private room,160,1
L.I.C. MasterBedroom,373960546,Queens,Astoria,40.7650000000000005684341886080801486968994140625,-73.911889999999999645297066308557987213134765625,Private room,59,1
Cozy and welcoming private bedroom with parking,171316704,Queens,East Elmhurst,40.7581500000000005456968210637569427490234375,-73.8817800000000062254912336356937885284423828125,Private room,120,1
Cozy bedroom in the heart of Astoria Ditmars,50008174,Queens,Ditmars Steinway,40.7812100000000015143086784519255161285400390625,-73.9129899999999935289451968856155872344970703125,Private room,89,1
Spacious light filled bedroom in 2bdrm apartment w huge backyard,32601368,Brooklyn,Bushwick,40.68936000000000063892002799548208713531494140625,-73.91635999999999739884515292942523956298828125,Private room,65,1
"Lga Citi field WiFi, TV, Office desk rm C",342002500,Queens,East Elmhurst,40.7659900000000021691448637284338474273681640625,-73.8759199999999935926098260097205638885498046875,Private room,61,1
"Lga Citi Field WiFi TV, Office desk rm D",342002500,Queens,East Elmhurst,40.7642000000000024328983272425830364227294921875,-73.8775700000000057343640946783125400543212890625,Private room,52,1
private room in Crown heights,215488365,Brooklyn,Crown Heights,40.674340000000000827640178613364696502685546875,-73.929540000000002919477992691099643707275390625,Private room,65,1
Gamer🎮 Stoner 💨Pad (420 ok👍)room#1,61558856,Queens,Woodhaven,40.69281000000000148020262713544070720672607421875,-73.859880000000003974491846747696399688720703125,Private room,36,1
Cozy Room by Central Park&Colombia univ,427954433,Manhattan,Upper West Side,40.79932999999999765350366942584514617919921875,-73.9624500000000040245140553452074527740478515625,Private room,79,1
1 bedroom with private bathroom,143236401,Queens,Ozone Park,40.68345000000000055706550483591854572296142578125,-73.838179999999994151949067600071430206298828125,Private room,102,1
A+ Location Studio (APT Selected at Check-in) #5,348619646,Manhattan,Midtown,40.74752000000000151658241520635783672332763671875,-73.986750000000000682121026329696178436279296875,Private room,213,1
Cheerful 1 bed room townhouse in the Queens,425647682,Queens,Woodhaven,40.6963300000000032241587177850306034088134765625,-73.855279999999993378878571093082427978515625,Private room,58,1
Central Park Getaway,65257571,Manhattan,Harlem,40.80131999999999692363417125307023525238037109375,-73.952359999999998763087205588817596435546875,Private room,115,1
Stay In The Heart Of NYC And Don't Miss A Thing!,5615582,Manhattan,Murray Hill,40.7506800000000026784618967212736606597900390625,-73.9796300000000002228262019343674182891845703125,Private room,514,1
Lovely one bedroom apt in queens,188830760,Queens,Flushing,40.762799999999998590283212251961231231689453125,-73.8230999999999966121322358958423137664794921875,Private room,280,1
Beautiful 2 Double Bed Hotel Room,371972456,Manhattan,Financial District,40.70647000000000303998604067601263523101806640625,-74.0053099999999943747752695344388484954833984375,Private room,239,1
Beautiful 2 Double Bed Hotel Room,371972456,Manhattan,Financial District,40.7066200000000009140421752817928791046142578125,-74.005300000000005411493475548923015594482421875,Private room,239,1
"Private Attic Bedroom, Living Room & Bath",20433973,Bronx,City Island,40.837930000000000063664629124104976654052734375,-73.7832800000000048612491809763014316558837890625,Private room,103,1
A Room for You in Crown Heights (Women-Only),111294103,Brooklyn,Crown Heights,40.676478700855710712858126498758792877197265625,-73.950040617619407612437498755753040313720703125,Private room,57,1
"Relájate y descansa en Queens,JH",485492389,Queens,Jackson Heights,40.75316242407162548033738858066499233245849609375,-73.892544106198556619347073137760162353515625,Private room,76,1
"Private Bedroom in Queens, NY",495001759,Queens,Woodside,40.74275380000000268410076387226581573486328125,-73.9008415999999925816155155189335346221923828125,Private room,77,1
Stylish Sun-Filled Private Room + Workspace,401942966,Manhattan,Harlem,40.80702999999999747160472907125949859619140625,-73.945570000000003574314177967607975006103515625,Private room,75,1
Elegant Room PerFect Location!,491198242,Queens,Long Island City,40.74893359076802568097264156676828861236572265625,-73.949077406235659282174310646951198577880859375,Private room,76,1
Cozy yet spacious private brownstone bedroom,86327101,Brooklyn,Bedford-Stuyvesant,40.68209999999999837427822058089077472686767578125,-73.912450000000006866684998385608196258544921875,Private room,57,1
Welcome new people.,493370318,Manhattan,East Village,40.72418892834588177720434032380580902099609375,-73.9741485891029668664486962370574474334716796875,Private room,136,1
The1800,493370318,Manhattan,East Village,40.72402217308152927444098168052732944488525390625,-73.97306257788994798829662613570690155029296875,Private room,100,1
Fantastic Room BeSt LoCation!,491198242,Queens,Long Island City,40.747309999999998808561940677464008331298828125,-73.9475400000000036015990190207958221435546875,Private room,150,1
Contemporary bedroom in brownstone with nice view,86327101,Brooklyn,Bedford-Stuyvesant,40.68209999999999837427822058089077472686767578125,-73.912450000000006866684998385608196258544921875,Private room,54,1
"Room w/private bathroom,backyard with gazebo!",60908748,Brooklyn,Bushwick,40.7015099999999989677235134877264499664306640625,-73.9210700000000002773958840407431125640869140625,Private room,88,1
Private Room 819 | Share Bath,401202937,Manhattan,Midtown,40.74610157171181157309547415934503078460693359375,-73.988725948338725402209092862904071807861328125,Private room,59,1
Crown Heights hidden gem,210934238,Brooklyn,Crown Heights,40.67412759066686334108453593216836452484130859375,-73.9527071724645566064282320439815521240234375,Private room,55,1
bedroom bed 2 tvs drawers heat,495152281,Queens,Flushing,40.7615926691563572603627108037471771240234375,-73.8189106062054491985691129229962825775146484375,Private room,225,1
Private bedroom,281986949,Brooklyn,Bushwick,40.68216850173138254831428639590740203857421875,-73.9086439086914737117695040069520473480224609375,Private room,97,1
1 Bedroom 5 min from the beach,494660107,Brooklyn,Brighton Beach,40.57989773167803804199138539843261241912841796875,-73.9551398612126149600953795015811920166015625,Private room,68,1
NO CLEANING FEE: Bronx hostel-style PRIVATE ROOM,82889379,Bronx,Wakefield,40.897480000000001609805622138082981109619140625,-73.8549699999999944566297926940023899078369140625,Private room,46,1
Private room in Brooklyn,6950389,Brooklyn,Park Slope,40.6805986115807485248296870850026607513427734375,-73.9752625821015072915542987175285816192626953125,Private room,129,1
Spacious comfortable master bedroom with nice view,86327101,Brooklyn,Bedford-Stuyvesant,40.68209999999999837427822058089077472686767578125,-73.912450000000006866684998385608196258544921875,Private room,57,1
Elegant Room close to Manhattan!,491198242,Queens,Long Island City,40.74894950707223273411727859638631343841552734375,-73.949478934294887721989653073251247406005859375,Private room,86,1
Cozy and Romantic Room 2,492417898,Bronx,Tremont,40.843040967692360254659433849155902862548828125,-73.8922909214922327691965620033442974090576171875,Private room,116,1
Astoria Apartment,146762240,Queens,Astoria,40.76010999999999739884515292942523956298828125,-73.92423999999999750798451714217662811279296875,Private room,95,1
Spacious Home In South Brooklyn,17414475,Brooklyn,Columbia St,40.6818200000000018690116121433675289154052734375,-74.0045499999999947249307297170162200927734375,Private room,126,1
SKYBLUE,147695010,Queens,St. Albans,40.6939399999999977808329276740550994873046875,-73.7732799999999997453414835035800933837890625,Private room,125,1
NO CLEANING FEE: Hostel-style Bronx Private Room,82889379,Bronx,Wakefield,40.89661000000000257159626926295459270477294921875,-73.856930000000005520632839761674404144287109375,Private room,49,1
"Modern, Cozy, Couples' Suite Near Bronx Zoo",342223816,Bronx,Hunts Point,40.82019821320707109180148108862340450286865234375,-73.8888914564897021364231477491557598114013671875,Private room,56,1
Queen Bed Private Room Brooklyn,6950389,Brooklyn,Prospect Heights,40.6806155719734334752502036280930042266845703125,-73.9747693307915454852263792417943477630615234375,Private room,129,1
Bay Ridge 2 FL walk-up Bedroom,472045434,Brooklyn,Fort Hamilton,40.6184384939301850181436748243868350982666015625,-74.026496073491301785907126031816005706787109375,Private room,50,1
Private Lux Room in Brooklyn NY,416021133,Brooklyn,Bushwick,40.6912367999999986523107509128749370574951171875,-73.911835899999999810461304150521755218505859375,Private room,85,1
Private Room 717 | Shared Bath,401202937,Manhattan,Midtown,40.748287822649444933631457388401031494140625,-73.986673796505129985234816558659076690673828125,Private room,89,1
Cozy bedroom close to Manhattan,34760853,Queens,Astoria,40.77093259999998764442352694459259510040283203125,-73.9247161999999917725290288217365741729736328125,Private room,75,1
Affordable private room,30542864,Brooklyn,East Flatbush,40.6631100000000031968738767318427562713623046875,-73.9265599999999949432094581425189971923828125,Private room,66,1
2 Bdrms/Home away from home,233485864,Staten Island,New Dorp Beach,40.564780824987707319451146759092807769775390625,-74.1042536851158928357108379714190959930419921875,Private room,130,1
Secure Private Bedroom,490257632,Brooklyn,Fort Greene,40.69568090199919652150128968060016632080078125,-73.9760768534180073174866265617311000823974609375,Private room,77,1
Private room 741 | Share bath,401202937,Manhattan,Midtown,40.74619837430878988016047514975070953369140625,-73.98683868308597766372258774936199188232421875,Private room,51,1
Private one guest room in quiet neighborhood,15617507,Bronx,Morris Park,40.85090000000000287627699435688555240631103515625,-73.8605400000000003046807250939309597015380859375,Private room,30,1
Beach house,246499229,Queens,Far Rockaway,40.5962731999999988374838721938431262969970703125,-73.7393406999999996287442627362906932830810546875,Private room,100,1
Room in Midtown Manhattan,288981899,Manhattan,Kips Bay,40.74323215391954278175035142339766025543212890625,-73.9792924262075501928848098032176494598388671875,Private room,133,1
NEW! Guest Suite near JFK,483007321,Queens,St. Albans,40.6952973048737902672655764035880565643310546875,-73.7472894454092084970397991128265857696533203125,Private room,89,1
Huge room with water view,308478481,Bronx,Clason Point,40.808030000000002246451913379132747650146484375,-73.8496200000000015961632016114890575408935546875,Private room,69,1
Modern Extra Large Super Sunny Private Bedroom,48076117,Brooklyn,Crown Heights,40.6752699999999975943865138106048107147216796875,-73.9322700000000025966073735617101192474365234375,Private room,83,1
The Heart of Manhattan,452312087,Manhattan,Harlem,40.81967999999999818783180671744048595428466796875,-73.953450000000003683453542180359363555908203125,Private room,53,1
"THE SPOT-Wi-FI,no fees",495011202,Bronx,Wakefield,40.88468999999999908823156147263944149017333984375,-73.852360000000004447429091669619083404541015625,Private room,32,1
Private room central Brooklyn for couples,495040066,Brooklyn,Bedford-Stuyvesant,40.6796477574030035384566872380673885345458984375,-73.9445564673118411747054778970777988433837890625,Private room,100,1
"MASTER BEDROOM/PRIVATE BATHROOM, 10 MINS from JFK",107915864,Queens,Howard Beach,40.6667699999999996407495927996933460235595703125,-73.8512300000000010413714335300028324127197265625,Private room,89,1
Stylish Apartment in New York,495024042,Queens,Ridgewood,40.70209532065604918216195073910057544708251953125,-73.8979363057034106532228179275989532470703125,Private room,59,1
"Private Room 2 Over Garden , In Quiet Yoga Retreat",206188423,Manhattan,Harlem,40.8024824337838225574159878306090831756591796875,-73.95481267595499730305164121091365814208984375,Private room,62,1
Mod SM com RM 5min fr SI ferry,26602392,Staten Island,Tompkinsville,40.6289996137368376594167784787714481353759765625,-74.0861307034553391304143588058650493621826171875,Private room,112,1
"THE Palace-WI-FI, no fees",495011202,Bronx,Williamsbridge,40.883210546415966746280901134014129638671875,-73.8539332991639838610353763215243816375732421875,Private room,35,1
Brooklyn Comfort,39136040,Brooklyn,East Flatbush,40.64850857541173212439389317296445369720458984375,-73.9498436953632705126437940634787082672119140625,Private room,66,1
best spot near brookdale hospital,94214493,Brooklyn,East Flatbush,40.6571799999999967667463351972401142120361328125,-73.915899999999993497112882323563098907470703125,Private room,76,1
Cozy-luxury Private bedroom,495429272,Manhattan,Hell's Kitchen,40.76789953901967322735799825750291347503662109375,-73.9893262839731420399402850307524204254150390625,Private room,150,1
Room at NYMA New York,495434331,Manhattan,Midtown,40.74676612887849813660068321041762828826904296875,-73.9874607975687723637747694738209247589111328125,Private room,1000,1
Private Room-Prime Williamsburg,1450728,Brooklyn,Williamsburg,40.71444999999999936335370875895023345947265625,-73.959329999999994242898537777364253997802734375,Private room,88,1
Hendrix Street Gem Rm #3,105878573,Brooklyn,East New York,40.66503999999999763304003863595426082611083984375,-73.887550000000004501998773775994777679443359375,Private room,46,1
St.Johns Episcopal Housing 4 Medical Professionals,26377263,Queens,Far Rockaway,40.59760052441917110854774364270269870758056640625,-73.7526428759469325768804992549121379852294921875,Private room,48,1
Grand Central Park Room,458074798,Manhattan,Harlem,40.801479999999997971826815046370029449462890625,-73.954620000000005575202521868050098419189453125,Private room,94,1
Music museum,487300451,Bronx,Norwood,40.87410771001446363470677169971168041229248046875,-73.874510599015223988317302428185939788818359375,Private room,50,1
Hermosa y cómoda habitación en el Bronx,495665151,Bronx,Fordham,40.8581755000000015343175618909299373626708984375,-73.900417099999998526982381008565425872802734375,Private room,55,1
Private Bedroom Near SI Ferry,47857861,Staten Island,Stapleton,40.62960819999999984020178089849650859832763671875,-74.0775215000000031295712688006460666656494140625,Private room,75,1
Great Room on Kips Bay,132080218,Manhattan,Kips Bay,40.73872000000000070940586738288402557373046875,-73.979950000000002319211489520967006683349609375,Private room,80,1
LOVE MANHATTAN 1,143052745,Bronx,Mott Haven,40.80991000000000212821760214865207672119140625,-73.919569999999993115125107578933238983154296875,Private room,65,1
Sweet stay,479247710,Brooklyn,Crown Heights,40.6760352745134383667391375638544559478759765625,-73.9412543971216820182235096581280231475830078125,Private room,90,1
"Clean beautiful, and peaceful bedroom!",230531574,Manhattan,Flatiron District,40.7429057143043564792606048285961151123046875,-73.9904814512371871160212322138249874114990234375,Private room,85,1
Large Central fast internet cozy studio,489804886,Manhattan,Midtown,40.76043241846620190926842042244970798492431640625,-73.965681747021761793803307227790355682373046875,Private room,388,1
New Clean Private Room In Flushing,137129564,Queens,Flushing,40.75202999999999775582182337529957294464111328125,-73.8151199999999931833372102119028568267822265625,Private room,59,1
Private room in quiet West Harlem Upper Manhattan,128227275,Manhattan,Harlem,40.827179999999998472048901021480560302734375,-73.95328000000000656655174680054187774658203125,Private room,55,1
Queens-Nyc-420vibes,374449219,Queens,Woodhaven,40.689650000000000318323145620524883270263671875,-73.857650000000006684786058031022548675537109375,Private room,50,1
Beautiful 2 Double Bed Hotel Room,371972456,Manhattan,Financial District,40.70479999999999876081346883438527584075927734375,-74.005910000000000081854523159563541412353515625,Private room,239,1
4A-Astoria luxury suite,433203831,Queens,Astoria,40.76841999999999899273461778648197650909423828125,-73.9235699999999980036591296084225177764892578125,Private room,92,1
Beautiful 2 Double Bed Hotel Room,371972456,Manhattan,Financial District,40.70667999999999864257915760390460491180419921875,-74.0037099999999981037035468034446239471435546875,Private room,239,1
High Floor River View w/ 2 Beds Hotel Room,371972456,Manhattan,Financial District,40.70629999999999881765688769519329071044921875,-74.0037300000000044519765651784837245941162109375,Private room,239,1
Beautiful King Bed Hotel Room,371972456,Manhattan,Financial District,40.70485999999999648935045115649700164794921875,-74.0057599999999951023710309527814388275146484375,Private room,239,1
Water View King Bed Hotel Room,371972456,Manhattan,Financial District,40.70613999999999776946424390189349651336669921875,-74.00369000000000596628524363040924072265625,Private room,239,1
Exclusive Private Room 212 | Shared Bathroom Only,401202937,Manhattan,Midtown,40.74645000000000294448909698985517024993896484375,-73.987269999999995206962921656668186187744140625,Private room,61,1
"Beautiful place , 10 min L.GA 20 min Manhattan 🏙",388289391,Queens,Woodside,40.75316000000000116187948151491582393646240234375,-73.901420000000001664375304244458675384521484375,Private room,60,1
Beautiful King Bed Hotel Room,371972456,Manhattan,Financial District,40.7060000000000030695446184836328029632568359375,-74.0035299999999978126652422361075878143310546875,Private room,239,1
Sunshine one bedroom condo in Queens,74488815,Queens,Astoria,40.76617999999999852889231988228857517242431640625,-73.923360000000002401066012680530548095703125,Private room,54,1
Beautiful sunshine private room in Queens,74488815,Queens,Astoria,40.76830000000000353566065314225852489471435546875,-73.925219999999995934558683075010776519775390625,Private room,60,1
Sunshine masters room private bathroom in Queens,74488815,Queens,Astoria,40.7683899999999965757524478249251842498779296875,-73.924880000000001700755092315375804901123046875,Private room,76,1
Great location one bedroom in Queens,74488815,Queens,Astoria,40.7677699999999987312548910267651081085205078125,-73.92522999999999910869519226253032684326171875,Private room,55,1
Peaceful 2 Bedroom Near Central Park,1319661,Manhattan,Upper West Side,40.7957999999999998408384271897375583648681640625,-73.968580000000002883098204620182514190673828125,Private room,257,1
Location! Gorgeous studio in PLG,371019748,Brooklyn,Prospect-Lefferts Gardens,40.6619299999999981309883878566324710845947265625,-73.9582400000000035333869163878262042999267578125,Private room,120,1
New York Happy Life Room,45535181,Brooklyn,Crown Heights,40.6761699999999990495780366472899913787841796875,-73.9305800000000061800164985470473766326904296875,Private room,62,1
"Sunny, Spacious Room with Private Entrance.",368722719,Manhattan,Upper West Side,40.80042999999999864257915760390460491180419921875,-73.970969999999994115569279529154300689697265625,Private room,95,1
Free Parking Habitación 30 minutos de Times Square,223087887,Queens,Corona,40.73845000000000027284841053187847137451171875,-73.8647500000000007958078640513122081756591796875,Private room,75,1
Bronx large guest room close  to Manhattan,373955746,Bronx,Longwood,40.8265200000000021418600226752460002899169921875,-73.8908799999999956753526930697262287139892578125,Private room,50,1
The Brooklyn Nights Suite with Huge Patio!,230947125,Brooklyn,Bedford-Stuyvesant,40.690550000000001773514668457210063934326171875,-73.9343099999999964211383485235273838043212890625,Private room,100,1
twins suite 2,274118210,Bronx,Williamsbridge,40.87910000000000110276232589967548847198486328125,-73.86336000000000012732925824820995330810546875,Private room,50,1
Water View King Bed Hotel Room,371972456,Manhattan,Financial District,40.70602999999999838109943084418773651123046875,-74.00375999999999976353137753903865814208984375,Private room,239,1
twins suite 1,274118210,Bronx,Williamsbridge,40.87738999999999833789843250997364521026611328125,-73.863280000000003155946615152060985565185546875,Private room,50,1
Hart Health Bronx Stay,223428808,Bronx,Longwood,40.8248999999999995225152815692126750946044921875,-73.8977399999999988722265698015689849853515625,Private room,188,1
Luxury home amazing vibes,351701484,Queens,Flushing,40.741140000000001464286469854414463043212890625,-73.8087199999999938881956040859222412109375,Private room,60,1
Private room D in the basement!,208365297,Queens,Long Island City,40.7560500000000018872015061788260936737060546875,-73.9368999999999942929207463748753070831298828125,Private room,71,1
Time Square Cozy Private Room at a boutique Hotel,394817730,Manhattan,Hell's Kitchen,40.7616000000000013869794202037155628204345703125,-73.986639999999994188328855670988559722900390625,Private room,192,1
West 48th Times Square Boutique Hotel Private Gem.,394817730,Manhattan,Hell's Kitchen,40.761650000000003046807250939309597015380859375,-73.9870700000000027785063139162957668304443359375,Private room,192,1
Hip-Hop capital of the world meets in the Heights,88763572,Bronx,Fordham,40.859520000000003392415237613022327423095703125,-73.8938299999999941292117000557482242584228515625,Private room,70,1
Lovely  sunshine one bedroom in Queens,74488815,Queens,Astoria,40.766739999999998644852894358336925506591796875,-73.9252100000000069712768890894949436187744140625,Private room,52,1
Exclusive Private Room 517| Shared Bathroom Only,401202937,Manhattan,Midtown,40.7468999999999965666575008071959018707275390625,-73.986909999999994624886312521994113922119140625,Private room,51,1
A private access room available in Brooklyn.,261604560,Brooklyn,Bedford-Stuyvesant,40.68081000000000102545527624897658824920654296875,-73.9231300000000004501998773775994777679443359375,Private room,65,1
Exclusive Private Room 528 | Shared Bathroom Only,401202937,Manhattan,Midtown,40.74813000000000329237082041800022125244140625,-73.988190000000003010427462868392467498779296875,Private room,50,1
"Private Bath, Balcony, Laundry, Close to Metro!",331185230,Manhattan,Washington Heights,40.8348816643630385669894167222082614898681640625,-73.938655433113154913371545262634754180908203125,Private room,79,1
a beaty house in brooklyn,90697907,Brooklyn,Dyker Heights,40.61782960000000031186573323793709278106689453125,-74.0195693000000147776518133468925952911376953125,Private room,205,1
3801 review pl apt 1B,409796268,Bronx,Kingsbridge,40.8860905543994022082188166677951812744140625,-73.90068774003810858630458824336528778076171875,Private room,79,1
Peaceful Brooklyn Crash-pad,490257632,Brooklyn,Fort Greene,40.69568271896065425607957877218723297119140625,-73.9772589572097558630048297345638275146484375,Private room,65,1
The Residences by Hilton - Studio Penthouse,475766934,Manhattan,Midtown,40.76225551428940008236168068833649158477783203125,-73.979074156966504460797295905649662017822265625,Private room,504,1
An Astorian’s private room for you :),144866025,Queens,Ditmars Steinway,40.77676999999999907231540419161319732666015625,-73.9190100000000001045918907038867473602294921875,Private room,58,1
West 57th Street by Hilton - Studio Premier,475752211,Manhattan,Midtown,40.7645120386824970637462683953344821929931640625,-73.97791174336549602230661548674106597900390625,Private room,367,1
Penthouse with Downtown Views in Nolita w/ Balcony,36575174,Manhattan,Nolita,40.7222799999999978126652422361075878143310546875,-73.9938800000000043155523599125444889068603515625,Private room,39,1
Large 1 Bedroom in Astoria,31594857,Queens,Ditmars Steinway,40.775050497259911708169966004788875579833984375,-73.9239689327267655016839853487908840179443359375,Private room,59,1
"Spacious Brooklyn Apartment, near Prospect Park",51364562,Brooklyn,Flatbush,40.65473999999999676902007195167243480682373046875,-73.9569900000000046702552936039865016937255859375,Private room,53,1
1-Bedroom Rental steps from 2/3 express stop,797814,Manhattan,Upper West Side,40.7948200000000014142642612569034099578857421875,-73.9699600000000003774403012357652187347412109375,Private room,80,1
*NEW* Amazing Room Perfect for Travelers in NYC,429454632,Brooklyn,Prospect-Lefferts Gardens,40.66049000000000290810930891893804073333740234375,-73.9413799999999952206053421832621097564697265625,Private room,58,1
Awesome Private Room with WIFI & Self Check-in,429454632,Brooklyn,Prospect-Lefferts Gardens,40.66028000000000020008883439004421234130859375,-73.942170000000004392859409563243389129638671875,Private room,58,1
200 feet St John's Hospital- 20 minutes from JFK,147202249,Queens,Far Rockaway,40.6001600000000024692781153135001659393310546875,-73.752880000000004656612873077392578125,Private room,49,1
"Nice room , close to everything",287254825,Queens,Maspeth,40.73971999999999837882569408975541591644287109375,-73.90149999999999863575794734060764312744140625,Private room,158,1
Beautiful 2 Double Bed Hotel Room,371972456,Manhattan,Financial District,40.70647000000000303998604067601263523101806640625,-74.0054300000000040427039493806660175323486328125,Private room,239,1
Beautiful 2 Double Bed Hotel Room,371972456,Manhattan,Financial District,40.70638999999999896317603997886180877685546875,-74.0042600000000021509549696929752826690673828125,Private room,239,1
Guest room,69069158,Brooklyn,Bedford-Stuyvesant,40.68332000000000192585503100417554378509521484375,-73.95368999999999459760147146880626678466796875,Private room,350,1
Exclusive Private Room 630 | Shared Bathroom Only,401202937,Manhattan,Midtown,40.74813000000000329237082041800022125244140625,-73.9874400000000065347194322384893894195556640625,Private room,50,1
Exclusive Private Room 676 | Shared Bathroom Only,401202937,Manhattan,Midtown,40.7461100000000016052581486292183399200439453125,-73.9867899999999991678123478777706623077392578125,Private room,51,1
Nice room in Bayridge,433237033,Brooklyn,Sunset Park,40.6438500000000004774847184307873249053955078125,-74.021330000000006066329660825431346893310546875,Private room,54,1
Exclusive Private Room 823 | Shared Bathroom Only,401202937,Manhattan,Midtown,40.74831999999999965211827657185494899749755859375,-73.988650000000006912159733474254608154296875,Private room,41,1
Beautiful King Bed Hotel Room,371972456,Manhattan,Financial District,40.70521000000000100271790870465338230133056640625,-74.005619999999993297024047933518886566162109375,Private room,239,1
JFK/Queens House of Suedajoy#1(work or get away,175019394,Queens,Jamaica,40.67164409999998753164618392474949359893798828125,-73.7791356999999976551407598890364170074462890625,Private room,80,1
Beautiful 2 Double Bed Hotel Room,371972456,Manhattan,Financial District,40.705860000000001264197635464370250701904296875,-74.0038299999999935607775114476680755615234375,Private room,239,1
225 sq ft room queen size bed,147762665,Bronx,Wakefield,40.88626000000000004774847184307873249053955078125,-73.858599999999995588950696401298046112060546875,Private room,59,1
Nice & Clean Room Bronx Zoo and Botanical Gardens,3684360,Bronx,Allerton,40.85920999999999736473910161294043064117431640625,-73.8698600000000027421265258453786373138427734375,Private room,36,1
Private room in cool apartment in Central Harlem .,23238,Manhattan,Harlem,40.80630099999999771398506709374487400054931640625,-73.9525990000000064128471422009170055389404296875,Private room,130,1
Beautiful King Bed Hotel Room,371972456,Manhattan,Financial District,40.7059899999999998954081092961132526397705078125,-74.00565000000000281943357549607753753662109375,Private room,239,1
The Doghouse: Historic loft in Gowanus!,351905581,Brooklyn,Gowanus,40.681589999999999918145476840436458587646484375,-73.9825799999999986766852089203894138336181640625,Private room,132,1
Private suite in safe pretty neighborhood,238686010,Brooklyn,Windsor Terrace,40.65559999999999973852027324028313159942626953125,-73.97894999999999754436430521309375762939453125,Private room,94,1
Private Room In Brooklyn Next to Prospect Park!,429454632,Brooklyn,Prospect-Lefferts Gardens,40.66029999999999944293449516408145427703857421875,-73.94110000000000582076609134674072265625,Private room,52,1
NO CLEANING FEE: Private Bronx Room Hostel Feel,82889379,Bronx,Woodlawn,40.9001999999999981127984938211739063262939453125,-73.8644699999999971851138980127871036529541015625,Private room,43,1
Quiet and Clean Room in Downtown Manhattan,13907788,Manhattan,Greenwich Village,40.7308000000000021145751816220581531524658203125,-73.9994099999999974670572555623948574066162109375,Private room,65,1
Little room warm and clean,11409310,Manhattan,Upper East Side,40.7631200000000006866684998385608196258544921875,-73.9596099999999978535925038158893585205078125,Private room,110,1
Stanza in Harlem,299955284,Manhattan,Harlem,40.819271299999996926999301649630069732666015625,-73.95377700000000231739250011742115020751953125,Private room,64,1
Beautiful Room in Williamsburg,171136827,Brooklyn,Bedford-Stuyvesant,40.69918739150840991669610957615077495574951171875,-73.943455466067092629600665532052516937255859375,Private room,81,1
Cozy Single Bed Room @ NYC,501589992,Queens,Ditmars Steinway,40.7741199000000023033862817101180553436279296875,-73.9073844999999920446498435921967029571533203125,Private room,71,1
Lovely Spacious Bedroom in UES,495796281,Manhattan,Upper East Side,40.77710870171156187780070467852056026458740234375,-73.9576512612813843361436738632619380950927734375,Private room,152,1
Beautiful Bedroom in UES,495796281,Manhattan,Upper East Side,40.7746775813201765004123444668948650360107421875,-73.9554481843563138454555883072316646575927734375,Private room,176,1
Private Moonlight Room in Brownstone Near Subway,40176101,Brooklyn,Bedford-Stuyvesant,40.69035000000000223963070311583578586578369140625,-73.9287900000000064437699620611965656280517578125,Private room,52,1
Private,494684035,Queens,Jamaica,40.68820855654499979436877765692770481109619140625,-73.79897281375946249681874178349971771240234375,Private room,60,1
Huge BR in Hell's Kitchen,19650141,Manhattan,Hell's Kitchen,40.75553000000000025693225325085222721099853515625,-73.99624000000000023646862246096134185791015625,Private room,105,1
Cozy full size,499393784,Brooklyn,East New York,40.67103518023868247155405697412788867950439453125,-73.8865041691997390671531320549547672271728515625,Private room,134,1
Bed + Recliner,37703550,Manhattan,Washington Heights,40.8472799999999978126652422361075878143310546875,-73.9393299999999982219378580339252948760986328125,Private room,55,1
Cozy Room in Williamsburg,171136827,Brooklyn,Bedford-Stuyvesant,40.69943938027291352454994921572506427764892578125,-73.945296633466597313599777407944202423095703125,Private room,81,1
Peace home Queen NY,501810381,Queens,Kew Gardens,40.70317613785989152574984473176300525665283203125,-73.8311622883128819694320554845035076141357421875,Private room,72,1
Quiet and sweet room,501809937,Queens,Astoria,40.76563604101630033937908592633903026580810546875,-73.911275127636372417327947914600372314453125,Private room,44,1
Beautiful newly renovated apartment,33622924,Manhattan,Harlem,40.82974999999999710098563809879124164581298828125,-73.9469500000000010686562745831906795501708984375,Private room,71,1
Bed & Breakfast + Private Room,209792176,Brooklyn,Bedford-Stuyvesant,40.67657061540283081058078096248209476470947265625,-73.9100735488797653260917286388576030731201171875,Private room,232,1
Bright Room With Projector and Antique Fireplace,23582893,Brooklyn,Bushwick,40.68972000000000122099663713015615940093994140625,-73.9151200000000017098500393331050872802734375,Private room,69,1
LaGuardia Room (1) with Private Entrance,31851704,Queens,East Elmhurst,40.75921000000000304908098769374191761016845703125,-73.875799999999998135535861365497112274169921875,Private room,45,1
Newly Cozy Private Suite(B),156952896,Queens,Whitestone,40.77702289999999862857293919660151004791259765625,-73.824560800000000426734914071857929229736328125,Private room,99,1
Private Room in Comfy NYC Apt!,11081099,Manhattan,Harlem,40.82871999999999701458364143036305904388427734375,-73.9453800000000001091393642127513885498046875,Private room,50,1
Private Room in Gorgeous  Apartment In Manhattan,33622924,Manhattan,Harlem,40.82965999999999695546648581512272357940673828125,-73.9483100000000064255800680257380008697509765625,Private room,92,1
Clinton Hill Apartment,16478353,Brooklyn,Clinton Hill,40.68598999999999676902007195167243480682373046875,-73.96399999999999863575794734060764312744140625,Private room,149,1
Inviting Private Room in NYC.,37932285,Manhattan,Harlem,40.8191800000000029058355721645057201385498046875,-73.954419999999998935891198925673961639404296875,Private room,94,1
Zen Oasis in Bed Stuy (Private Bedroom),15808806,Brooklyn,Bedford-Stuyvesant,40.68785232073076940650935284793376922607421875,-73.9446763957713528725435025990009307861328125,Private room,76,1
Bushwick Oasis,38672291,Brooklyn,Bedford-Stuyvesant,40.6928199999999975489117787219583988189697265625,-73.934830000000005156834959052503108978271484375,Private room,64,1
Specious Room Next to Time Square/Central Park,35736676,Manhattan,Hell's Kitchen,40.76832999999999884721546550281345844268798828125,-73.988349999999996953192749060690402984619140625,Private room,130,1
Behind the King of NY 2bds 2baths!,1188194,Brooklyn,Bedford-Stuyvesant,40.68583495596805477134694228880107402801513671875,-73.953016393192768873632303439080715179443359375,Private room,87,1
Room with the view in the heart of NYC,24559181,Manhattan,Upper East Side,40.7633900000000011232259566895663738250732421875,-73.967389999999994643076206557452678680419921875,Private room,114,1
The Boho Coze Studio,5741089,Brooklyn,Williamsburg,40.71461673223691235534715815447270870208740234375,-73.9487559037675481476981076411902904510498046875,Private room,155,1
Riomaggiore Queen Rm.  Superfast Wi-Fi Clean Quiet,2787,Brooklyn,Bensonhurst,40.60965999999999809233486303128302097320556640625,-73.9764499999999998181010596454143524169921875,Private room,199,1
Williamsburg Crow's Nest,3064885,Brooklyn,Williamsburg,40.71227999999999980218490236438810825347900390625,-73.9608099999999950568962958641350269317626953125,Private room,50,1
Simple and comfortable room,402317081,Manhattan,East Harlem,40.7978786999999982754161464981734752655029296875,-73.9353148000000004458343028090894222259521484375,Private room,80,1
Private Sunlight Room in Brownstone Near Subway,40176101,Brooklyn,Bedford-Stuyvesant,40.688839999999999008650775067508220672607421875,-73.93058999999999514329829253256320953369140625,Private room,66,1
"Great room, 7 min from Manhattan!",38352423,Queens,Long Island City,40.75507999999999952933649183250963687896728515625,-73.929180000000002337401383556425571441650390625,Private room,45,1
Adorable Brooklyn Apartment,9646150,Brooklyn,Prospect-Lefferts Gardens,40.65874000000000165755409398116171360015869140625,-73.9592899999999957572072162292897701263427734375,Private room,45,1
Great Space / Private Room,3775799,Manhattan,Washington Heights,40.8348500000000029785951483063399791717529296875,-73.9494300000000066575012169778347015380859375,Private room,85,1
Large Clean Private Room Upper West Side,4259154,Manhattan,Upper West Side,40.79823999999999983856469043530523777008056640625,-73.9697599999999937381289782933890819549560546875,Private room,78,1
Long island city,382149624,Queens,Long Island City,40.75479349924791705461757373996078968048095703125,-73.930359367912615198292769491672515869140625,Private room,71,1
"Comfortable, clean & quiet in EV",468752,Manhattan,East Village,40.73152999999999934743755147792398929595947265625,-73.983980000000002519300323911011219024658203125,Private room,107,1
Sunny Bedroom with Private Kitchenette and Desk,295544,Brooklyn,Crown Heights,40.6700000000000017053025658242404460906982421875,-73.951279999999997016857378184795379638671875,Private room,87,1
Large Sunny Bedroom in QNS NYC,1402454,Queens,Rego Park,40.73333000000000225782059715129435062408447265625,-73.859329999999999927240423858165740966796875,Private room,55,1
Spacious room in beautiful apt!,1360043,Manhattan,Harlem,40.81846999999999781039150548167526721954345703125,-73.9462299999999999045030563138425350189208984375,Private room,58,1
"You Found It! Walk to Central Park, Parking",496944100,Manhattan,Financial District,40.7091436105622648256030515767633914947509765625,-74.007800445490801166670280508697032928466796875,Private room,315,1
Relaxing Unit in NYC! Close to New York City Hall,496944100,Manhattan,Financial District,40.71026840413411918007113854400813579559326171875,-74.0079640732499655086940038017928600311279296875,Private room,315,1
1 bedroom available,503556906,Brooklyn,Bensonhurst,40.6040875658843987139334785751998424530029296875,-73.9932633076504799873873707838356494903564453125,Private room,150,1
Spacious living room for living,503540971,Brooklyn,Bensonhurst,40.6161388573417383440755656920373439788818359375,-73.9938518310940480660065077245235443115234375,Private room,60,1
Private room in flushing ny. Private parking,471344658,Queens,Whitestone,40.779212000000001125954440794885158538818359375,-73.82121300000000019281287677586078643798828125,Private room,70,1
Bedroom near Times Square!,478751274,Manhattan,Hell's Kitchen,40.76360729999999676920197089202702045440673828125,-73.9922155999999944242517813108861446380615234375,Private room,140,1
"Adventure Awaits! 2 Units, Near NY City Hall!",496944100,Manhattan,Financial District,40.71035430681713052081249770708382129669189453125,-74.009271137426566156136686913669109344482421875,Private room,675,1
Bunk Beds! 1 Full size bed and one Twin XL bed!,499074026,Queens,Astoria,40.7675962970634060411612153984606266021728515625,-73.909223156527133369309012778103351593017578125,Private room,39,1
Duplex w/ Terrace @ Box House Hotel,417504,Brooklyn,Greenpoint,40.737560000000001991793396882712841033935546875,-73.9535000000000053432813729159533977508544921875,Private room,349,1
Loft w/ Terrace @ Box House Hotel,417504,Brooklyn,Greenpoint,40.737560000000001991793396882712841033935546875,-73.9535000000000053432813729159533977508544921875,Private room,349,1
1 Bedroom Apartment with Private Terrace,417504,Brooklyn,Greenpoint,40.737560000000001991793396882712841033935546875,-73.9535000000000053432813729159533977508544921875,Private room,299,1
NYC Getaway! 2 Relaxing Units! Near Wall Street!,496944100,Manhattan,Financial District,40.70855060545473946831407374702394008636474609375,-74.00799913694328324709204025566577911376953125,Private room,661,1
Luxury & Comfort! 2 Modern Units! Parking,496944100,Manhattan,Financial District,40.708793635017144652010756544768810272216796875,-74.009793559286009667630423791706562042236328125,Private room,675,1
"Private room #3@Two Bridges Queen bed, desk and tv",83651013,Manhattan,Two Bridges,40.711939999999998462953954003751277923583984375,-73.9955400000000054205884225666522979736328125,Private room,75,1
2 BR Duplex @ Box House Hotel,417504,Brooklyn,Greenpoint,40.737560000000001991793396882712841033935546875,-73.9535000000000053432813729159533977508544921875,Private room,599,1
"Safe, Affordable, Free Metrocard w/5+ Nights",4701443,Queens,Flushing,40.75086999999999903820935287512838840484619140625,-73.809989999999999099600245244801044464111328125,Private room,67,1
Large bedroom in Brooklyn,7814786,Brooklyn,Prospect-Lefferts Gardens,40.66333999999999804231265443377196788787841796875,-73.9456899999999990313881426118314266204833984375,Private room,100,1
$99 Manhattan/Time Sq.,23635670,Manhattan,Hell's Kitchen,40.7589200000000033696778700686991214752197265625,-73.995260000000001809894456528127193450927734375,Private room,115,1
Greenpoint Room,359474540,Brooklyn,Greenpoint,40.7336090186970949389433371834456920623779296875,-73.958131171917131041482207365334033966064453125,Private room,72,1
Townhouse Bonus Room w/Private Bath,942252,Brooklyn,Prospect Heights,40.67918999999999840611053514294326305389404296875,-73.96850000000000591171556152403354644775390625,Private room,114,1
Sunny Brooklyn Apartment,74623507,Brooklyn,Prospect-Lefferts Gardens,40.66266871474345379056103411130607128143310546875,-73.942893236728224337639403529465198516845703125,Private room,72,1
Cozy Master Room,499393784,Brooklyn,East New York,40.671160463885598801425658166408538818359375,-73.8877251840742843569387332536280155181884765625,Private room,220,1
Cozy Queen,499393784,Brooklyn,East New York,40.67103779218452785926274373196065425872802734375,-73.88790304333321046215132810175418853759765625,Private room,125,1
"Private room #2@Two Bridges Queen bed, desk and tv",83651013,Manhattan,Two Bridges,40.7118600000000014915713109076023101806640625,-73.9963000000000050704329623840749263763427734375,Private room,70,1
"Jacuzzi Suite, Minutes to Times Sq.",1568517,Queens,Long Island City,40.7462900000000018962964531965553760528564453125,-73.945909999999997808117768727242946624755859375,Private room,105,1
Private Spring Room in Brownstone Near Subway,40176101,Brooklyn,Bedford-Stuyvesant,40.68997999999999848341758479364216327667236328125,-73.9307000000000016370904631912708282470703125,Private room,66,1
Penthouse Studio in Times Square,81585173,Manhattan,Midtown,40.754446704319065020172274671494960784912109375,-73.979988891274587103907833807170391082763671875,Private room,195,1
Habitación privada NYC,222580763,Queens,East Elmhurst,40.758415453226319868917926214635372161865234375,-73.8618009429231960893957875669002532958984375,Private room,81,1
Stay in a New York Art Townhouse,127201714,Manhattan,Harlem,40.83122999999999791498339618556201457977294921875,-73.9476599999999990586729836650192737579345703125,Private room,300,1
Habitación personal.Excelente,278361252,Queens,Flushing,40.74013000000000062073013396002352237701416015625,-73.827529999999995879989000968635082244873046875,Private room,43,1
Private floor/entrance/parking in townhouse,3295012,Queens,Rego Park,40.7207599999999985129761626012623310089111328125,-73.8627999999999929059413261711597442626953125,Private room,123,1
patricia,500580883,Queens,Jamaica,40.679964271011300525060505606234073638916015625,-73.7660241280187705115167773328721523284912109375,Private room,147,1
patricia,500580883,Queens,Jamaica,40.679638162391967171060969121754169464111328125,-73.76632125129145833852817304432392120361328125,Private room,74,1
Private room & shared bathroom,24503246,Bronx,Williamsbridge,40.8718863704032031591850682161748409271240234375,-73.8609518480491971104129333980381488800048828125,Private room,45,1
Marvelous Private Room,488685319,Brooklyn,Bedford-Stuyvesant,40.68427009999999910405676928348839282989501953125,-73.9302847999999954708982841111719608306884765625,Private room,64,1
Cozy BedStuy Stay,52454185,Brooklyn,Bedford-Stuyvesant,40.68453242697722771481494419276714324951171875,-73.92797251572591221702168695628643035888671875,Private room,65,1
Private Room in the Lower East Side,519554,Manhattan,Lower East Side,40.71905000000000285353962681256234645843505859375,-73.987920000000002573870006017386913299560546875,Private room,89,1
"Airy, Modern, Large Room W'burg two blocks subway",1762555,Brooklyn,Williamsburg,40.71598000000000183717929758131504058837890625,-73.94499999999999317878973670303821563720703125,Private room,75,1
Central Park View Room,25517905,Manhattan,Upper West Side,40.7950000000000017053025658242404460906982421875,-73.963020000000000209183781407773494720458984375,Private room,97,1
纽约之家(Sunnyhome7),27673980,Queens,Flushing,40.74537000000000119825926958583295345306396484375,-73.8325200000000023692336981184780597686767578125,Private room,60,1
"Cozy, best rated Harlem private room!",56120055,Manhattan,Harlem,40.82612999999999914280124357901513576507568359375,-73.9384199999999935926098260097205638885498046875,Private room,49,1
M3 Hamilton's Hideaway Studio,295128,Bronx,Clason Point,40.812150000000002592059900052845478057861328125,-73.85502999999999929059413261711597442626953125,Private room,121,1
paula suite,502200353,Bronx,Williamsbridge,40.878252000000003363311407156288623809814453125,-73.8629141999999916379238129593431949615478515625,Private room,39,1
Cozy Room in Classic NY Apt//Lively Midtown Area,10074473,Manhattan,Hell's Kitchen,40.766840000000001964508555829524993896484375,-73.9871399999999965757524478249251842498779296875,Private room,50,1
Nice room in Manhattan!,380511537,Manhattan,Harlem,40.8265243999999967172698234207928180694580078125,-73.94982360000000198851921595633029937744140625,Private room,49,1
Bushwick Duplex 1,3709510,Brooklyn,Bushwick,40.69263000000000118916432256810367107391357421875,-73.925430000000005748006515204906463623046875,Private room,82,1
Spacious room near train station,189404055,Queens,Long Island City,40.75276099999999956935425871051847934722900390625,-73.934852699999993319579516537487506866455078125,Private room,120,1
420 friendly/smoking bedroom.,53877127,Brooklyn,Gravesend,40.604910021921597262917202897369861602783203125,-73.9796638660208571991461212746798992156982421875,Private room,54,1
*420 Friendly* Welcome to NY!,259996834,Manhattan,Washington Heights,40.85068227929132689268953981809318065643310546875,-73.9377683917373786925963941030204296112060546875,Private room,51,1
Sunny & Cozy Bushwick Retreat!,178521104,Brooklyn,Bushwick,40.68912009338125557178500457666814327239990234375,-73.91396225770671435384429059922695159912109375,Private room,53,1
2 lovely Rms in Farmhouse Sleeps 4,81970,Brooklyn,Fort Greene,40.6867400000000003501554601825773715972900390625,-73.9696799999999967667463351972401142120361328125,Private room,120,1
Williamsburg private clean cozy RM,20164579,Brooklyn,Williamsburg,40.717230000000000700310920365154743194580078125,-73.959959999999995261532603763043880462646484375,Private room,93,1
Bright Harlem Home in New Building!,12879538,Manhattan,Harlem,40.8205099999999987403498380444943904876708984375,-73.9475400000000036015990190207958221435546875,Private room,87,1
Bushwick Pad,21906247,Brooklyn,Bedford-Stuyvesant,40.69295000000000328554961015470325946807861328125,-73.935370000000006029949872754514217376708984375,Private room,70,1
Private room,148470827,Manhattan,Kips Bay,40.74353119999999961464709485881030559539794921875,-73.981563800000003539025783538818359375,Private room,147,1
Clean & cozy large bedroom in NYC!,24337877,Manhattan,Washington Heights,40.84557848592937290277404827065765857696533203125,-73.9321830776750772429295466281473636627197265625,Private room,90,1
Private Rm/Mansion/Upscale area!,627678,Queens,Forest Hills,40.7141096187393571881329989992082118988037109375,-73.8449901467766807172665721736848354339599609375,Private room,63,1
Modern Private Bedroom,481938286,Queens,Long Island City,40.76178058313455920824708300642669200897216796875,-73.9336322681906352727310149930417537689208984375,Private room,60,1
Private Autumn Room in Brownstone Near Subway,40176101,Brooklyn,Bedford-Stuyvesant,40.6904899999999969395503285340964794158935546875,-73.93004999999999427018337883055210113525390625,Private room,78,1
room in prime williamsburg,24461143,Brooklyn,Williamsburg,40.7175399999999996225596987642347812652587890625,-73.9622800000000069076122599653899669647216796875,Private room,77,1
Cozy Room in a Luxury Apartment,22058409,Manhattan,Battery Park City,40.7062499999999971578290569595992565155029296875,-74.0168800000000004501998773775994777679443359375,Private room,85,1
"Bright, Cozy room in Brooklyn",19483885,Brooklyn,Bedford-Stuyvesant,40.695030000000002701199264265596866607666015625,-73.959710000000001173248165287077426910400390625,Private room,64,1
Renovated Private Room in Artist's Loft Building,23510890,Bronx,Port Morris,40.80987815419202746625160216353833675384521484375,-73.9304040172226137883626506663858890533447265625,Private room,54,1
Private Garden View Room in Brownstone Near Subway,40176101,Brooklyn,Bedford-Stuyvesant,40.6887899999999973488229443319141864776611328125,-73.9285899999999998044586391188204288482666015625,Private room,72,1
Guest Suite in Forest Hills,65250625,Queens,Forest Hills,40.73069105521575039574599941261112689971923828125,-73.8494123918882081625270075164735317230224609375,Private room,112,1
Veras Home,500886235,Brooklyn,East New York,40.67059622084888559356841142289340496063232421875,-73.879698877134870826921542175114154815673828125,Private room,80,1
"Lucky 
Home Room 1",500586832,Brooklyn,Cypress Hills,40.68204939760770599832540028728544712066650390625,-73.8945861160755157470703125,Private room,30,1
Classic Elegance in Brownstone Near Subway,40176101,Brooklyn,Bedford-Stuyvesant,40.68885999999999825149643584154546260833740234375,-73.928709999999995261532603763043880462646484375,Private room,67,1
Two Bedrooms in Manhattan,60354171,Manhattan,Greenwich Village,40.73376999999999981127984938211739063262939453125,-73.993099999999998317434801720082759857177734375,Private room,80,1
Big Bedroom Inwood Gem,346849574,Manhattan,Inwood,40.8658400989001648895282414741814136505126953125,-73.9198477553736807976747513748705387115478515625,Private room,70,1
Couples Luxury  suite.,42243297,Brooklyn,Bensonhurst,40.61113999999999890633262111805379390716552734375,-74.0063899999999961210050969384610652923583984375,Private room,108,1
Cozy & Clean #6,23533897,Brooklyn,Crown Heights,40.67421999999999826513885636813938617706298828125,-73.9525200000000069167072069831192493438720703125,Private room,130,1
Room,501105581,Brooklyn,Bushwick,40.6951296019279880056274123489856719970703125,-73.93157808632719252273091115057468414306640625,Private room,105,1
Supreme house,445893943,Queens,Richmond Hill,40.70004008429747699437939445488154888153076171875,-73.8329478682070288186878315173089504241943359375,Private room,160,1
Modern Private Room - 2C,125620407,Brooklyn,Borough Park,40.641234488190747242697398178279399871826171875,-73.9854585762360414946670061908662319183349609375,Private room,85,1
Spacious Sunny Room in Bushwick,502195527,Brooklyn,Bushwick,40.69232000000000226691554416902363300323486328125,-73.9139899999999983037923811934888362884521484375,Private room,81,1
Modern Private Room - 2B,125620407,Brooklyn,Kensington,40.64296664975574202571806381456553936004638671875,-73.9861004787948530747598852030932903289794921875,Private room,80,1
Minimalist Private Room - 1C,125620407,Brooklyn,Borough Park,40.64106115748830916345468722283840179443359375,-73.9841106707645081996815861202776432037353515625,Private room,85,1
Minimalist Private Room - 1B,125620407,Brooklyn,Borough Park,40.64112999999999686906448914669454097747802734375,-73.9844499999999953843143885023891925811767578125,Private room,85,1
small room,389706319,Staten Island,Woodrow,40.54750859060909107256520655937492847442626953125,-74.1902714860826364429158275015652179718017578125,Private room,40,1
Fantastic Room at The Art House,501536849,Brooklyn,Bedford-Stuyvesant,40.6973391037366667433161637745797634124755859375,-73.93598630157470097401528619229793548583984375,Private room,81,1
Big room near trains,494684035,Queens,Jamaica,40.6897754742603865452110767364501953125,-73.8003611082532557929880567826330661773681640625,Private room,48,1
Spacious room,494684035,Queens,Jamaica,40.6901500000000027057467377744615077972412109375,-73.800510000000002719389158301055431365966796875,Private room,48,1
Private bedroom w. free parking,480764728,Brooklyn,Sheepshead Bay,40.60149853100372041581067605875432491302490234375,-73.9381039228109528949062223546206951141357421875,Private room,52,1
Lovely one bedroom with free easy street  parking,13897826,Queens,Maspeth,40.71786999999999778765413793735206127166748046875,-73.903670000000005302354111336171627044677734375,Private room,150,1
Bright Comfy Studio!,598090,Manhattan,Upper West Side,40.77544999999999930651028989814221858978271484375,-73.9788400000000052614268497563898563385009765625,Private room,180,1
"Bedroom in Clinton Hill, Brooklyn",34943122,Brooklyn,Clinton Hill,40.68616999999999706005837651900947093963623046875,-73.960229999999995698090060614049434661865234375,Private room,85,1
The oasis’s,501108264,Manhattan,Washington Heights,40.8547994175576860698129166848957538604736328125,-73.9290161477346572382884914986789226531982421875,Private room,68,1
Minimalist Private Room - 1A,125620407,Brooklyn,Kensington,40.64253161591262397678292472846806049346923828125,-73.9858728174598354598856531083583831787109375,Private room,100,1
King Suite Space Optimization,359474540,Brooklyn,Greenpoint,40.73230665954492479841064778156578540802001953125,-73.9593997664960198790140566416084766387939453125,Private room,79,1
Beautiful and spacious apartment in Times Square!,4202248,Manhattan,Hell's Kitchen,40.760953986926523384681786410510540008544921875,-73.990330863565986874164082109928131103515625,Private room,136,1
Modern Private Room - 2A,125620407,Brooklyn,Borough Park,40.641379999999998062776285223662853240966796875,-73.9859699999999946840034681372344493865966796875,Private room,100,1
".Safe, cozy & minutes to NYC",3339701,Queens,Ditmars Steinway,40.7772700000000014597389963455498218536376953125,-73.917609999999996261976775713264942169189453125,Private room,40,1
1 BR - Garden - Broadway?,3130534,Manhattan,Upper East Side,40.7809299999999979036147124134004116058349609375,-73.951719999999994570316630415618419647216796875,Private room,90,1
Penthouse Studio East 50s Terrace,87183086,Manhattan,Midtown,40.75262000000000028876456781290471553802490234375,-73.9745099999999951023710309527814388275146484375,Private room,298,1
Very cozy big apartment,375556460,Bronx,Westchester Square,40.83836341411521431155051686801016330718994140625,-73.8482902031956456312400405295193195343017578125,Private room,148,1
East Village Gay Friendly Dbl Room,5074654,Manhattan,East Village,40.73024000000000199861460714600980281829833984375,-73.98147000000000161890056915581226348876953125,Private room,101,1
"City Escape! Modern Unit, Walk to Attractions",496944100,Manhattan,Midtown,40.745282476551352601745747961103916168212890625,-73.98963996101565498975105583667755126953125,Private room,332,1
You Found it! Short Drive to Bronx Zoo,496944100,Manhattan,Midtown,40.7453629931817005171978962607681751251220703125,-73.98822131597540874281548894941806793212890625,Private room,329,1
Furnish room  shared apartment,114713624,Queens,Jamaica,40.67131881517588709584742900915443897247314453125,-73.7788168910270343303636764176189899444580078125,Private room,34,1
Relaxed in New York,5897760,Manhattan,Harlem,40.82486000000000103682396002113819122314453125,-73.9403899999999936198946670629084110260009765625,Private room,45,1
Superior Queen Bedded Room at Broadway Plaza Hotel,496944100,Manhattan,Midtown,40.7450458511792703575338236987590789794921875,-73.9903406021912388723649200983345508575439453125,Private room,329,1
Large Room In Newly Renovated Hell's Kitchen Apt.,7755092,Manhattan,Hell's Kitchen,40.7647300000000001318767317570745944976806640625,-73.9913999999999987267074175179004669189453125,Private room,115,1
Newly Renovated West Village Privat,5962196,Manhattan,Chelsea,40.74190999999999718284016125835478305816650390625,-73.9939499999999981127984938211739063262939453125,Private room,200,1
A Comfortable Quiet Room Near Columbia University,5569141,Manhattan,Morningside Heights,40.81203000000000002955857780762016773223876953125,-73.9584399999999959618435241281986236572265625,Private room,89,1
Bright East Village Bedroom w/ Private Bath,4783987,Manhattan,East Village,40.725470000000001391526893712580204010009765625,-73.9771099999999961482899379916489124298095703125,Private room,156,1
Lovely private bedroom & view,66451125,Queens,Corona,40.73457032803312216628910391591489315032958984375,-73.863596673722923924287897534668445587158203125,Private room,61,1
Basement studio w/private 1/2 BR,293491218,Queens,Flushing,40.76115233961113659688635380007326602935791015625,-73.7969266606625780013928306289017200469970703125,Private room,83,1
Private Room with adjoining bathroom,8918030,Bronx,Williamsbridge,40.8826999999999998181010596454143524169921875,-73.862809999999996080077835358679294586181640625,Private room,54,1
The Top-Notch Top-Floor,8986314,Brooklyn,Greenpoint,40.73198000000000007503331289626657962799072265625,-73.9544599999999974215825204737484455108642578125,Private room,70,1
Williamsburg Penthouse Hideaway,6642777,Brooklyn,Williamsburg,40.71164999999999878355083637870848178863525390625,-73.952359999999998763087205588817596435546875,Private room,81,1
Amazing Oasis in NYC!,455017,Manhattan,Washington Heights,40.83608000000000259888111031614243984222412109375,-73.9385400000000032605385058559477329254150390625,Private room,45,1
“Home away from Home” 1st Floor Suburban Apt.,4060346,Staten Island,Huguenot,40.54153000000000162117430591024458408355712890625,-74.16442000000000689396983943879604339599609375,Private room,82,1
Beautiful studio 236 - private bathroom,401202937,Manhattan,Midtown,40.7478674654452817094352212734520435333251953125,-73.9872448624159204655370558612048625946044921875,Private room,170,1
Private bedroom on the UES,231875594,Manhattan,Upper East Side,40.7760008038304562205667025409638881683349609375,-73.94970579810097888184827752411365509033203125,Private room,87,1
Manhattan Apartment close to Times Square,95782575,Manhattan,Upper East Side,40.78329372207181080511873005889356136322021484375,-73.952504918524169852389604784548282623291015625,Private room,184,1
NYC Private Room LES Convenient Location,19842087,Manhattan,Civic Center,40.71381999999999834471964277327060699462890625,-74.005459999999999354258761741220951080322265625,Private room,133,1
Private bedroom available,116270251,Queens,Flushing,40.7628967501315884192081284709274768829345703125,-73.805825492145430644086445681750774383544921875,Private room,58,1
Bed  comme a la maison,21096298,Bronx,Unionport,40.82914000000000243062459048815071582794189453125,-73.8547300000000035424818634055554866790771484375,Private room,70,1
...New lower rates for low season!!,3339701,Queens,Ditmars Steinway,40.7736400000000003274180926382541656494140625,-73.91987000000000307409209199249744415283203125,Private room,40,1
Times Square Cozy Private room LGBTQ+ friendly,503067817,Manhattan,Hell's Kitchen,40.75864397532640026611261419020593166351318359375,-73.9902291815657378037940361537039279937744140625,Private room,90,1
Art deco apartment in Brooklyn,21327210,Brooklyn,Bay Ridge,40.63663999999999987267074175179004669189453125,-74.0259800000000041109160520136356353759765625,Private room,85,1
Cheap Private Room In NYC,480379890,Bronx,Wakefield,40.89987958260393696718892897479236125946044921875,-73.8583570614895705830349470488727092742919921875,Private room,88,1
THE MASTER  ROOM - PRIVATE BATHROOM - MINS TO CITY,21091779,Brooklyn,Bedford-Stuyvesant,40.6871000000000009322320693172514438629150390625,-73.922629999999998062776285223662853240966796875,Private room,65,1
1 private bed room w/ balcony _ Queens NY,23048955,Queens,Elmhurst,40.73619000000000056616045185364782810211181640625,-73.8735899999999929832483758218586444854736328125,Private room,59,1
ROOFTOP FOR PHOTOGRAPHY/FILM SETS MANHATTAN,17152076,Manhattan,Harlem,40.83080000000000353566065314225852489471435546875,-73.948589999999995825419318862259387969970703125,Private room,250,1
Cozy room with beautiful view.,66410588,Manhattan,Harlem,40.82137762200903097209447878412902355194091796875,-73.9564838345956871989983483217656612396240234375,Private room,80,1
Cosy Room in Great Location - Williamsburg,2332618,Brooklyn,Williamsburg,40.70801000000000158252078108489513397216796875,-73.953249999999997044142219237983226776123046875,Private room,121,1
Room in New York,500280579,Brooklyn,Sheepshead Bay,40.58890253236896938915378996171057224273681640625,-73.9439807394641519522338057868182659149169921875,Private room,91,1
Nice room,400013151,Manhattan,Kips Bay,40.74327977456764671160271973349153995513916015625,-73.9818101735981628053195890970528125762939453125,Private room,115,1
Fully Furnished Bronx Apartment,284502659,Bronx,Belmont,40.8547511000000014291799743659794330596923828125,-73.885387699999995447797118686139583587646484375,Private room,69,1
Relaxing house,188886232,Queens,Springfield Gardens,40.66073999999999699639374739490449428558349609375,-73.7594600000000042427927837707102298736572265625,Private room,209,1
Lovely Private bedroom in Queens,497594297,Queens,Rosedale,40.64982119999999810033841640688478946685791015625,-73.7358105999999935420419205911457538604736328125,Private room,120,1
Private Room for One Guest,68139551,Queens,Maspeth,40.72097000000000122099663713015615940093994140625,-73.8950799999999929923433228395879268646240234375,Private room,66,1
Great place to spend time,188886232,Queens,Springfield Gardens,40.66017633701570588300455710850656032562255859375,-73.7594693538806183141787187196314334869384765625,Private room,185,1
Bright & spacious Room in Harlem,74330820,Manhattan,Harlem,40.8147000000000019781509763561189174652099609375,-73.9365600000000000591171556152403354644775390625,Private room,52,1
One bedroom in Beautiful Astoria with balcony!,42048980,Queens,Ditmars Steinway,40.773110000000002628439688123762607574462890625,-73.9143100000000004001776687800884246826171875,Private room,100,1
Cozy Home Away From Home,497586419,Queens,St. Albans,40.70308205925663713742324034683406352996826171875,-73.754395771205082610322278924286365509033203125,Private room,58,1
Bright & Cozy Room in the Heart of the Village,445219407,Manhattan,East Village,40.72793546165180345042244880460202693939208984375,-73.982506503213500081983511336147785186767578125,Private room,114,1
TRYP by Wyndham - Times Square / Midtown,38592279,Manhattan,Hell's Kitchen,40.7528300000000029967850423417985439300537109375,-73.9943099999999986948751029558479785919189453125,Private room,227,1
TRYP by Wyndham -Luxury Times Square / Midtown,38592279,Manhattan,Hell's Kitchen,40.7548104080001820648249122314155101776123046875,-73.99495033340593863613321445882320404052734375,Private room,233,1
2 Pet-friendly Suite Near Statue of Liberty!,496944100,Manhattan,SoHo,40.72012000000000142563294502906501293182373046875,-74.0009500000000031150193535722792148590087890625,Private room,1007,1
very clean and spacious,107578852,Manhattan,Washington Heights,40.84241999999999706005837651900947093963623046875,-73.9378899999999958936314214952290058135986328125,Private room,84,1
"CLOSED FOR COVID, UNAVAILBLE UNTIL FURTHER NOTICE",15185319,Manhattan,East Harlem,40.7936600000000026966517907567322254180908203125,-73.9455899999999957117324811406433582305908203125,Private room,350,1
Gateway Stunning King Size bed in Brooklyn,205115932,Brooklyn,East New York,40.66506199999999893179847276769578456878662109375,-73.8773929999999978690539137460291385650634765625,Private room,42,1
Cozy and Private,357993424,Queens,Jamaica,40.68364170000000257232386502437293529510498046875,-73.7832585000000023001121007837355136871337890625,Private room,149,1
"Private Room, in the heart of Manhattan!!",11673798,Manhattan,Midtown,40.7460200000000014597389963455498218536376953125,-73.980189999999993233359418809413909912109375,Private room,112,1
"Artsy and Comfy Bedroom, Living Room, Terrace",1226950,Brooklyn,Crown Heights,40.67725999999999686451701563782989978790283203125,-73.9491000000000013869794202037155628204345703125,Private room,107,1
Cozy apartment in New York,503172463,Manhattan,East Village,40.7275607977559985783955198712646961212158203125,-73.97709900895785040120244957506656646728515625,Private room,109,1
Newly Built Full Bedroom In TriBeCa,12399023,Manhattan,Tribeca,40.71589999999999776036929688416421413421630859375,-74.008340000000004010871634818613529205322265625,Private room,500,1
Emma Tapley,6575712,Manhattan,East Village,40.73161999999999949295670376159250736236572265625,-73.987380000000001700755092315375804901123046875,Private room,174,1
Beautiful bedroom in new doorman bldg.  in Harlem,9871799,Manhattan,Harlem,40.8264300000000019963408703915774822235107421875,-73.942080000000004247340257279574871063232421875,Private room,115,1
Charming One bedroom suite in NYC boutique hotel,386744710,Manhattan,Midtown,40.7656283033216908506801701150834560394287109375,-73.9800497549621951520748552866280078887939453125,Private room,324,1
Habitacion Grande Con Cama.,473454112,Queens,College Point,40.78658191348299766332274884916841983795166015625,-73.8418632413432334260505740530788898468017578125,Private room,44,1
"Bright, Modern Room in East Village!",64442,Manhattan,East Village,40.7239900000000005775291356258094310760498046875,-73.9777700000000066893335315398871898651123046875,Private room,87,1
"Artistic zen den, serene, clean. GW bridge views.",12605896,Manhattan,Washington Heights,40.84351000000000198042471311055123805999755859375,-73.9431000000000011596057447604835033416748046875,Private room,65,1
"Safe, cozy & minutes to NYC",3339701,Queens,Ditmars Steinway,40.7742300000000028603608370758593082427978515625,-73.918149999999997135091689415276050567626953125,Private room,40,1
Comfort and Charm in Harlem Brownstone near Subway,16425715,Manhattan,Harlem,40.81354999999999932924765744246542453765869140625,-73.9433499999999952478901832364499568939208984375,Private room,96,1
Spacious Junior 1BR Apt in USQ/Flatiron,15153596,Manhattan,Chelsea,40.73727999999999838109943084418773651123046875,-73.9924800000000004729372449219226837158203125,Private room,250,1
Private Bedroom and Bath in Spacious Duplex,14019268,Brooklyn,Bushwick,40.69505000000000194404492503963410854339599609375,-73.9317999999999955207385937683284282684326171875,Private room,115,1
Private Oasis in Modern Harlem Apartment,2742629,Manhattan,Harlem,40.8287499999999994315658113919198513031005859375,-73.9396899999999988040144671685993671417236328125,Private room,76,1
Private rm 45 min away from nyc,255409206,Bronx,Wakefield,40.89191250725614423799925134517252445220947265625,-73.8546767175711664776827092282474040985107421875,Private room,163,1
Cozy Basement Studio Room,24170648,Brooklyn,Cypress Hills,40.681176069383809590362943708896636962890625,-73.891051601887596689266501925885677337646484375,Private room,80,1
Adventure Awaits in NYC! Relaxing Stay! Parking,496944100,Manhattan,Financial District,40.7085161570564508792813285253942012786865234375,-74.0080918721989320374632370658218860626220703125,Private room,343,1
Stylish room in Brooklyn,503542653,Brooklyn,Midwood,40.61757479723700470231051440350711345672607421875,-73.954978364405604907005908899009227752685546875,Private room,50,1
NYC Vacay Starts Here! Close to Times Square!,496944100,Manhattan,Financial District,40.7104599999999976489561959169805049896240234375,-74.0078500000000047975845518521964550018310546875,Private room,272,1
cozy & private room close to JFK,357993424,Queens,Jamaica,40.6844879291198111559424432925879955291748046875,-73.78295160310170786033268086612224578857421875,Private room,58,1
"1,800 sq foot in luxury building",107628,Manhattan,Harlem,40.8104000000000013415046851150691509246826171875,-73.9430899999999979854692355729639530181884765625,Private room,100,1
Spacious private BD w/ shared BR & Kitchen,429095657,Queens,Jackson Heights,40.753223902321366267642588354647159576416015625,-73.892609880700689473087550140917301177978515625,Private room,96,1
Charming Private BD w/shared BR & Kitchen,429095657,Queens,Jackson Heights,40.75182338659880088016507215797901153564453125,-73.8924511995206785286427475512027740478515625,Private room,80,1
short term 1,503445703,Brooklyn,Gerritsen Beach,40.5949102000000010548319551162421703338623046875,-73.9299608000000034735421650111675262451171875,Private room,40,1
Blue Room for 2 in Brownstone for $1350 monthly,54275,Brooklyn,Bedford-Stuyvesant,40.6806399999999968031261232681572437286376953125,-73.9403899999999936198946670629084110260009765625,Private room,94,1
A magical attic unit apartment!,88891753,Brooklyn,Brooklyn Heights,40.6997764999999986912371241487562656402587890625,-73.9949170000000009395080269314348697662353515625,Private room,200,1
Cozy Double Bed Room @ NYC,501589992,Queens,Ditmars Steinway,40.77325359415129213402906316332519054412841796875,-73.9065907415465659369147033430635929107666015625,Private room,63,1
2 BR w/ Terrace @ Box House Hotel,417504,Brooklyn,Greenpoint,40.7377800000000007685230229981243610382080078125,-73.9536599999999992860466591082513332366943359375,Private room,599,1
Loft w/ Terrace @ Box House Hotel,417504,Brooklyn,Greenpoint,40.7377699999999975943865138106048107147216796875,-73.9536599999999992860466591082513332366943359375,Private room,349,1
"Sunny, Modern room in East Village!",64442,Manhattan,East Village,40.7248900000000020327206584624946117401123046875,-73.9780999999999977490006131120026111602783203125,Private room,105,1
Perfect for Business Trips! Convenient Stay!,496944100,Manhattan,Financial District,40.71040393861346018411495606414973735809326171875,-74.0092818627874038384106825105845928192138671875,Private room,338,1
Cozy 1 BR in 3 BR Loft: WOMEN ONLY,257541,Brooklyn,Clinton Hill,40.69145729401285649373676278628408908843994140625,-73.9609665519051731052968534640967845916748046875,Private room,98,1
Loft w/ Terrace @ Box House Hotel,417504,Brooklyn,Greenpoint,40.7377699999999975943865138106048107147216796875,-73.9536599999999992860466591082513332366943359375,Private room,349,1
Private Room at The Art House,501536849,Brooklyn,Bushwick,40.6984450733798013288833317346870899200439453125,-73.9361452118702544566986034624278545379638671875,Private room,81,1
Cozy Residential Double Bed,394333507,Staten Island,Bull's Head,40.61676219013499888887963606975972652435302734375,-74.16451491415500640869140625,Private room,48,1
Cozy&Comfy private BDw/shared BR,429095657,Queens,Jackson Heights,40.75131999999999976580511429347097873687744140625,-73.89262999999999692590790800750255584716796875,Private room,68,1
Ideal Couple Vacation! Stay Near Central Park!,496944100,Manhattan,Financial District,40.71048837686389987311486038379371166229248046875,-74.0092029757289395774932927452027797698974609375,Private room,272,1
"NYC Escape! Parking, Walk to Central Park",496944100,Manhattan,Financial District,40.70882999999999896090230322442948818206787109375,-74.0096400000000045338310883380472660064697265625,Private room,272,1
"Modern Unit for Couples! Convenient Unit, Parking",496944100,Manhattan,Financial District,40.71010016978154766320585622452199459075927734375,-74.009932595496337626173044554889202117919921875,Private room,315,1
Big Bedroom in Manhattan,503254407,Manhattan,Upper West Side,40.79880201622280111450891126878559589385986328125,-73.96270368300673681005719117820262908935546875,Private room,102,1
10min Walk & 15mins to Tourist Spot,2446219,Queens,Jackson Heights,40.75347000000000008412825991399586200714111328125,-73.8914500000000060708771343342959880828857421875,Private room,111,1
"Sunny Private Bedroom by Express Train, Colleges!",2270624,Manhattan,Harlem,40.8127300000000019508661353029310703277587890625,-73.950909999999993260644259862601757049560546875,Private room,99,1
Bright and Spacious Manhattan,2834840,Manhattan,Harlem,40.82274000000000313548298436217010021209716796875,-73.954080000000004702087608166038990020751953125,Private room,79,1
Above Graham stop - L train,2438262,Brooklyn,Williamsburg,40.71596000000000259433363680727779865264892578125,-73.9424499999999937926986603997647762298583984375,Private room,95,1
Very close to Downtown Awesome Room,807642,Brooklyn,Gravesend,40.60401999999999844703779672272503376007080078125,-73.970380000000005793481250293552875518798828125,Private room,113,1
Beautiful Room in a Beautiful New NYC Apartment,10609846,Manhattan,Harlem,40.8324300000000022237145458348095417022705078125,-73.9481700000000046202330850064754486083984375,Private room,200,1
welcome home to college point,154960741,Queens,College Point,40.77530228446011761889167246408760547637939453125,-73.842973520391382180605432949960231781005859375,Private room,41,1
"Lovely Queen Bed, Close to Subway & Nightlife",21315876,Manhattan,East Village,40.72357000000000226691554416902363300323486328125,-73.9875300000000066802385845221579074859619140625,Private room,91,1
"Close to New York City Hall! Modern Unit, Parking",496944100,Manhattan,Financial District,40.7101139399031666243899962864816188812255859375,-74.00962412441953119923709891736507415771484375,Private room,338,1
"In The Heart of it All! Relaxing Unit, Parking",496944100,Manhattan,Financial District,40.710370295630383452589740045368671417236328125,-74.0082088427674165131975314579904079437255859375,Private room,291,1
Private bedroom by central park,66410588,Manhattan,Upper West Side,40.7958528963183795212898985482752323150634765625,-73.963052841916891111395671032369136810302734375,Private room,65,1
"Great location, new lower rates!!!",3339701,Queens,Ditmars Steinway,40.77443000000000239424480241723358631134033203125,-73.919250000000005229594535194337368011474609375,Private room,40,1
Spain Room,5652395,Bronx,Concourse Village,40.8187599999999974897946231067180633544921875,-73.9269100000000065620042732916772365570068359375,Private room,115,1
The Most Affordable |PRIVATE ROOM| in a BROWNSTONE,17264040,Bronx,Mount Hope,40.85229000000000354475560015998780727386474609375,-73.9077099999999944657247397117316722869873046875,Private room,81,1
Serengeti Comfy Private in NYC,14157138,Brooklyn,Crown Heights,40.6687500000000028421709430404007434844970703125,-73.923890000000000100044417195022106170654296875,Private room,115,1
Slice of Heaven In Williamsburg,502492269,Brooklyn,Williamsburg,40.71867990681757731863399385474622249603271484375,-73.9642603567886141036069602705538272857666015625,Private room,300,1
Bay View - Room Looking Over The Water!,681225,Queens,Rockaway Beach,40.5886100000000027421265258453786373138427734375,-73.8148900000000054433257901109755039215087890625,Private room,125,1
3 Relaxing Units for Business Trips! Explore NYC!,496944100,Manhattan,Financial District,40.70868133112821141139647806994616985321044921875,-74.0085177619854590602699317969381809234619140625,Private room,992,1
"Elegant & Luxury! 3 Stylish Units, Parking",496944100,Manhattan,Financial District,40.7105062949421352413992281071841716766357421875,-74.009621620571834910151665098965167999267578125,Private room,1013,1
Take a Walk in Central Park! 3 Relaxing Units!,496944100,Manhattan,Financial District,40.70846944775826869999946211464703083038330078125,-74.0080240484177238613483496010303497314453125,Private room,992,1
Sunny Warm Quiet NYC Retreat,7474069,Manhattan,Washington Heights,40.845810000000000172803993336856365203857421875,-73.9421200000000027330315788276493549346923828125,Private room,69,1
Huge Room on Private Floor with Private Bathroom!,3776550,Brooklyn,Bushwick,40.69937999999999789224602864123880863189697265625,-73.939289999999999736246536485850811004638671875,Private room,109,1
The Most Modern  | PRIVATE ROOM | in a BROWNSTONE,17264040,Bronx,Mount Hope,40.8507000000000033423930290155112743377685546875,-73.9082300000000032014213502407073974609375,Private room,81,1
Linda Lee Wellness Center,19979360,Manhattan,Upper East Side,40.7751700000000028012436814606189727783203125,-73.9538600000000059253579820506274700164794921875,Private room,471,1
Your Relaxing NYC Getaway Awaits! Parking,496944100,Manhattan,Financial District,40.70845757914961637879969202913343906402587890625,-74.008383166648997075753868557512760162353515625,Private room,291,1
Williamsburg Penthouse Guestroom,6642777,Brooklyn,Williamsburg,40.71067000000000035697667044587433338165283203125,-73.9525000000000005684341886080801486968994140625,Private room,74,1
Appartement cosy à Brooklyn,10265485,Brooklyn,Williamsburg,40.70222906856366051897566649131476879119873046875,-73.940173374738861866717343218624591827392578125,Private room,80,1
Mi Casa Tu Casa Guesthouse Mexico,5652395,Bronx,Concourse,40.82101999999999719648258178494870662689208984375,-73.927019999999998844941728748381137847900390625,Private room,85,1
"Stylish, Private Access Room",41557022,Brooklyn,Bedford-Stuyvesant,40.6893409158010399551130831241607666015625,-73.93898127045503088083933107554912567138671875,Private room,74,1
YOUR HARLEM HOME AWAY FROM HOME,5454862,Manhattan,Harlem,40.827460000000002082742867060005664825439453125,-73.9488000000000056388671509921550750732421875,Private room,130,1
Lovely Room w private kitchen in Brownstone,4598714,Brooklyn,Crown Heights,40.67793999999999954297891235910356044769287109375,-73.9557099999999962847141432575881481170654296875,Private room,120,1
Cozy bedroom with balcony,1442022,Brooklyn,Williamsburg,40.71275250000000056616045185364782810211181640625,-73.9415662999999909743564785458147525787353515625,Private room,75,1
The Art Room for two in Brownstone for $1250/mo,54275,Brooklyn,Bedford-Stuyvesant,40.6804800000000028603608370758593082427978515625,-73.939379999999999881765688769519329071044921875,Private room,70,1
Charming Room at The Art House,501536849,Brooklyn,Bushwick,40.698513094828427938409731723368167877197265625,-73.9362160926097686797220376320183277130126953125,Private room,81,1
Amazing Room at The Art House,501536849,Brooklyn,Bushwick,40.69832866520170711055470746941864490509033203125,-73.9373967751213712062963168136775493621826171875,Private room,81,1
"City Escape! Modern Unit, Walk to Central Park!",496944100,Manhattan,Financial District,40.70871888526841786415388924069702625274658203125,-74.00819938931334718290599994361400604248046875,Private room,315,1
Stylish New York Living! Minutes to Wall St!,496944100,Manhattan,Financial District,40.71027000000000128920873976312577724456787109375,-74.0096999999999951569407130591571331024169921875,Private room,329,1
Room in Williamsburg,38593087,Brooklyn,Williamsburg,40.70721769314091176283909589983522891998291015625,-73.96742643002340855673537589609622955322265625,Private room,65,1
Home Away From Home! Modern Stay in NYC!,496944100,Manhattan,Financial District,40.70868474418887927868127007968723773956298828125,-74.0093606826597891767960391007363796234130859375,Private room,315,1
Enjoy City Views! Near Times Square! Parking,496944100,Manhattan,Financial District,40.70844802346800150871786172501742839813232421875,-74.0082654291536101709425565786659717559814453125,Private room,291,1
Best location in NYC,16677444,Manhattan,Theater District,40.75677999999999912006387603469192981719970703125,-73.989949999999993224264471791684627532958984375,Private room,50,1
Sunny Room in Historic Williamsburg Loft,26089087,Brooklyn,Williamsburg,40.70918000000000347426976077258586883544921875,-73.9641299999999972669684211723506450653076171875,Private room,44,1
Private Room in Very Convenient Location,687062,Manhattan,Harlem,40.8141499999999979308995534665882587432861328125,-73.950659999999999172359821386635303497314453125,Private room,74,1
Your Relaxing NYC Getaway Awaits! Pets Allowed!,496944100,Manhattan,Midtown,40.74322864461697690785513259470462799072265625,-73.986240598871603424413478933274745941162109375,Private room,381,1
Large first floor central restaurants,489804886,Manhattan,Upper East Side,40.76208183028921183677084627561271190643310546875,-73.9668826751746024683598079718649387359619140625,Private room,528,1
Loft Room @ Kasa da Kura (Cat Lovers Only),8207362,Brooklyn,Bedford-Stuyvesant,40.69082999999999827878127689473330974578857421875,-73.9383600000000029695002012886106967926025390625,Private room,47,1
Bushwick private 10 foot ceiling Bedroom,131476075,Brooklyn,Bushwick,40.68603999999999842884790268726646900177001953125,-73.9133499999999941110218060202896595001220703125,Private room,68,1
experience Brooklyn30 min  manh  5 min  hospital,94214493,Brooklyn,East Flatbush,40.656239999999996825863490812480449676513671875,-73.9165899999999993497112882323563098907470703125,Private room,120,1
10 mins/Airports JFK/LGA/Hosp/malls bus/train#2,126247863,Queens,Richmond Hill,40.69003000000000014324541552923619747161865234375,-73.8213200000000000500222085975110530853271484375,Private room,60,1
Lic 2b2b 2 bedrooms,382149624,Queens,Long Island City,40.754332524455691100229159928858280181884765625,-73.9297509212709655912476591765880584716796875,Private room,80,1
The studio in the heights,493039547,Manhattan,Washington Heights,40.854703499999999394276528619229793548583984375,-73.9384232000000025664121494628489017486572265625,Private room,214,1
Kingsize bedroom in Harlem brownstone,8637211,Manhattan,Harlem,40.81759000000000270347300102002918720245361328125,-73.946830000000005611582309938967227935791015625,Private room,97,1
Newly Cozy Private Site(attic E),156952896,Queens,Whitestone,40.7772779060947669904635404236614704132080078125,-73.8256765227445015398188843391835689544677734375,Private room,69,1
“The Quick Get Away.”#3,241454071,Bronx,Hunts Point,40.8175899880722425905332784168422222137451171875,-73.8877393863134130924663622863590717315673828125,Private room,46,1
"Rare Find! Close to Herald Square, Pet-friendly!",25138314,Manhattan,Midtown,40.74686912125785198668381781317293643951416015625,-73.9862744202684297079031239263713359832763671875,Private room,261,1
Warm room for nice people in Bensonhurst !,38121779,Brooklyn,Gravesend,40.607259999999996580299921333789825439453125,-73.9829600000000056070348364301025867462158203125,Private room,50,1
JFK Queens/House of Suedajoy#5(dis by flexibility,175019394,Queens,Jamaica,40.67242999999999852889231988228857517242431640625,-73.7795899999999988949639373458921909332275390625,Private room,75,1
JFK Queens Home away from Home House of Suedajoy 4,175019394,Queens,Jamaica,40.672466366417182825898635201156139373779296875,-73.77962757315157205084688030183315277099609375,Private room,75,1
King Private Suite | up to 4 w/ Bath | Midtown NYC,484277630,Manhattan,Murray Hill,40.74927791313061931077754707075655460357666015625,-73.975146827277313832382787950336933135986328125,Private room,194,1
Attractive and modern house,490863611,Bronx,Morris Heights,40.85195569999999776200638734735548496246337890625,-73.9128486999999978479536366648972034454345703125,Private room,39,1
Sunlit Room with Kitchen near Manhattan and LGA,39074591,Queens,Woodside,40.74571999999999860619936953298747539520263671875,-73.90814000000000305590219795703887939453125,Private room,38,1
Bushwick’s cozy nook/Private Bathroom,22010249,Brooklyn,Bushwick,40.69283999999999679175743949599564075469970703125,-73.9187199999999933197614154778420925140380859375,Private room,84,1
Cozy (420) Stay in the Stuy,427350306,Brooklyn,Bedford-Stuyvesant,40.686880000000002155502443201839923858642578125,-73.9198099999999982401277520693838596343994140625,Private room,96,1
Bohemian room 1,490840837,Manhattan,Harlem,40.80389000000000265799826593138277530670166015625,-73.9548999999999949750417727045714855194091796875,Private room,90,1
"Peace n party, Have it your way",234866917,Queens,Edgemere,40.59837234295738284117760485969483852386474609375,-73.77677054542147061511059291660785675048828125,Private room,40,1
"A spacious,luxurious, bedroom",484178441,Brooklyn,Flatlands,40.62633412256326437272946350276470184326171875,-73.9428488031885109421637025661766529083251953125,Private room,65,1
Master Bedroom with Full Bath & Manhattan View,129743937,Queens,East Elmhurst,40.75800000000000267164068645797669887542724609375,-73.8699100000000044019543565809726715087890625,Private room,69,1
Private Cozy Room-Comfy Bed-Mattress-New Kitchen,79651295,Queens,Jamaica,40.67694999999999794226823723874986171722412109375,-73.7890100000000046520653995685279369354248046875,Private room,48,1
Magical Brooklyn townhouse room fit for a wizard,189075482,Brooklyn,Cypress Hills,40.68121000000000009322320693172514438629150390625,-73.8916300000000063619154389016330242156982421875,Private room,95,1
Sweet Home you would enjoy--2A,188362851,Queens,Flushing,40.7594399999999978945197653956711292266845703125,-73.813659999999998717612470500171184539794921875,Private room,58,1
Pat's Paradise  at Rockaway Beach,187870198,Queens,Rockaway Beach,40.5854199999999991632648743689060211181640625,-73.8179099999999976944309310056269168853759765625,Private room,53,1
Spacious Cozy Room-Comfy Bed-Mattress-New Kitchen,79651295,Queens,Jamaica,40.67828999999999695091901230625808238983154296875,-73.787540000000007012204150669276714324951171875,Private room,48,1
Cozy Studio in heart of New York,483477192,Manhattan,Upper East Side,40.7595000000000027284841053187847137451171875,-73.9581299999999970395947457291185855865478515625,Private room,189,1
"St. John’s Home 4 Medical Professionals - “Vagal""",26377263,Queens,Far Rockaway,40.5979872999999997773556970059871673583984375,-73.75618009999999458159436471760272979736328125,Private room,61,1
Cool and cozy in Brooklyn,1805238,Brooklyn,Prospect-Lefferts Gardens,40.65579000000000320369508699513971805572509765625,-73.95810000000000172803993336856365203857421875,Private room,72,1
The Cozy Oasis,98546474,Brooklyn,Bedford-Stuyvesant,40.6908584099443970671927672810852527618408203125,-73.9403834419315302284303470514714717864990234375,Private room,74,1
Luxury Hotel Room | near Times Central Park 5 Avn,484277630,Manhattan,Murray Hill,40.7492894981636624152088188566267490386962890625,-73.975223349645830239751376211643218994140625,Private room,132,1
Short Walk to Times / Central Park | Private Room,484277630,Manhattan,Murray Hill,40.75064362937153106258847401477396488189697265625,-73.9767486746015805465503945015370845794677734375,Private room,92,1
"LGA, CITIFIELD, JFK MANHATTAN+tv(RM #2)",156948703,Queens,East Elmhurst,40.7693000000000012050804798491299152374267578125,-73.8714800000000053614712669514119625091552734375,Private room,62,1
Available only for a month,62047190,Brooklyn,Bushwick,40.7039991474785125546986819244921207427978515625,-73.9167733622608551513621932826936244964599609375,Private room,229,1
Modern Skyline View duplex private Roof loft room,2023993,Brooklyn,Bushwick,40.7017900000000025784174795262515544891357421875,-73.9300300000000021327650756575167179107666015625,Private room,105,1
It’s a private room withbathroom,493195190,Queens,Maspeth,40.73660339955632281316866283304989337921142578125,-73.8998271533778705588701996020972728729248046875,Private room,69,1
"Nice room, close to everything NY has to offer",154629695,Queens,Astoria,40.7594399999999978945197653956711292266845703125,-73.908050000000002910383045673370361328125,Private room,60,1
"Private Peaceful room in Flushing/Auburndale, NY",157040162,Queens,Flushing,40.7549599999999969668351695872843265533447265625,-73.8041500000000070258465711958706378936767578125,Private room,40,1
SnugHarbo house,382708371,Staten Island,New Brighton,40.6428788831841103501574252732098102569580078125,-74.093699602563134476440609432756900787353515625,Private room,120,1
Private 1BR w/ Full-sized Bed. Great Location!,158222655,Brooklyn,Williamsburg,40.71912999999999982492226990871131420135498046875,-73.95846000000000231011654250323772430419921875,Private room,100,1
2-Bedroom (Free-Parking),465866457,Queens,Flushing,40.7569883674854196442538523115217685699462890625,-73.7914555023401845801345189101994037628173828125,Private room,94,1
Beautiful  bedroom,478712063,Bronx,Belmont,40.849617342693790078556048683822154998779296875,-73.8870577812673303697010851465165615081787109375,Private room,62,1
Comf mod rm 10min fr SI ferry,26602392,Staten Island,Tompkinsville,40.62780690000000305417415802367031574249267578125,-74.0850176999999945337549434043467044830322265625,Private room,100,1
Peaceful and charming deluxe queen room,91876294,Manhattan,East Village,40.72813301034813093792763538658618927001953125,-73.98888195777050214019254781305789947509765625,Private room,165,1
Heart of Manhattan| Luxury Private Studio|King Bed,484277630,Manhattan,Murray Hill,40.7488992849645228488952852785587310791015625,-73.97728442712690366533934138715267181396484375,Private room,89,1
Private room in prime Ridgewood with workspace,113675886,Queens,Ridgewood,40.70078200183473882134421728551387786865234375,-73.9054637230263580249811639077961444854736328125,Private room,100,1
Cozy Private Hotel Room | near Grand Central,484277630,Manhattan,Murray Hill,40.75070364655545063214958645403385162353515625,-73.977281507923777326141134835779666900634765625,Private room,80,1
Cozy Suite 5 Mins’ to 7 train @Downtown,492698813,Queens,Flushing,40.76078203332614435794312157668173313140869140625,-73.8228774289658957741266931407153606414794921875,Private room,65,1
Beautiful bed bed room,110346058,Queens,South Ozone Park,40.67235000000000155750967678613960742950439453125,-73.7979299999999938108885544352233409881591796875,Private room,49,1
mh-ny,492698813,Queens,Flushing,40.76171529999999876281435717828571796417236328125,-73.8225618999999966263203532434999942779541015625,Private room,67,1
Midtown NY | Lovely Private Studio w/Bath | Luxury,484277630,Manhattan,Murray Hill,40.74887357461273751368935336358845233917236328125,-73.976943623644643821535282768309116363525390625,Private room,113,1
Private Hotel Room | Affordable & Lovely | Midtown,484277630,Manhattan,Murray Hill,40.75083319325415942557810922153294086456298828125,-73.97687613928582095468300394713878631591796875,Private room,104,1
Relaxing large middle room,131476075,Brooklyn,Bushwick,40.685620000000000118234311230480670928955078125,-73.911709999999999354258761741220951080322265625,Private room,53,1
Enormous 10 feet ceiling room,131476075,Brooklyn,Bushwick,40.68684999999999973852027324028313159942626953125,-73.913579999999996061887941323220729827880859375,Private room,59,1
Best New York location,233992920,Manhattan,Washington Heights,40.84755565972874791214053402654826641082763671875,-73.938370979553354800373199395835399627685546875,Private room,73,1
St.Johns Home 4 Medical Professional-Horripilation,26377263,Queens,Far Rockaway,40.5979872999999997773556970059871673583984375,-73.75618009999999458159436471760272979736328125,Private room,52,1
Two bedrooms and bath in downtown loft.,158725307,Manhattan,NoHo,40.728239999999999554347596131265163421630859375,-73.991209999999995261532603763043880462646484375,Private room,163,1
Cozy and clean apt in Astória,443959268,Queens,Long Island City,40.7544393030585752057959325611591339111328125,-73.91617088098638532756012864410877227783203125,Private room,109,1
SoHo: Light-filled and tasteful,6650559,Manhattan,SoHo,40.72666000000000252612153417430818080902099609375,-74.003410000000002355591277591884136199951171875,Private room,62,1
1-Bedroom,465866457,Queens,Flushing,40.75731829419195406671860837377607822418212890625,-73.7918618852578021005683694966137409210205078125,Private room,72,1
"LGA, CitiField, JFK,Manhattan+tv (RM#1)",156948703,Queens,East Elmhurst,40.77105999999999852434484637342393398284912109375,-73.872849999999999681676854379475116729736328125,Private room,56,1
Heart of NYC | Private Studio | Affordable &Lovely,484277630,Manhattan,Murray Hill,40.74933999999999656438376405276358127593994140625,-73.975359999999994897734723053872585296630859375,Private room,92,1
Midtown NYC | Deluxe Suite| King Bed w/Bathroom,484277630,Manhattan,Murray Hill,40.75009677781033445853609009645879268646240234375,-73.97734357291466267270152457058429718017578125,Private room,269,1
Bright & Cozy Rooftop Artist Loft,42079873,Brooklyn,Bushwick,40.68971645437870421346815419383347034454345703125,-73.916648305397671947503113187849521636962890625,Private room,120,1
private key entry room 5,490725380,Queens,Glendale,40.69877470000000130312400870025157928466796875,-73.8944850999999971463694237172603607177734375,Private room,69,1
Beautiful en-suite,359911244,Manhattan,Washington Heights,40.8601833999999968227712088264524936676025390625,-73.9265128999999916459273663349449634552001953125,Private room,67,1
Your Private Studio in New York,209291827,Queens,Astoria,40.76420638069705404404885484836995601654052734375,-73.90776978515015116499853320419788360595703125,Private room,70,1
Cozy Private Room Located near JFK,470366840,Queens,Rosedale,40.654449999999997089616954326629638671875,-73.742739999999997735358192585408687591552734375,Private room,100,1
Bright Beautiful Chelsea Apt.,85191443,Manhattan,Chelsea,40.74369999999999691908669774420559406280517578125,-74.0037899999999950750861898995935916900634765625,Private room,200,1
SoHo Bedroom Central and Close to Many Subways,36579046,Manhattan,SoHo,40.72151000000000209411155083216726779937744140625,-74.000190000000003465174813754856586456298828125,Private room,116,1
Charming Artistic Private Room in Brooklyn,17581024,Brooklyn,Park Slope,40.6776100000000013778844731859862804412841796875,-73.981549999999998590283212251961231231689453125,Private room,125,1
100% Private! Bathroom + One Bedroom JFK & LGA,23479368,Queens,South Ozone Park,40.67423999999999750798451714217662811279296875,-73.8192099999999982173903845250606536865234375,Private room,72,1
Elegant Room/ 5min wlk to train,486648462,Brooklyn,East New York,40.67378000000000071167960413731634616851806640625,-73.8615199999999987312548910267651081085205078125,Private room,100,1
"Solo Traveler Heaven, Close to Midtown & Airports",40711894,Queens,Elmhurst,40.7401100000000013778844731859862804412841796875,-73.887339999999994688550941646099090576171875,Private room,63,1
Cozy Private Room/Shared Bathroom,486648462,Brooklyn,East New York,40.673810000000003128661774098873138427734375,-73.863529999999997244231053628027439117431640625,Private room,100,1
Confortable espacio,488168010,Queens,Sunnyside,40.7458390999999977566403686068952083587646484375,-73.9197759999999988167473929934203624725341796875,Private room,62,1
"Private bedroom with Private Bath Chinatown, NYC",33867639,Manhattan,Two Bridges,40.71269000000000204408934223465621471405029296875,-73.9951300000000031786839826963841915130615234375,Private room,135,1
"Private Queen bedroom in Chinatown, NYC",33867639,Manhattan,Chinatown,40.71488000000000084810380940325558185577392578125,-73.995350000000001955413608811795711517333984375,Private room,116,1
"Two double beds, New York, Chinatown",33867639,Manhattan,Two Bridges,40.7126999999999981127984938211739063262939453125,-73.9971100000000063801053329370915889739990234375,Private room,145,1
"St.John's Home 4 Medical Professionals - “Syncope""",26377263,Queens,Far Rockaway,40.5979872999999997773556970059871673583984375,-73.75618009999999458159436471760272979736328125,Private room,52,1
Luxury &cozy bedroom Manhattan,377850318,Manhattan,Hell's Kitchen,40.76384999999999791953086969442665576934814453125,-73.9889199999999931378624751232564449310302734375,Private room,231,1
Humongous 10 foot ceiling Bushwick room,131476075,Brooklyn,Bushwick,40.68753000000000241698216996155679225921630859375,-73.9133499999999941110218060202896595001220703125,Private room,59,1
Large Private Room With Three Windows,137129564,Queens,Flushing,40.75233999999999667807060177437961101531982421875,-73.8150700000000057343640946783125400543212890625,Private room,59,1
Queen Charlotte’s in B’klyn  (for 1 guest),37401126,Brooklyn,East Flatbush,40.64141000000000047975845518521964550018310546875,-73.94053999999999859937815926969051361083984375,Private room,130,1
Happy family rent a private room,99665421,Queens,East Elmhurst,40.76270732506373661863108281977474689483642578125,-73.89023972537034978813608177006244659423828125,Private room,61,1
Comfortable SOFA BED in an apt 25 min to manhattan,101736132,Brooklyn,Bushwick,40.69277000000000299451130558736622333526611328125,-73.9159700000000015052137314341962337493896484375,Private room,49,1
"Zen Private Bedroom ~Hamilton Heights, NY",178473107,Manhattan,Harlem,40.829419999999998935891198925673961639404296875,-73.947550000000006775735528208315372467041015625,Private room,160,1
"Snug & Cozy 1 Bedroom -Hamilton Heights, NY",178473107,Manhattan,Harlem,40.8296500000000008867573342286050319671630859375,-73.9466599999999942838257993571460247039794921875,Private room,83,1
"Sunlit, High-Ceiling, Private Bedroom in Brooklyn",43821705,Brooklyn,Crown Heights,40.6751000000000004774847184307873249053955078125,-73.931139999999999190549715422093868255615234375,Private room,143,1
3 Musketeers w/ *Lite Breakfast*,224532641,Brooklyn,Prospect-Lefferts Gardens,40.6595999999999975216269376687705516815185546875,-73.9495299999999957663021632470190525054931640625,Private room,240,1
Zenful City Living!,459440012,Queens,Jackson Heights,40.75509009999999676665538572706282138824462890625,-73.876500999999990426658769138157367706298828125,Private room,72,1
"Charming, cozy house w/ parking",490863611,Bronx,Morris Heights,40.8530999999999977490006131120026111602783203125,-73.913330000000001973603502847254276275634765625,Private room,40,1
Comfortable charming house w/ parking,490863611,Bronx,Morris Heights,40.852159999999997808117768727242946624755859375,-73.9116999999999961801222525537014007568359375,Private room,40,1
Private room close to JFK/LGA,420405708,Queens,Jamaica,40.68688999999999822421159478835761547088623046875,-73.8042200000000008230927051045000553131103515625,Private room,140,1
Lovely  Room!,34404232,Queens,Astoria,40.7614099999999979218046064488589763641357421875,-73.92234999999999445208231918513774871826171875,Private room,64,1
Private room  close to JFK- LGA,420405708,Queens,Jamaica,40.6868199999999973215381032787263393402099609375,-73.8040400000000005320544005371630191802978515625,Private room,140,1
semi private room,490725380,Queens,Glendale,40.69877470000000130312400870025157928466796875,-73.8944850999999971463694237172603607177734375,Private room,49,1
Simply cozy,359911244,Manhattan,Inwood,40.85916999999999887904778006486594676971435546875,-73.927649999999999863575794734060764312744140625,Private room,60,1
Nice cozy and quiet bklyninthe house420 friendly,94214493,Brooklyn,East Flatbush,40.6546799999999990404830896295607089996337890625,-73.9171500000000065710992203094065189361572265625,Private room,150,1
Cozy private bedroom.,402109679,Bronx,Bronxdale,40.85605000000000330828697769902646541595458984375,-73.866410000000001900843926705420017242431640625,Private room,109,1
Queens C Place,156716488,Queens,South Ozone Park,40.66959800000000058162186178378760814666748046875,-73.7932430000000039171936805360019207000732421875,Private room,110,1
Spacious Flatbush Deal w Tanks,459638238,Brooklyn,East Flatbush,40.6452000000000026602720026858150959014892578125,-73.9517599999999930560079519636929035186767578125,Private room,60,1
Cozy and Romantic room 1,490876980,Bronx,Tremont,40.842410000000000991349224932491779327392578125,-73.893609999999995352482073940336704254150390625,Private room,120,1
Queens C Place,156716488,Queens,South Ozone Park,40.6704399999999992587618180550634860992431640625,-73.793599999999997862687450833618640899658203125,Private room,110,1
PrivateRoom |UES|CentralPark |LadyOnly,1784813,Manhattan,Upper East Side,40.78394999999999726014721090905368328094482421875,-73.95274000000000569343683309853076934814453125,Private room,157,1
Cozy/clean room Manhathan.,490325647,Manhattan,Murray Hill,40.7459993711355679124608286656439304351806640625,-73.976390473544597625732421875,Private room,180,1
Financial District  Private Room,127764617,Manhattan,Financial District,40.70837000000000216459739021956920623779296875,-74.005030000000004974936018697917461395263671875,Private room,240,1
Monroe 4-Cozy Room BKLN Downtown,485479101,Brooklyn,Bedford-Stuyvesant,40.685699999999997089616954326629638671875,-73.957999999999998408384271897375583648681640625,Private room,81,1
cozy and romantic room 5,490876980,Bronx,Tremont,40.842410000000000991349224932491779327392578125,-73.893609999999995352482073940336704254150390625,Private room,116,1
cozy and romantic room 3,490876980,Bronx,Tremont,40.842410000000000991349224932491779327392578125,-73.893609999999995352482073940336704254150390625,Private room,116,1
Harlem Bedroom,142904044,Manhattan,Harlem,40.8043499999999994543031789362430572509765625,-73.9549300000000044974513002671301364898681640625,Private room,45,1
Huge MBR with bath-Cozy bed & mattress-New Kitchen,79651295,Queens,Jamaica,40.6787700000000000954969436861574649810791015625,-73.7880300000000062254912336356937885284423828125,Private room,55,1
Private Bedroom in large 2 bedroom 1100sf apt,95038818,Brooklyn,Prospect Heights,40.67685999999999779674908495508134365081787109375,-73.9705900000000013960743672214448451995849609375,Private room,95,1
Cozy Room,27379417,Queens,South Ozone Park,40.66843000000000074578565545380115509033203125,-73.825410000000005084075382910668849945068359375,Private room,85,1
"JFK Queens Home away from Home""House Of Suedajoy#3",175019394,Queens,Jamaica,40.6727681486393208842855528928339481353759765625,-73.7786765419771626284273224882781505584716796875,Private room,60,1
15 Mins to Rockefeller Center!,196476281,Bronx,Concourse Village,40.83053000000000309910319629125297069549560546875,-73.92059000000000423824531026184558868408203125,Private room,100,1
WFH Private Suite  - 5 min to Manhattan,490257632,Brooklyn,Fort Greene,40.69769719591922552126561640761792659759521484375,-73.976578705286129888918367214500904083251953125,Private room,95,1
Clean Crashpad - shower & sleep,490257632,Brooklyn,Fort Greene,40.69561134183830830579609028063714504241943359375,-73.9758740728433537015007459558546543121337890625,Private room,75,1
A Historic District Gem in Jackson Heights,196580929,Queens,Jackson Heights,40.75231999999999743522494100034236907958984375,-73.8869499999999987949195201508700847625732421875,Private room,49,1
"Lovely room with private bathroom, near Manhattan",58234433,Queens,Sunnyside,40.73498000000000018872015061788260936737060546875,-73.9185399999999930287231109105050563812255859375,Private room,63,1
Great private room in NYC 20 min to Manhattan,58234433,Queens,Sunnyside,40.7349200000000024601831682957708835601806640625,-73.9199100000000015597834135405719280242919921875,Private room,41,1
Beautiful room into 3 bedrooms,357452194,Bronx,Claremont Village,40.84031999999999840156306163407862186431884765625,-73.9106699999999960937202558852732181549072265625,Private room,80,1
Modern and cozy room in Brooklyn,197489882,Brooklyn,Prospect-Lefferts Gardens,40.6628400000000027603164198808372020721435546875,-73.954419999999998935891198925673961639404296875,Private room,80,1
Organic Bohemian Pad in Brooklyn,22899202,Brooklyn,Bedford-Stuyvesant,40.68757000000000090267349150963127613067626953125,-73.9211700000000035970515455119311809539794921875,Private room,57,1
Comfortable Private Room in Brooklyn,490237372,Brooklyn,East Flatbush,40.66235139999999859128365642391145229339599609375,-73.92320349999999962165020406246185302734375,Private room,64,1
"Queens, NYC, Free parking, with EV charger",162927656,Queens,Jamaica,40.693229999999999790816218592226505279541015625,-73.8069799999999958117768983356654644012451171875,Private room,93,1
"Queens, NYC, Free parking, with EV ch B1",162927656,Queens,Jamaica,40.69136999999999915189619059674441814422607421875,-73.807109999999994442987372167408466339111328125,Private room,74,1
Beautiful Historic Harlem Townhouse,195693063,Manhattan,Harlem,40.821269999999998390194377861917018890380859375,-73.9487500000000039790393202565610408782958984375,Private room,219,1
Double-bed Room in Bushwick,490244497,Brooklyn,Bushwick,40.68972999999999728970578871667385101318359375,-73.90820999999999685314833186566829681396484375,Private room,110,1
Big private room in Sunnyside NYC 7 min Subway,58234433,Queens,Sunnyside,40.7351699999999965484676067717373371124267578125,-73.9200799999999986766852089203894138336181640625,Private room,43,1
Fun place to indulge,490402176,Brooklyn,Prospect-Lefferts Gardens,40.6626899999999977808329276740550994873046875,-73.9420499999999947249307297170162200927734375,Private room,62,1
Private Studio in Brownstone,2859194,Manhattan,Harlem,40.80871429999999833171386853791773319244384765625,-73.94319070000000237996573559939861297607421875,Private room,300,1
3 Bedroom sweet suite,490636456,Brooklyn,Windsor Terrace,40.65968833855807673671733937226235866546630859375,-73.978575875954021512370673008263111114501953125,Private room,98,1
The East Village Hotel,473479462,Manhattan,East Village,40.72953945521506824434254667721688747406005859375,-73.9852155435888647616593516431748867034912109375,Private room,264,1
"Simple, Cozy Private Room Near Beach & Subway",36234811,Queens,Arverne,40.59154000000000195313987205736339092254638671875,-73.7911600000000049703885451890528202056884765625,Private room,72,1
4 Modern Suites w/ Living Room & Terrace! Parking!,496944100,Manhattan,SoHo,40.71866117023888165249445592053234577178955078125,-73.9995205082025648835042375139892101287841796875,Private room,2015,1
"Industrial room, next to METRO",51913277,Brooklyn,Sunset Park,40.65692944675748066174492123536765575408935546875,-74.0035091359383017106665647588670253753662109375,Private room,64,1
Private Room 815 | shared bath,401202937,Manhattan,Midtown,40.746411378990643470388022251427173614501953125,-73.988470322764698039463837631046772003173828125,Private room,51,1
"Oasis in the Heart of Bed Stuy, Brooklyn",491950794,Brooklyn,Bedford-Stuyvesant,40.6887835295442386041031568311154842376708984375,-73.94752595567280195609782822430133819580078125,Private room,150,1
Pleasant Private Bedroom:  15 min JFK/ 20 min LGA,65031483,Queens,St. Albans,40.697530000000000427462509833276271820068359375,-73.76299000000000205545802600681781768798828125,Private room,75,1
1 room in Brooklyn whole apartment just for you,89158311,Brooklyn,Crown Heights,40.67486808176227697231297497637569904327392578125,-73.952933238943870719594997353851795196533203125,Private room,149,1
"Experience Downtown in The ""Brooklyn Room""",7416563,Brooklyn,Boerum Hill,40.68849000000000160071067512035369873046875,-73.984960000000000945874489843845367431640625,Private room,125,1
Stay in the East Village,4281844,Manhattan,East Village,40.72314000000000078216544352471828460693359375,-73.9817100000000067439032136462628841400146484375,Private room,58,1
"St.Johns Home 4 Medical Professionals -“Phosphene""",26377263,Queens,Far Rockaway,40.5979872999999997773556970059871673583984375,-73.75618009999999458159436471760272979736328125,Private room,61,1
Private Bedroom in Brooklyn Brownstone Near Subway,40176101,Brooklyn,Bedford-Stuyvesant,40.69006999999999862893673707731068134307861328125,-73.9286299999999982901499606668949127197265625,Private room,78,1
Les Bushwick country home,945996,Brooklyn,Bushwick,40.70101200524124607227349770255386829376220703125,-73.9179093372363098524147062562406063079833984375,Private room,101,1
The Residences by Hilton - Studio Premier,475766934,Manhattan,Midtown,40.76225551428940008236168068833649158477783203125,-73.979074156966504460797295905649662017822265625,Private room,504,1
"NYC Near LGA. Trains, Casino Cheap Private Room",480379890,Bronx,Wakefield,40.89986999999999994770405464805662631988525390625,-73.8584000000000031604940886609256267547607421875,Private room,68,1
Bedroom & Private Bathroom in Brooklyn!,199118646,Brooklyn,East Flatbush,40.6473799999999982901499606668949127197265625,-73.950909999999993260644259862601757049560546875,Private room,85,1
Spacious private bedroom in shared apartment!,425355649,Manhattan,Inwood,40.8659057709185589146727579645812511444091796875,-73.9194531279275679480633698403835296630859375,Private room,75,1
Cozy Brownstone Twin Room,11381675,Brooklyn,Crown Heights,40.67084293553624974038029904477298259735107421875,-73.9407983021317676275430130772292613983154296875,Private room,53,1
Newly Cozy Private Suite(C),156952896,Queens,Whitestone,40.77702289999999862857293919660151004791259765625,-73.824560800000000426734914071857929229736328125,Private room,99,1
Full bed in midtown apartment,63189467,Manhattan,Hell's Kitchen,40.76544574132798715027092839591205120086669921875,-73.9855555691118667027694755233824253082275390625,Private room,228,1
Cute Private Rm 15 min JFK/LGA,212881346,Queens,Briarwood,40.70639039783757340273950831033289432525634765625,-73.816284272395705556846223771572113037109375,Private room,55,1
Fantastic_Room_10 MiNs -> Time Square,491198242,Queens,Long Island City,40.74907999999999930196281638927757740020751953125,-73.9475599999999957390173221938312053680419921875,Private room,71,1
Bedroom 10 mins to Times Square!,491198242,Queens,Long Island City,40.74891316200940849512335262261331081390380859375,-73.94700851404485320017556659877300262451171875,Private room,91,1
"Home For Medical Professionals - “Singultus""",26377263,Queens,Far Rockaway,40.5979872999999997773556970059871673583984375,-73.75618009999999458159436471760272979736328125,Private room,52,1
Newly Cozy Private Suite(D),156952896,Queens,Whitestone,40.77702289999999862857293919660151004791259765625,-73.824560800000000426734914071857929229736328125,Private room,158,1
"Cozy room for one JFK, LGA & subway to Manhattan",162142087,Queens,Jamaica,40.6865499999999968849806464277207851409912109375,-73.804339999999996280166669748723506927490234375,Private room,34,1
New York Townhouse Parlor Floor Guest Suite,197826997,Manhattan,East Harlem,40.80668714585315370868556783534586429595947265625,-73.93953386153492601806647144258022308349609375,Private room,98,1
Cozy Room,91741735,Brooklyn,Flatlands,40.63214438746758361276079085655510425567626953125,-73.920686264433243195526301860809326171875,Private room,84,1
Habitación para dos personas,492594506,Queens,Corona,40.74500363193929075578125775791704654693603515625,-73.8582876246742898729280568659305572509765625,Private room,100,1
Amazing Master Bedroom in Historic Brooklyn,21959207,Brooklyn,Prospect Heights,40.67701000000000277623257716186344623565673828125,-73.97118000000000392901711165904998779296875,Private room,96,1
Apartment in the Bronx,19876158,Bronx,Wakefield,40.8907287924154303482282557524740695953369140625,-73.8456871936835028691348270513117313385009765625,Private room,152,1
St.Johns Home 4 Medical Professional-Fasciculation,26377263,Queens,Far Rockaway,40.5979872999999997773556970059871673583984375,-73.75618009999999458159436471760272979736328125,Private room,61,1
Private & Cozy Harlem/Washington Heights Room,126397762,Manhattan,Harlem,40.828969999999998208295437507331371307373046875,-73.93945999999999685314833186566829681396484375,Private room,79,1
Lucky House room three.,500586832,Brooklyn,Cypress Hills,40.67904343630397079323302023112773895263671875,-73.895110281790010731128859333693981170654296875,Private room,40,1
LES Private Room in 3BR Apt,4309521,Manhattan,Lower East Side,40.71961999999999903820935287512838840484619140625,-73.98953000000000201907823793590068817138671875,Private room,60,1
Super cozy atmosphere,433696576,Brooklyn,Bedford-Stuyvesant,40.69166738963907192783153732307255268096923828125,-73.9391832226787499848796869628131389617919921875,Private room,53,1
Spacious room is Park Slope,20192028,Brooklyn,Sunset Park,40.6655200000000007776179700158536434173583984375,-73.9947700000000025966073735617101192474365234375,Private room,55,1
Habitaciones privadas en NYC,222580763,Queens,Jackson Heights,40.75757639999999781821315991692245006561279296875,-73.8621906999999993104211171157658100128173828125,Private room,74,1
"Walker Hotel Tribeca, Cozy King",305738569,Manhattan,Chinatown,40.717661069810873186725075356662273406982421875,-74.00132661468700234763673506677150726318359375,Private room,251,1
"Cozy private room in Brooklyn, NYC.",33746505,Brooklyn,Sheepshead Bay,40.609319999999996753103914670646190643310546875,-73.966980000000006612026481889188289642333984375,Private room,80,1
Hi I’m Drew smoking is allowed,72306726,Brooklyn,Williamsburg,40.709212805938108203918091021478176116943359375,-73.9421711862087249755859375,Private room,66,1
Couples’ Paradise! Free Grab-and-Go Breakfast!,496944100,Manhattan,Midtown,40.74309003579617893819886376149952411651611328125,-73.98664033792721284044091589748859405517578125,Private room,330,1
Modern Room in Huge Apartament in Manhattan,33622924,Manhattan,Harlem,40.8298300000000011777956387959420680999755859375,-73.94805999999999812644091434776782989501953125,Private room,141,1
A private room plus king sofa bed in the living,34876980,Manhattan,Harlem,40.80109999999999814690454513765871524810791015625,-73.956130000000001700755092315375804901123046875,Private room,90,1
Beautiful room near subways,494684035,Queens,Jamaica,40.68956165195788088340123067609965801239013671875,-73.798757318612473454777500592172145843505859375,Private room,40,1
Tranquil Garden Level Apartment,34386255,Brooklyn,Bedford-Stuyvesant,40.68090000000000117097442853264510631561279296875,-73.9552699999999987312548910267651081085205078125,Private room,85,1
"Private Bed, Bath & Patio in prime Williamsburg !",17382149,Brooklyn,Williamsburg,40.71638999999999697365637985058128833770751953125,-73.958380000000005338733899407088756561279296875,Private room,128,1
Bed-Stuy apt with central air,5693024,Brooklyn,Bedford-Stuyvesant,40.6867500000000035242919693700969219207763671875,-73.9449699999999978672349243424832820892333984375,Private room,40,1
Lovely Studio in Flushing/kew Garde,34992043,Queens,Flushing,40.73886999999999858346200198866426944732666015625,-73.8293599999999941019268590025603771209716796875,Private room,75,1
Front bdrm in massive NoLita Loft,3922258,Manhattan,Lower East Side,40.72035000000000337649908033199608325958251953125,-73.9928900000000027148416847921907901763916015625,Private room,100,1
Attic private room #4,481018020,Queens,Jamaica,40.6936883846139920706264092586934566497802734375,-73.8013735140535374057435547001659870147705078125,Private room,52,1
Cozy & Convenient Room in Bed-Stuy,26595479,Brooklyn,Bedford-Stuyvesant,40.681499999999999772626324556767940521240234375,-73.9460299999999932651917333714663982391357421875,Private room,45,1
Room in Historical Crown Heights,33037772,Brooklyn,Crown Heights,40.66756000000000170757630257867276668548583984375,-73.9518699999999995498001226224005222320556640625,Private room,55,1
“纽约之家 ”独立洗手间PrivateBathroom,27673980,Queens,Flushing,40.74537000000000119825926958583295345306396484375,-73.8325200000000023692336981184780597686767578125,Private room,68,1
A room in the dreamland,28722667,Brooklyn,Flatlands,40.623840000000001282387529499828815460205078125,-73.9286799999999999499777914024889469146728515625,Private room,79,1
Pleasant Place Rooms JFK Private Housings Complex,26602392,Queens,Springfield Gardens,40.66228000000000264435584540478885173797607421875,-73.766760000000004993125912733376026153564453125,Private room,86,1
Private room in Hudson yards,34815041,Manhattan,Hell's Kitchen,40.75814120899084258553557447157800197601318359375,-73.9989957951813295267129433341324329376220703125,Private room,205,1
"Home For Medical Professionals - ""Borborygmi""",26377263,Brooklyn,East Flatbush,40.66084000000000031604940886609256267547607421875,-73.934179999999997789927874691784381866455078125,Private room,65,1
纽约之家(Private Bathroom2),27673980,Queens,Flushing,40.74537000000000119825926958583295345306396484375,-73.8325200000000023692336981184780597686767578125,Private room,68,1
Chez Jesse Vacation Spot - Garden,3191371,Manhattan,East Harlem,40.80711999999999761712388135492801666259765625,-73.9389800000000008139977580867707729339599609375,Private room,44,1
4th fl Large Private Room/ Bathroom,29278028,Manhattan,Upper East Side,40.77591000000000320824256050400435924530029296875,-73.9575399999999945066520012915134429931640625,Private room,189,1
Stylish Studio In NYC,29358602,Manhattan,Harlem,40.80613000000000312184056383557617664337158203125,-73.9503299999999939018380246125161647796630859375,Private room,99,1
"Large Room, Hamilton Heights Section of Manhattan",27378293,Manhattan,Harlem,40.827460000000002082742867060005664825439453125,-73.946989999999999554347596131265163421630859375,Private room,300,1
2 large rooms in sunny brownstone,24561040,Brooklyn,Park Slope,40.67846999999999724195731687359511852264404296875,-73.9768499999999988858689903281629085540771484375,Private room,250,1
Private Sunny Room 15min from Manhattan,31621291,Brooklyn,Williamsburg,40.70450000000000301270119962282478809356689453125,-73.9359400000000022146195988170802593231201171875,Private room,65,1
Take a Vacay in New York! Pet-Friendly Unit!,496944100,Manhattan,Midtown,40.74489189921488474510624655522406101226806640625,-73.9876727164586753815456177107989788055419921875,Private room,340,1
"Private room for 4 JFK, LGA, Subway to Manhattan",162142087,Queens,Jamaica,40.686520000000001573425834067165851593017578125,-73.8051600000000007639755494892597198486328125,Private room,100,1
Great and private place to stay in Manhattan!,23719409,Manhattan,Harlem,40.826099999999996725819073617458343505859375,-73.951310000000006539266905747354030609130859375,Private room,80,1
Nice Penthouse very close to Manhattan and airport,163421878,Queens,Sunnyside,40.74192000000000035697667044587433338165283203125,-73.912139999999993733581504784524440765380859375,Private room,55,1
Amazing Room w/workspace - Williamsburg,53821850,Brooklyn,Williamsburg,40.7086800000000010868461686186492443084716796875,-73.9457900000000023510438040830194950103759765625,Private room,68,1
Cozy 2bedroom 5mins fm S I Ferry.,491605940,Staten Island,Tompkinsville,40.62780690000000305417415802367031574249267578125,-74.0850176999999945337549434043467044830322265625,Private room,148,1
Newly Cozy Private Suite(A),156952896,Queens,Whitestone,40.77702289999999862857293919660151004791259765625,-73.824560800000000426734914071857929229736328125,Private room,99,1
Tranquility Stay-cation with private pool,21963202,Queens,Jamaica Estates,40.71757999999999810825102031230926513671875,-73.7865000000000037516656448133289813995361328125,Private room,265,1
Private bedroom in Manhattan Upper East Side,11696537,Manhattan,Upper East Side,40.77974999999999994315658113919198513031005859375,-73.949669999999997571649146266281604766845703125,Private room,114,1
Welcome to my Home,492849680,Brooklyn,Bath Beach,40.6035638000000034253389458172023296356201171875,-74.0096765999999917085006018169224262237548828125,Private room,203,1
Spacious & Private Harlem/Washington Heights Room,126397762,Manhattan,Harlem,40.82827999999999946112438919954001903533935546875,-73.94144000000000005456968210637569427490234375,Private room,79,1
Private Cozy Room in Uptown Manhattan,12062317,Manhattan,Washington Heights,40.84158000000000043883119360543787479400634765625,-73.93855999999999539795680902898311614990234375,Private room,55,1
526 Private room/ shared baths,401202937,Manhattan,Midtown,40.74819174409989130936082801781594753265380859375,-73.9885326274561379022998153232038021087646484375,Private room,52,1
Wondrous One Bedroom,238547463,Queens,Flushing,40.7283569965263012591094593517482280731201171875,-73.8105911654388506804025382734835147857666015625,Private room,60,1
"Great Home & Host, next to #1 train",60163700,Manhattan,Harlem,40.8225800000000020872903405688703060150146484375,-73.953000000000002955857780762016773223876953125,Private room,63,1
LGA CITIFIELD JFK MANHATTAN+TV (RM #4),156948703,Queens,East Elmhurst,40.77132000000000289219315163791179656982421875,-73.8731700000000017780621419660747051239013671875,Private room,54,1
Garden Oasis Suite in bustling,21568299,Queens,Ditmars Steinway,40.77608698727423330865349271334707736968994140625,-73.9067574812483627511028316803276538848876953125,Private room,99,1
Super amazing room,433696576,Brooklyn,Bedford-Stuyvesant,40.69162000000000034560798667371273040771484375,-73.940439999999995279722497798502445220947265625,Private room,53,1
"Comfy room in queens, NY",488997576,Queens,Jamaica,40.69597999999999871079126023687422275543212890625,-73.799229999999994333848007954657077789306640625,Private room,85,1
1 bedroom for rent,463990799,Manhattan,Washington Heights,40.8555790999999999257852323353290557861328125,-73.9377195999999941022906568832695484161376953125,Private room,100,1
the best place to stay,159006650,Bronx,Morrisania,40.828339999999997189661371521651744842529296875,-73.9022800000000046338755055330693721771240234375,Private room,45,1
Home Away From Home!,261952299,Queens,South Ozone Park,40.67175499999999743749867775477468967437744140625,-73.7947079999999999699866748414933681488037109375,Private room,199,1
Pet-friendly Property! 3 Accessible Units!,25138314,Manhattan,Midtown,40.74841545416195032203177106566727161407470703125,-73.987439696237885300433845259249210357666015625,Private room,1097,1
Perfect for Groups of All Sizes! 3 Relaxing Units!,25138314,Manhattan,Midtown,40.74629669097735273908256203867495059967041015625,-73.9859203527875166628291481174528598785400390625,Private room,1105,1
Midtown| up to 4 People | Private Luxury Studio,484277630,Manhattan,Midtown,40.754019721984519719626405276358127593994140625,-73.9817912949172153957988484762609004974365234375,Private room,239,1
"3 Comfortable Units, Short Drive to Central Park!",25138314,Manhattan,Midtown,40.74653932372043385612414567731320858001708984375,-73.987560312962187936136615462601184844970703125,Private room,1105,1
"Private Bath in Chelsea, Safe, Close to All",491797998,Manhattan,Chelsea,40.7488707809491330635864869691431522369384765625,-73.99217602387278702735784463584423065185546875,Private room,98,1
Amazing big room 1 stop from Manhattan,143532846,Queens,Long Island City,40.746979045665597141123726032674312591552734375,-73.94938928270556743882480077445507049560546875,Private room,70,1
Icelandic Farmer,493370318,Manhattan,East Village,40.725214800000003378954716026782989501953125,-73.9733264999999988731360645033419132232666015625,Private room,75,1
“The Quick Get Away” #2,241454071,Bronx,Hunts Point,40.8169095628037865708392928354442119598388671875,-73.8854602861253084711279370822012424468994140625,Private room,53,1
Cozy room for rent,124512705,Brooklyn,Fort Hamilton,40.6180076640852263381020748056471347808837890625,-74.0356744621574449638501391746103763580322265625,Private room,70,1
Cozy Brooklyn Heights Getaway w/ Manhattan Access,11743513,Brooklyn,Brooklyn Heights,40.6906800000000004047251422889530658721923828125,-73.992649999999997589839040301740169525146484375,Private room,130,1
TRYP - Luxury that sleeps 8 - Times Square-Midtown,38592279,Manhattan,Hell's Kitchen,40.75330999999999903593561612069606781005859375,-73.9955499999999943838702165521681308746337890625,Private room,399,1
"STEPS TO LGA, Citifield near manhattan+TV(RM 3)",156948703,Queens,East Elmhurst,40.76908999999999849706000532023608684539794921875,-73.8715499999999991587174008600413799285888671875,Private room,61,1
2 Bedroom Share In Harlem,241674997,Manhattan,East Harlem,40.81075786058075749451745650731027126312255859375,-73.93788138419262168099521659314632415771484375,Private room,210,1
Air mattress in Park Slope,10700613,Brooklyn,Park Slope,40.6775167440274998398308525793254375457763671875,-73.97806143676695000976906158030033111572265625,Private room,35,1
Martha’s Loft,489935910,Brooklyn,Bushwick,40.692738138786836543658864684402942657470703125,-73.905914640591248598866513930261135101318359375,Private room,152,1
Amazing Private Room @Madison Square Garden,167270001,Manhattan,Hell's Kitchen,40.7567499999999967030817060731351375579833984375,-73.9937000000000040245140553452074527740478515625,Private room,110,1
Hotel Room in New York City,491546827,Queens,Long Island City,40.751415100000002667002263478934764862060546875,-73.93511580000000549262040294706821441650390625,Private room,269,1
Sunny room in Sunnyside New York,24600315,Queens,Sunnyside,40.74304000000000058889781939797103404998779296875,-73.9246600000000029240254661999642848968505859375,Private room,89,1
NO CLEANING FEE: Private Room Bronx Hostel Vibe,82889379,Bronx,Woodlawn,40.89865999999999957026375341229140758514404296875,-73.8627000000000037971403799019753932952880859375,Private room,49,1
Central | Charming | Private Hotel Room | King Bed,484277630,Manhattan,Murray Hill,40.749646200000000817453837953507900238037109375,-73.9762764999999973269950714893639087677001953125,Private room,116,1
Clean furnished room with closet,489930689,Manhattan,Harlem,40.828519999999997480699676088988780975341796875,-73.9474799999999987676346790976822376251220703125,Private room,110,1
Lafayette 2 -New Private bedroom,463464923,Brooklyn,Bedford-Stuyvesant,40.69234999999999757847035652957856655120849609375,-73.9356599999999986039256327785551548004150390625,Private room,46,1
Brand New Private Room.Manhattan,484408284,Manhattan,Washington Heights,40.8506900000000001682565198279917240142822265625,-73.93533999999999650754034519195556640625,Private room,85,1
Lafayette 3 -New private bedroom,463464923,Brooklyn,Bedford-Stuyvesant,40.69051999999999935653249849565327167510986328125,-73.935779999999994060999597422778606414794921875,Private room,45,1
"Charming, Clean WestVillage Room",16399971,Manhattan,West Village,40.7347299999999989950083545409142971038818359375,-73.9994200000000006411937647499144077301025390625,Private room,105,1
Friendly cosy place!),491834352,Brooklyn,Sheepshead Bay,40.5974714000000034275217331014573574066162109375,-73.95145800000000235741026699542999267578125,Private room,60,1
Hotel room in New York,19630690,Manhattan,Midtown,40.751806299999998373095877468585968017578125,-73.9910431999999929075784166343510150909423828125,Private room,750,1
A perfect Private living room in  @times square,167270001,Manhattan,Hell's Kitchen,40.7567599999999998772182152606546878814697265625,-73.9936900000000008503775461576879024505615234375,Private room,93,1
Cama Doble a 30 minutos de Times Square,223087887,Queens,Corona,40.7400099999999980582288117147982120513916015625,-73.8645000000000067075234255753457546234130859375,Private room,60,1
"Astoria close JFK, Laguardia Airport, Manhattan",117195769,Queens,Astoria,40.764859999999998763087205588817596435546875,-73.9076400000000006684786058031022548675537109375,Private room,85,1
Lafayette 4 -New Private Bedroom,463464923,Brooklyn,Bedford-Stuyvesant,40.69066000000000116187948151491582393646240234375,-73.9342400000000026238922146148979663848876953125,Private room,45,1
No sharing/Entire 2 bdrm apt private 2 baths Lga,156948703,Queens,East Elmhurst,40.76905000000000001136868377216160297393798828125,-73.873660000000000991349224932491779327392578125,Private room,112,1
*New* Private Room in NYC,429454632,Brooklyn,Prospect-Lefferts Gardens,40.6604099999999988312993082217872142791748046875,-73.9408499999999975216269376687705516815185546875,Private room,58,1
Charming bedroom with huge terrace in Greenpoint,12233355,Brooklyn,Greenpoint,40.7240800000000007230482879094779491424560546875,-73.9400299999999930378180579282343387603759765625,Private room,70,1
Central & Private Room In The Heart of Bushwick,1978551,Brooklyn,Bushwick,40.7012599888208370657594059593975543975830078125,-73.9208277713734247527099796570837497711181640625,Private room,150,1
Large Private Room! 20min to NYC,471369265,Bronx,Throgs Neck,40.82077000000000310819814330898225307464599609375,-73.8075999999999936562744551338255405426025390625,Private room,100,1
Cozy and Comfy Room. 5mins fm S I Ferry.,491605940,Staten Island,Tompkinsville,40.62693999999999761030267109163105487823486328125,-74.0859600000000000363797880709171295166015625,Private room,76,1
"Great private room in Hell’s kitchen
TIMES SQUARE",167270001,Manhattan,Hell's Kitchen,40.7566800000000029058355721645057201385498046875,-73.993390000000005102265276946127414703369140625,Private room,106,1
New Huge Bedroom in East Village,17384869,Manhattan,East Village,40.7304977558878675836240290664136409759521484375,-73.9842787960961203452825429849326610565185546875,Private room,200,1
Cozy & comfy Room. 5mins from S I Ferry.,491605940,Staten Island,Tompkinsville,40.62877999999999900637703831307590007781982421875,-74.085949999999996862243278883397579193115234375,Private room,81,1
"Homey room near LGA & JFK, NY",488997576,Queens,Jamaica,40.69398253968866896457257098518311977386474609375,-73.797679374724481249359087087213993072509765625,Private room,85,1
Sound Proofed Private Theater Studio Event Room,357523705,Manhattan,East Harlem,40.8040799999999990177457220852375030517578125,-73.93855999999999539795680902898311614990234375,Private room,300,1
Cozy Green Room,31305991,Brooklyn,Bushwick,40.69944000000000272621036856435239315032958984375,-73.9194600000000008321876521222293376922607421875,Private room,89,1
Cozy loft in charming apartment w/ private balcony,59281169,Manhattan,East Village,40.73225000000000051159076974727213382720947265625,-73.9908899999999931651473161764442920684814453125,Private room,125,1
Beautiful apt with half kitchen,2347281,Queens,Jackson Heights,40.75475000000000136424205265939235687255859375,-73.89199999999999590727384202182292938232421875,Private room,90,1
Large & Central Private Room In Prime Buskwick,1978551,Brooklyn,Bushwick,40.7031199999999984129317454062402248382568359375,-73.920379999999994424797478131949901580810546875,Private room,150,1
Room in Manhattan next to Columbia University,482351835,Manhattan,Morningside Heights,40.8148838999999981069777277298271656036376953125,-73.9605892999999952053258311934769153594970703125,Private room,85,1
nice home by the beach.,343405281,Queens,Belle Harbor,40.57712000000000074351191869936883449554443359375,-73.8472199999999929787009023129940032958984375,Shared room,975,1
Mott Haven Dorm BB,30509656,Bronx,Port Morris,40.808369999999996480255504138767719268798828125,-73.9318999999999988403942552395164966583251953125,Shared room,22,1
Shared High end Lux shared apartment in Wall st,466380076,Manhattan,Financial District,40.71061999999999869714883971028029918670654296875,-74.00848999999999477950041182339191436767578125,Shared room,370,1
Vernazza Rm.  Superfast Wi-Fi,2787,Brooklyn,Gravesend,40.60508999999999701913111493922770023345947265625,-73.969099999999997407940099947154521942138671875,Shared room,99,1
JFK SHARED Space 6 min away From JFK,232251881,Queens,Jamaica,40.66850000000000164845914696343243122100830078125,-73.7830799999999982219378580339252948760986328125,Shared room,35,1
"Comfy,Cozy Shared Room In Times Square, Manhattan.",16480700,Manhattan,Hell's Kitchen,40.75979000000000240788722294382750988006591796875,-73.9903800000000018144419300369918346405029296875,Shared room,115,1
Mott Haven Dorm 8,484932415,Bronx,Port Morris,40.80953000000000230329533223994076251983642578125,-73.9310100000000005593392415903508663177490234375,Shared room,26,1
Serene and colorful in vibrant NYC,218613116,Manhattan,East Harlem,40.79167000000000342652128892950713634490966796875,-73.9475699999999989131538313813507556915283203125,Shared room,150,1
Económico y hermoso en NYC,222580763,Queens,East Elmhurst,40.7582027681599043944515869952738285064697265625,-73.863242606182183180862921290099620819091796875,Shared room,35,1
Comfortable place in downtown NYC,33205064,Manhattan,Financial District,40.7035699999999991405275068245828151702880859375,-74.0097099999999983310772222466766834259033203125,Shared room,96,1
"La Spezia rm.  Superfast Wi-Fi, clean and quiet.",2787,Brooklyn,Bensonhurst,40.60972000000000292629920295439660549163818359375,-73.976370000000002846718416549265384674072265625,Shared room,99,1
Habitaciones compartidas NY,222580763,Queens,Jackson Heights,40.7565997302477853736490942537784576416015625,-73.8612565525259441301386686973273754119873046875,Shared room,43,1
Haven in the Heights,32788186,Manhattan,Washington Heights,40.8514899999999983037923811934888362884521484375,-73.935800000000000409272615797817707061767578125,Shared room,35,1
Team Meeting Room for 5,425208249,Staten Island,Mariners Harbor,40.62711999999999790134097565896809101104736328125,-74.1623900000000020327206584624946117401123046875,Shared room,99,1
Private Livingroom w/ Daybed,235585976,Brooklyn,East Flatbush,40.6482400000000012596501619555056095123291015625,-73.9190100000000001045918907038867473602294921875,Shared room,36,1
Mott Haven Dorm C,30509656,Bronx,Mott Haven,40.81000999999999834244590601883828639984130859375,-73.9300999999999959300112095661461353302001953125,Shared room,23,1
1 full size bed share apt,484287403,Queens,Jamaica,40.69306999999999874262357479892671108245849609375,-73.7975799999999964029484544880688190460205078125,Shared room,399,1
Comfortable clean quiet place,402257342,Brooklyn,East Flatbush,40.6560186699021386402819189243018627166748046875,-73.9321823956248636022792197763919830322265625,Shared room,152,1
Luxurious Smart Studio at Times Square!,71864149,Manhattan,Hell's Kitchen,40.76001335234020217512806993909180164337158203125,-73.98961729897604300276725552976131439208984375,Shared room,152,1
temporarily closed,157023321,Queens,Long Island City,40.75475999999999743295120424591004848480224609375,-73.938860000000005356923793442547321319580078125,Shared room,50,1
Mott Haven Dorm FF,30509656,Bronx,Port Morris,40.81006000000000000227373675443232059478759765625,-73.9307500000000032969182939268648624420166015625,Shared room,22,1
Quiet and fun area! 20 min to NYC. Clean and Cozy!,142096180,Queens,Astoria,40.7666100000000000136424205265939235687255859375,-73.91455999999999448846210725605487823486328125,Shared room,45,1
30 under 1-roof in MANHATTAN LUXURY. Free Park,71276635,Manhattan,Washington Heights,40.8338600000000013778844731859862804412841796875,-73.942080000000004247340257279574871063232421875,Shared room,1560,1
GETAWAY 4 COUPLES.  Game night. Sleep 5. Free Park,71276635,Manhattan,Washington Heights,40.83529999999999660076355212368071079254150390625,-73.94369000000000369254848919808864593505859375,Shared room,149,1
"Charming Neighborhood, Charming Studio",1538023,Manhattan,Upper West Side,40.7807099999999991268850862979888916015625,-73.9794399999999967576513881795108318328857421875,Shared room,89,1
"Private King Size Room with lock: 
Shared Amenitie",453691658,Queens,Bayswater,40.59868000000000165528035722672939300537109375,-73.76344000000000278305378742516040802001953125,Shared room,235,1
New York Oasis - ENTIRE PLACE,32605338,Manhattan,Upper East Side,40.76921999999999712827047915197908878326416015625,-73.952629999999999199644662439823150634765625,Shared room,125,1
Futon Bed (private hangout),149151114,Manhattan,Harlem,40.81212000000000017507773009128868579864501953125,-73.9518499999999932015271042473614215850830078125,Shared room,75,1
In The Heart Of It All!,294320226,Brooklyn,Bedford-Stuyvesant,40.68636000000000052523319027386605739593505859375,-73.940910000000002355591277591884136199951171875,Shared room,65,1
QUEEN AIR MATTRESS IN A SPACIOUS LIVING ROOM,151578279,Brooklyn,Flatlands,40.63002000000000180079950951039791107177734375,-73.9470000000000027284841053187847137451171875,Shared room,1000,1
Sunset Park Bunkroom 4 (Ladies Only),185013240,Brooklyn,Sunset Park,40.65117000000000047066350816749036312103271484375,-74.0113300000000009504219633527100086212158203125,Shared room,40,1
Manhattan cute sofa bed,53686964,Manhattan,Upper East Side,40.7758400000000023055690689943730831146240234375,-73.952550000000002228262019343674182891845703125,Shared room,63,1
Mott Haven Dorm 3,484932415,Bronx,Port Morris,40.80917000000000172121872310526669025421142578125,-73.9306100000000014915713109076023101806640625,Shared room,25,1
Mott Haven Dorm 4,484932415,Bronx,Port Morris,40.80922000000000338104655384086072444915771484375,-73.930419999999998026396497152745723724365234375,Shared room,25,1
Mott Haven Dorm 2,484932415,Bronx,Port Morris,40.80772999999999939291228656657040119171142578125,-73.930890000000005102265276946127414703369140625,Shared room,25,1
Mott Haven Dorm 5,484932415,Bronx,Port Morris,40.8078799999999972669684211723506450653076171875,-73.9307000000000016370904631912708282470703125,Shared room,26,1
Shared APT curtained room C Midtown,306295899,Manhattan,Chelsea,40.746070000000003119566827081143856048583984375,-73.9910899999999998044586391188204288482666015625,Shared room,55,1
"A BETTA share -Low maintanence guests, e20's  NYC!",27376622,Manhattan,Gramercy,40.737650000000002137312549166381359100341796875,-73.9827499999999957935870043002068996429443359375,Shared room,68,1
Mott Haven Dorm DD,30509656,Bronx,Port Morris,40.80828999999999950887286104261875152587890625,-73.9317800000000033833202905952930450439453125,Shared room,23,1
Team Meetings for 3,425208249,Staten Island,Graniteville,40.62521000000000270802047452889382839202880859375,-74.16235000000000354702933691442012786865234375,Shared room,99,1
"Quite, at last! Quiet guest deserve a quite place!",319622263,Brooklyn,Cobble Hill,40.68806000000000011596057447604835033416748046875,-73.9966199999999929559635347686707973480224609375,Shared room,149,1
Cozy loft bed,228250502,Manhattan,Gramercy,40.73676999999999992496668710373342037200927734375,-73.982339999999993551682564429938793182373046875,Shared room,91,1
NEW Private room near JFK with king bed!,201757076,Queens,Jamaica,40.69796000000000191221261047758162021636962890625,-73.7957799999999934925654088146984577178955078125,Shared room,83,1
"Cama para Mujer Turista, en Habitación Compartida.",401937392,Queens,Jackson Heights,40.754559999999997899067238904535770416259765625,-73.8932999999999964302332955412566661834716796875,Shared room,35,1
Lovely Space near Every Single Hot Spot in NYC!,10712727,Manhattan,Harlem,40.8068099999999986948751029558479785919189453125,-73.950569999999999026840669102966785430908203125,Shared room,75,1
The Cuddle Couch,149151114,Manhattan,Harlem,40.81217709235851742732847924344241619110107421875,-73.9536466402051928525906987488269805908203125,Shared room,65,1
Una Cama en Apartamento Femenino cerca a Manhattan,401937392,Queens,Corona,40.73893000000000341742634191177785396575927734375,-73.8629700000000042336978367529809474945068359375,Shared room,30,1
"Cama superior en Queens, JH",485492389,Queens,Jackson Heights,40.75424005819240136361258919350802898406982421875,-73.8930388432744251758776954375207424163818359375,Shared room,30,1
Upper Bunk SEMI-Private Loft with a Safe,386408403,Queens,Jackson Heights,40.74922000000000110730979940854012966156005859375,-73.8775299999999930378180579282343387603759765625,Shared room,32,1
Lower Bunk Semi-Private Loft with a Safe,386408403,Queens,Jackson Heights,40.75051924949722348401337512768805027008056640625,-73.875673874359421233748435042798519134521484375,Shared room,49,1
Mott Haven Dorm HH,30509656,Bronx,Port Morris,40.80848999999999904275682638399302959442138671875,-73.9318899999999956662577460519969463348388671875,Shared room,22,1
"Marvelous  Queen Size & Twin Bed in Elmhurst, NY",440921674,Queens,Elmhurst,40.732349999999996725819073617458343505859375,-73.8854999999999932924765744246542453765869140625,Shared room,104,1
Pvt Luxury Duplex 12. Largest space NYC. 2 Kitchen,71276635,Manhattan,Washington Heights,40.83395999999999759211277705617249011993408203125,-73.943700000000006866684998385608196258544921875,Shared room,429,1
Gorgous  bedroom with a cloud TempurPedic Bed,52062343,Bronx,Bronxdale,40.85602999999999696001395932398736476898193359375,-73.865170000000006211848813109099864959716796875,Shared room,50,1
Mott Haven Dorm JJ,30509656,Bronx,Mott Haven,40.80984000000000122554411063902080059051513671875,-73.9299199999999956389729049988090991973876953125,Shared room,20,1
Lovely two bedroom apartments,466889396,Brooklyn,East New York,40.6608949000000023943357518874108791351318359375,-73.8872387999999915564330876804888248443603515625,Shared room,247,1
Lovely room,24146326,Queens,Astoria,40.7664199999999965484676067717373371124267578125,-73.93000000000000682121026329696178436279296875,Shared room,560,1
Comfy room,24146326,Queens,Astoria,40.766379999999998062776285223662853240966796875,-73.9312599999999946476236800663173198699951171875,Shared room,480,1
Beautiful and inexpensive NY,222580763,Queens,East Elmhurst,40.75800784440465207580928108654916286468505859375,-73.861339959113962549963616766035556793212890625,Shared room,40,1
Mott Haven Dorm F,30509656,Bronx,Port Morris,40.80792000000000285808710032142698764801025390625,-73.9298900000000003274180926382541656494140625,Shared room,23,1
Mott Haven Dorm CC,30509656,Bronx,Port Morris,40.8079699999999974124875734560191631317138671875,-73.9302100000000024238033802248537540435791015625,Shared room,23,1
Mott Haven Dorm B,30509656,Bronx,Port Morris,40.81009000000000241925590671598911285400390625,-73.93121999999999616193235851824283599853515625,Shared room,23,1
Event Space in the East Village,74338125,Manhattan,East Village,40.7263599999999996725819073617458343505859375,-73.986729999999994333848007954657077789306640625,Shared room,650,1
1 Cama/Living-Apartamento Femenino (Women Only),401937392,Queens,Corona,40.73798000000000030240698833949863910675048828125,-73.8636929999999978235791786573827266693115234375,Shared room,35,1
(Private room) two bedroom apt shared unit space,466611558,Queens,Fresh Meadows,40.7316330000000021982486941851675510406494140625,-73.7840743000000003348759491927921772003173828125,Shared room,115,1
Cama inferior para mujer. Queens,485492389,Queens,Jackson Heights,40.75473504857124140698942937888205051422119140625,-73.892735316902104614200652576982975006103515625,Shared room,45,1
"Shared Room, Sofa Cama para mujeres en Queens",223087887,Queens,Corona,40.7385900000000020781953935511410236358642578125,-73.862629999999995789039530791342258453369140625,Shared room,30,1
Livin Lyk Jesus,489634031,Brooklyn,East Flatbush,40.6344100000000025829649530351161956787109375,-73.9454999999999955662133288569748401641845703125,Shared room,55,1
Mott Haven Dorms 9,484932415,Bronx,Port Morris,40.80998836305985122407946619205176830291748046875,-73.9317012394945294317949446849524974822998046875,Shared room,25,1
Mott Haven Dorms 10,484932415,Bronx,Port Morris,40.808729999999997062332113273441791534423828125,-73.93157999999999674400896765291690826416015625,Shared room,25,1
"Living room sofa bed, close to LGA/JFK/subway",40711894,Queens,Elmhurst,40.73995000000000032969182939268648624420166015625,-73.8892799999999994042809703387320041656494140625,Shared room,56,1
Brooklyn Castle,496474632,Brooklyn,Flatbush,40.65228979999999836536517250351607799530029296875,-73.9594479999999947494870866648852825164794921875,Shared room,138,1
Room,195059863,Bronx,Wakefield,40.9003799999999984038367983885109424591064453125,-73.8525499999999937017491902224719524383544921875,Shared room,300,1
Spacious triplex studio on Upper West Side,207562173,Manhattan,Upper West Side,40.7796799999999990404830896295607089996337890625,-73.9800800000000009504219633527100086212158203125,Shared room,50,1
Sofa bed/pull out couch in Living Room,126397762,Manhattan,Washington Heights,40.8304499999999990222931955941021442413330078125,-73.9399499999999960664354148320853710174560546875,Shared room,29,1
Living room with sofa and futon.,347719349,Bronx,Van Nest,40.84780498513436697294309851713478565216064453125,-73.863511718809604644775390625,Shared room,36,1
Conference Room Space for up to 8,425208249,Staten Island,Graniteville,40.62559999999999860165189602412283420562744140625,-74.1607900000000057616489357315003871917724609375,Shared room,99,1
Mott Haven Dorm 6,484932415,Bronx,Port Morris,40.80830999999999875171852181665599346160888671875,-73.930440000000004374669515527784824371337890625,Shared room,26,1
"2 Twin Beds in My living Room, NextDoor Subway",20044978,Brooklyn,Bedford-Stuyvesant,40.68782999999999816509443917311728000640869140625,-73.9592099999999987858245731331408023834228515625,Shared room,30,1
Modern Apartment Prospect Heights,5023498,Brooklyn,Crown Heights,40.67911000000000143472789204679429531097412109375,-73.9608999999999952024154481478035449981689453125,Shared room,54,1
LOVE MY ROOM 1 with air conditioner,210040180,Queens,Jamaica,40.6792200000000008230927051045000553131103515625,-73.790919999999999845385900698602199554443359375,Shared room,41,1
☆1Cama Superior en Habitación Femenina(Only Women),401937392,Queens,Corona,40.7390299999999996316546457819640636444091796875,-73.8647799999999961073626764118671417236328125,Shared room,33,1
Attic bedroom,208610094,Brooklyn,Flatlands,40.62939000000000078216544352471828460693359375,-73.92225999999999430656316690146923065185546875,Shared room,34,1
1 Cama en Departamento Femenino (Women Only),401937392,Queens,Corona,40.7387599999999991950971889309585094451904296875,-73.86290999999999939973349682986736297607421875,Shared room,30,1
♡1 Bed in Cozy and Clean Shared Room for Ladies✔,223087887,Queens,Corona,40.73875000000000312638803734444081783294677734375,-73.8641999999999967485564411617815494537353515625,Shared room,33,1
Sunset Park Bunkroom 3 (Ladies Only),185013240,Brooklyn,Sunset Park,40.6496268707414429854907211847603321075439453125,-74.009977587550935140825458802282810211181640625,Shared room,40,1
HP Comfy stay near LGA-airport US OPEN & 7 train,32446721,Queens,Corona,40.74763999999999697365637985058128833770751953125,-73.8653800000000018144419300369918346405029296875,Shared room,65,1
Comfy “SOFA bed” near LGA airport (shared space),32446721,Queens,Corona,40.7477999999999980218490236438810825347900390625,-73.863529999999997244231053628027439117431640625,Shared room,60,1
5mins to graham Station/Spacious Chic Private Room,124458490,Brooklyn,Williamsburg,40.7179000000000002046363078989088535308837890625,-73.9448100000000039244696381501853466033935546875,Shared room,90,1
1 Cama para Mujer/Habitación 2 Camas (Women Only),401937392,Queens,Corona,40.7368900000000024874680093489587306976318359375,-73.863200000000006184563972055912017822265625,Shared room,35,1
Mott Haven Dorm 12,484932415,Bronx,Mott Haven,40.8102161979510213996036327444016933441162109375,-73.9304687876937833834745106287300586700439453125,Shared room,25,1
HP US open & Citi-field  LGA airport Special!,32446721,Queens,Corona,40.748390000000000554791768081486225128173828125,-73.863280000000003155946615152060985565185546875,Shared room,65,1
shared space with Great location!!,43719073,Brooklyn,Sheepshead Bay,40.5999699999999990041033015586435794830322265625,-73.95629999999999881765688769519329071044921875,Shared room,38,1
Nice Upper East Side Private Cozy Space,211502642,Manhattan,East Harlem,40.78553000000000139380063046701252460479736328125,-73.9442399999999935289451968856155872344970703125,Shared room,156,1
Modern Shared Place in Melrose,373916913,Bronx,Morrisania,40.82791999999999887904778006486594676971435546875,-73.9115100000000069258021540008485317230224609375,Shared room,80,1
Hermoso y económico,222580763,Queens,Jackson Heights,40.7565299999999979263520799577236175537109375,-73.8615300000000019053914002142846584320068359375,Shared room,50,1
room In Astoria Queens,42081806,Queens,Astoria,40.77499999999999857891452847979962825775146484375,-73.9293799999999947658579912967979907989501953125,Shared room,70,1
1 Cama a 30 minutos Times Square,223087887,Queens,Corona,40.7404367338647119822780950926244258880615234375,-73.8647407904661719157957122661173343658447265625,Shared room,35,1
Gay Friendly,6503950,Brooklyn,Flatbush,40.63701999999999969759301166050136089324951171875,-73.9578699999999997771737980656325817108154296875,Shared room,50,1
Amazing “SOFA BED” available Citi-Field & US OPEN!,32446721,Queens,Corona,40.74786000000000285581336356699466705322265625,-73.865260000000006357367965392768383026123046875,Shared room,61,1
Couch with memory foam topper for one in Brooklyn,31378,Brooklyn,Crown Heights,40.672820000000001527951098978519439697265625,-73.9609899999999953479346004314720630645751953125,Shared room,52,1
♡1 Bed in a Living Room/Queens(Only Ladies),223087887,Queens,Corona,40.7389399999999994861354934982955455780029296875,-73.863370000000003301465767435729503631591796875,Shared room,30,1
☆1 Cama para una Mujer en Habitación de Tres Camas,401937392,Queens,Corona,40.73843000000000103000274975784122943878173828125,-73.864879999999999427018337883055210113525390625,Shared room,33,1
Hermoso apartamento (habitaciones compartidas),222580763,Queens,East Elmhurst,40.7587299999999999045030563138425350189208984375,-73.8632999999999952933649183250963687896728515625,Shared room,44,1
Sala convertible a habitación para turistas en NYC,485492389,Queens,Jackson Heights,40.75278999999999740566636319272220134735107421875,-73.8926799999999985857357387430965900421142578125,Shared room,32,1
Artist apartment in LIC,51260506,Queens,Long Island City,40.74705999999999761485014460049569606781005859375,-73.9480300000000028148861019872128963470458984375,Shared room,1250,1
Cozy & Relax LLC,92610445,Brooklyn,East New York,40.66852000000000089130480773746967315673828125,-73.8747599999999948749973555095493793487548828125,Shared room,90,1
New York Cozy bed near 7 train & US open,90835843,Queens,Corona,40.74864500000000333557181875221431255340576171875,-73.864212100000003147215466015040874481201171875,Shared room,65,1
"Safe, clean, quiet room MEN ONLY",450923110,Bronx,Port Morris,40.80648244018525616638726205565035343170166015625,-73.926732793159970924534718506038188934326171875,Shared room,36,1
Cozy Shared Room-Students Welcome-Times Square-NYC,16480700,Manhattan,Hell's Kitchen,40.7599900000000019417711882852017879486083984375,-73.9923600000000050158632802776992321014404296875,Shared room,138,1
"Hermoso, cómodo y económico apartamento. Queens NY",222580763,Queens,East Elmhurst,40.7586299999999965848473948426544666290283203125,-73.862920000000002573870006017386913299560546875,Shared room,50,1
Cheerful Room Sleeps 3 People Complementary WiFi,51351678,Queens,Springfield Gardens,40.6631100000000031968738767318427562713623046875,-73.7704899999999952342477627098560333251953125,Shared room,99,1
"Duplex, Patio for Family. Luxury. Sleeps 10-12.",71276635,Manhattan,Washington Heights,40.8340299999999984947862685658037662506103515625,-73.9434499999999985675458447076380252838134765625,Shared room,449,1
Sunset Park Bunkroom 1 (Ladies Only),185013240,Brooklyn,Sunset Park,40.64995965579196735006917151622474193572998046875,-74.010861434539236825003172270953655242919921875,Shared room,40,1
Sunset Park Bunkroom 2 (Ladies Only),185013240,Brooklyn,Sunset Park,40.6505075676424638686512480489909648895263671875,-74.0091880527136112277730717323720455169677734375,Shared room,40,1
Nice 1 Bedroom in Jamaica Queens,259271575,Queens,Jamaica,40.67779999999999773763192933984100818634033203125,-73.7891900000000049431037041358649730682373046875,Shared room,40,1
Couch to crash for JFK Layover Guest,232251881,Queens,Springfield Gardens,40.66653000000000162117430591024458408355712890625,-73.782880000000005793481250293552875518798828125,Shared room,26,1
Cama Superior en Habitación Compartida Femenina,401937392,Queens,Jackson Heights,40.753666600000002517845132388174533843994140625,-73.89373979999999164647306315600872039794921875,Shared room,30,1
Nice area and quiet.,46638457,Queens,Sunnyside,40.7383999999999986130205797962844371795654296875,-73.92986999999999397914507426321506500244140625,Shared room,40,1
Testtttting,51787368,Manhattan,Midtown,40.7530900000000002592059900052845478057861328125,-73.9780700000000024374458007514476776123046875,Shared room,1111,1
Stylish room uptown NYC. No cleaning fee. 🍷🌳🐶,143627644,Manhattan,Inwood,40.86713999999999913370629656128585338592529296875,-73.9262599999999991950971889309585094451904296875,Shared room,150,1
Esteem's Place,141615596,Bronx,Parkchester,40.8381499999999988403942552395164966583251953125,-73.8584900000000033060132409445941448211669921875,Shared room,45,1
Cozy Private BedRoom- Flatbush,355600793,Brooklyn,Flatlands,40.6237832888608778603156679309904575347900390625,-73.9376890234789954092775587923824787139892578125,Shared room,64,1
Espacio acogedor ideal para conocer áreas de NY,194196062,Queens,Flushing,40.76118999999999914507498033344745635986328125,-73.8041300000000006775735528208315372467041015625,Shared room,95,1
"BUDGET “SOFA bed"" SHARED SPACE NEXT TO LGA AIRPORT",32446721,Queens,Corona,40.7491600000000033787728170864284038543701171875,-73.8651899999999983492671162821352481842041015625,Shared room,60,1
Contemporary Two bedroom shared,484287403,Queens,Jamaica,40.69098999999999932697392068803310394287109375,-73.798550000000005866240826435387134552001953125,Shared room,419,1
"Habitación compartida en NYC, cama inferior",485492389,Queens,East Elmhurst,40.75484999999999757847035652957856655120849609375,-73.8931999999999931105776340700685977935791015625,Shared room,52,1
"Amazing views, comfortable, affordable",2050954,Queens,Jamaica,40.69895999999999958163243718445301055908203125,-73.80675999999999703504727222025394439697265625,Shared room,36,1
"Cama inferior en habitación compartida, en Queens.",485492389,Queens,Jackson Heights,40.75276999999999816282070241868495941162109375,-73.894270000000005893525667488574981689453125,Shared room,36,1
Living close to Times Square!,223087887,Queens,Corona,40.73852000000000117552190204150974750518798828125,-73.8645900000000068530425778590142726898193359375,Shared room,30,1
Mott Haven Dorm 7,484932415,Bronx,Port Morris,40.8093300000000027694113668985664844512939453125,-73.9306399999999968031261232681572437286376953125,Shared room,26,1
Shared space “TWIN bed” 5 mins TO LGA AIRPORT,32446721,Queens,Corona,40.74954999999999927240423858165740966796875,-73.863020000000005893525667488574981689453125,Shared room,65,1
Cozy Shack-1 Bedroom Studio with Sofa/Full kitchen,440921674,Queens,Elmhurst,40.73033000000000214413375942967832088470458984375,-73.885729999999995243342709727585315704345703125,Shared room,93,1
Beautiful Shared Apartment in Harlem!,16237288,Manhattan,Harlem,40.81094999999999828332875040359795093536376953125,-73.94540000000000645741238258779048919677734375,Shared room,70,1
Acogedora casa en Queens,400790971,Queens,Jackson Heights,40.75486876801458180352710769511759281158447265625,-73.88043276965618133544921875,Shared room,94,1
Jfk 6 min away bed in SHARED SPACE,232251881,Queens,Springfield Gardens,40.666730000000001155058271251618862152099609375,-73.78314000000000305590219795703887939453125,Shared room,31,1
Yaya's Family Friendly Queens Vacation Apartment,87326432,Queens,Little Neck,40.773650000000003501554601825773715972900390625,-73.743030000000004520188667811453342437744140625,Shared room,225,1
"Sunny, Quiet, Open Space Uptown",32924087,Manhattan,Washington Heights,40.83460000000000178488335222937166690826416015625,-73.940820000000002210072125308215618133544921875,Shared room,63,1
NY habitaciones compartidas,222580763,Queens,Jackson Heights,40.75734918419889396545841009356081485748291015625,-73.863259501384078475894057191908359527587890625,Shared room,40,1
A Cosy Couch In East Williamsburg Near Train.,31621291,Brooklyn,Williamsburg,40.70656999999999925421434454619884490966796875,-73.9366399999999970304997987113893032073974609375,Shared room,45,1
Private Room for 2,4311832,Brooklyn,Red Hook,40.6795290000000022700987756252288818359375,-74.0101279000000005225956556387245655059814453125,Shared room,70,1
"Quick stay ""Couch"" walk to CITIFIELD & LGA airport",32446721,Queens,Corona,40.74960999999999700094122090376913547515869140625,-73.864630000000005338733899407088756561279296875,Shared room,60,1
🍄UNIQUE ART 🏡dormitory GUEST HOUSE,1267556,Brooklyn,Flatbush,40.64063999999999765577740618027746677398681640625,-73.9616390000000052395989769138395786285400390625,Shared room,41,1
Creative Space  Music House NYC (Futon ),149151114,Manhattan,Harlem,40.8138000000000005229594535194337368011474609375,-73.9525900000000007139533408917486667633056640625,Shared room,70,1
Affordable share in Midtown West area,3664485,Manhattan,Hell's Kitchen,40.76592000000000126647137221880257129669189453125,-73.99290999999999485225998796522617340087890625,Shared room,35,1
A cozy room away from home,484178441,Brooklyn,Flatlands,40.6255726000000123576683108694851398468017578125,-73.9434790999999904670403338968753814697265625,Shared room,65,1
Jumbo Bean Bag (Art/House),149151114,Manhattan,Harlem,40.81390999999999991132426657713949680328369140625,-73.953249999999997044142219237983226776123046875,Shared room,50,1
Surya Sound Temple,31683042,Brooklyn,Bushwick,40.70566000000000173031367012299597263336181640625,-73.9186600000000026966517907567322254180908203125,Shared room,88,1
Mott Haven Dorm EE,30509656,Bronx,Port Morris,40.80892999999999659621607861481606960296630859375,-73.9311100000000038789949030615389347076416015625,Shared room,23,1
Central park cheap sofa bed,214135354,Manhattan,Upper East Side,40.77752000000000265345079242251813411712646484375,-73.953360000000003537934389896690845489501953125,Shared room,62,1
Mott Haven Dorms 11,484932415,Bronx,Port Morris,40.8103761308392023465785314328968524932861328125,-73.930937347186301167312194593250751495361328125,Shared room,25,1
Large Sofa in Artist's Apartment,41393276,Brooklyn,Flatbush,40.63951999999999742385625722818076610565185546875,-73.9646699999999981400833348743617534637451171875,Shared room,40,1
Lovely condo in Queens!,199341999,Queens,Flushing,40.76668000000000091631591203622519969940185546875,-73.8173799999999999954525264911353588104248046875,Shared room,59,1
"☆ 1 Single Bed, Shared Dorm Female 3 Beds",401937392,Queens,Corona,40.73798000000000030240698833949863910675048828125,-73.8636929999999978235791786573827266693115234375,Shared room,33,1
NY “emergency twin bed” for coffee shower and go!,32446721,Queens,Corona,40.74768000000000256477505899965763092041015625,-73.863290000000006330083124339580535888671875,Shared room,120,1
Cozy Central park express spot,32368779,Manhattan,Upper West Side,40.7771625813706606322739389725029468536376953125,-73.9764617825685064644858357496559619903564453125,Shared room,131,1
NY Shared rooms,222580763,Queens,East Elmhurst,40.75838075048108066766872070729732513427734375,-73.8628771130841101921760127879679203033447265625,Shared room,47,1
Mott Haven Dorm A,484932415,Bronx,Port Morris,40.8084381335805943535888218320906162261962890625,-73.9301371164030598492900026030838489532470703125,Shared room,26,1
"UWS Apartment, 1 block from Central Park",7752638,Manhattan,Upper West Side,40.7857800000000025875124265439808368682861328125,-73.9720300000000037243808037601411342620849609375,Shared room,66,1
Event Space in the East Village,2495677,Manhattan,East Village,40.72728000000000037061909097246825695037841796875,-73.986750000000000682121026329696178436279296875,Shared room,200,1
"Sofa for simple travelers in the heart of Midtown,",148470827,Manhattan,Kips Bay,40.7437853897218502652322058565914630889892578125,-73.98105919361114501953125,Shared room,97,1
Mott Haven Dorm 1,484932415,Bronx,Port Morris,40.80787000000000119825926958583295345306396484375,-73.930890000000005102265276946127414703369140625,Shared room,25,1
Mott Haven Dorm AA,30509656,Bronx,Port Morris,40.80912000000000006139089236967265605926513671875,-73.93094999999999572537490166723728179931640625,Shared room,23,1
Cama superior para mujeres en NY,485492389,Queens,Jackson Heights,40.7527121629246522616085712797939777374267578125,-73.8934599659382769232252030633389949798583984375,Shared room,54,1
Shared studio apartment!,371329980,Queens,Long Island City,40.74873000000000189402271644212305545806884765625,-73.9417399999999958026819513179361820220947265625,Shared room,48,1
"Up in the clouds in Manhattan, NYC!",59351143,Manhattan,Hell's Kitchen,40.76563903729720550472848117351531982421875,-73.99491547342887542981770820915699005126953125,Shared room,125,1
Best Location! Near Times Sq Javits Ctr Penn Sta,15679125,Manhattan,Hell's Kitchen,40.75493000000000165528035722672939300537109375,-73.9926999999999992496668710373342037200927734375,Shared room,106,1
"$1,045 - 155 Central Avenue#3B",253353272,Brooklyn,Bushwick,40.698148211783291117171756923198699951171875,-73.927807446763154075597412884235382080078125,Shared room,42,1
